date,ticker,actual,predicted,confidence_score,hit_miss,model_name,target_name,technical_state_summary,news_sentiment_summary,benchmark_strength_summary,explanation
2024-08-28,BRK-B,1,1.0,0.7769861780345375,hit,logistic_regression,target_5d_updown,"Technical state looks mixed. RSI is elevated near 75.5, so chasing strength may add risk. MACD remains on the bullish side.",No recent matched news was found for this ticker/date.,Relative strength versus the benchmark looked mixed. 1-month excess return 2.27%; 3-month excess return 8.89%.,"Model view: the setup leaned constructive. Confidence was around 78%. Technical state looks mixed. RSI is elevated near 75.5, so chasing strength may add risk. MACD remains on the bullish side. No recent matched news was found for this ticker/date. Relative strength versus the benchmark looked mixed. 1-month excess return 2.27%; 3-month excess return 8.89%."
2024-08-29,BRK-B,0,0.0,0.5195347520038333,hit,logistic_regression,target_5d_updown,"Technical state looks mixed. RSI is elevated near 77.3, so chasing strength may add risk. MACD remains on the bullish side.",No recent matched news was found for this ticker/date.,Relative strength versus the benchmark looked mixed. 1-month excess return 5.37%; 3-month excess return 7.80%.,"Model view: the setup leaned cautious. Confidence was around 52%. Technical state looks mixed. RSI is elevated near 77.3, so chasing strength may add risk. MACD remains on the bullish side. No recent matched news was found for this ticker/date. Relative strength versus the benchmark looked mixed. 1-month excess return 5.37%; 3-month excess return 7.80%."
2024-08-30,BRK-B,0,0.0,0.5824206341480971,hit,logistic_regression,target_5d_updown,"Technical state looks mixed. RSI is elevated near 80.5, so chasing strength may add risk. MACD remains on the bullish side.",No recent matched news was found for this ticker/date.,Relative strength versus the benchmark looked mixed. 1-month excess return 6.41%; 3-month excess return 7.95%.,"Model view: the setup leaned cautious. Confidence was around 58%. Technical state looks mixed. RSI is elevated near 80.5, so chasing strength may add risk. MACD remains on the bullish side. No recent matched news was found for this ticker/date. Relative strength versus the benchmark looked mixed. 1-month excess return 6.41%; 3-month excess return 7.95%."
2024-09-03,BRK-B,0,1.0,0.5952774525117664,miss,logistic_regression,target_5d_updown,"Technical state looks mixed. RSI is elevated near 80.9, so chasing strength may add risk. MACD remains on the bullish side. Volatility is relatively contained at roughly 10.2%.",No recent matched news was found for this ticker/date.,Relative strength versus the benchmark looked mixed. 1-month excess return 7.71%; 3-month excess return 10.34%.,"Model view: the setup leaned constructive. Confidence was around 60%. Technical state looks mixed. RSI is elevated near 80.9, so chasing strength may add risk. MACD remains on the bullish side. Volatility is relatively contained at roughly 10.2%. No recent matched news was found for this ticker/date. Relative strength versus the benchmark looked mixed. 1-month excess return 7.71%; 3-month excess return 10.34%."
2024-09-04,BRK-B,0,1.0,0.9085725170570558,miss,logistic_regression,target_5d_updown,"Technical state looks mixed. RSI is elevated near 81.5, so chasing strength may add risk. MACD remains on the bullish side. Volatility is relatively contained at roughly 9.0%.",No recent matched news was found for this ticker/date.,Relative strength versus the benchmark looked mixed. 1-month excess return 9.13%; 3-month excess return 12.63%.,"Model view: the setup leaned constructive. Confidence was around 91%. Technical state looks mixed. RSI is elevated near 81.5, so chasing strength may add risk. MACD remains on the bullish side. Volatility is relatively contained at roughly 9.0%. No recent matched news was found for this ticker/date. Relative strength versus the benchmark looked mixed. 1-month excess return 9.13%; 3-month excess return 12.63%."
2024-09-05,BRK-B,0,1.0,0.9962472573395028,miss,logistic_regression,target_5d_updown,Technical state looks mixed. RSI is in a steady zone near 62.7. MACD remains on the bullish side.,No recent matched news was found for this ticker/date.,Relative strength versus the benchmark looked mixed. 1-month excess return 4.90%; 3-month excess return 10.69%.,Model view: the setup leaned constructive. Confidence was around 100%. Technical state looks mixed. RSI is in a steady zone near 62.7. MACD remains on the bullish side. No recent matched news was found for this ticker/date. Relative strength versus the benchmark looked mixed. 1-month excess return 4.90%; 3-month excess return 10.69%.
2024-09-06,BRK-B,0,1.0,0.999937780454342,miss,logistic_regression,target_5d_updown,Technical state looks mixed. RSI is in a steady zone near 57.0. MACD remains on the bullish side.,No recent matched news was found for this ticker/date.,Relative strength versus the benchmark looked mixed. 1-month excess return 3.38%; 3-month excess return 10.70%.,Model view: the setup leaned constructive. Confidence was around 100%. Technical state looks mixed. RSI is in a steady zone near 57.0. MACD remains on the bullish side. No recent matched news was found for this ticker/date. Relative strength versus the benchmark looked mixed. 1-month excess return 3.38%; 3-month excess return 10.70%.
2024-09-09,BRK-B,0,1.0,0.9998070602332364,miss,logistic_regression,target_5d_updown,Technical state looks mixed. RSI is in a steady zone near 57.2. MACD remains on the bearish side.,No recent matched news was found for this ticker/date.,Relative strength versus the benchmark looked mixed. 1-month excess return 3.53%; 3-month excess return 8.76%.,Model view: the setup leaned constructive. Confidence was around 100%. Technical state looks mixed. RSI is in a steady zone near 57.2. MACD remains on the bearish side. No recent matched news was found for this ticker/date. Relative strength versus the benchmark looked mixed. 1-month excess return 3.53%; 3-month excess return 8.76%.
2024-09-10,BRK-B,0,1.0,0.9999721934569231,miss,logistic_regression,target_5d_updown,Technical state looks mixed. RSI is in a steady zone near 56.4. MACD remains on the bearish side.,No recent matched news was found for this ticker/date.,Relative strength versus the benchmark looked mixed. 1-month excess return 3.36%; 3-month excess return 9.30%.,Model view: the setup leaned constructive. Confidence was around 100%. Technical state looks mixed. RSI is in a steady zone near 56.4. MACD remains on the bearish side. No recent matched news was found for this ticker/date. Relative strength versus the benchmark looked mixed. 1-month excess return 3.36%; 3-month excess return 9.30%.
2024-09-11,BRK-B,1,1.0,0.9999509434922201,hit,logistic_regression,target_5d_updown,Technical state looks mixed. RSI is in a steady zone near 50.4. MACD remains on the bearish side.,No recent matched news was found for this ticker/date.,Relative strength versus the benchmark looked mixed. 1-month excess return 1.32%; 3-month excess return 7.69%.,Model view: the setup leaned constructive. Confidence was around 100%. Technical state looks mixed. RSI is in a steady zone near 50.4. MACD remains on the bearish side. No recent matched news was found for this ticker/date. Relative strength versus the benchmark looked mixed. 1-month excess return 1.32%; 3-month excess return 7.69%.
2024-09-12,BRK-B,1,1.0,0.9999957462690993,hit,logistic_regression,target_5d_updown,Technical state looks mixed. MACD remains on the bearish side.,No recent matched news was found for this ticker/date.,Relative strength versus the benchmark looked mixed. 1-month excess return 1.13%; 3-month excess return 7.04%.,Model view: the setup leaned constructive. Confidence was around 100%. Technical state looks mixed. MACD remains on the bearish side. No recent matched news was found for this ticker/date. Relative strength versus the benchmark looked mixed. 1-month excess return 1.13%; 3-month excess return 7.04%.
2024-09-13,BRK-B,1,1.0,0.9999947167612211,hit,logistic_regression,target_5d_updown,Technical state looks mixed. MACD remains on the bearish side.,No recent matched news was found for this ticker/date.,Relative strength versus the benchmark looked weak. 1-month excess return -1.27%; 3-month excess return 6.66%.,Model view: the setup leaned constructive. Confidence was around 100%. Technical state looks mixed. MACD remains on the bearish side. No recent matched news was found for this ticker/date. Relative strength versus the benchmark looked weak. 1-month excess return -1.27%; 3-month excess return 6.66%.
2024-09-16,BRK-B,1,1.0,0.9999992229376536,hit,logistic_regression,target_5d_updown,Technical state looks mixed. MACD remains on the bearish side.,No recent matched news was found for this ticker/date.,Relative strength versus the benchmark looked mixed. 1-month excess return 0.72%; 3-month excess return 7.72%.,Model view: the setup leaned constructive. Confidence was around 100%. Technical state looks mixed. MACD remains on the bearish side. No recent matched news was found for this ticker/date. Relative strength versus the benchmark looked mixed. 1-month excess return 0.72%; 3-month excess return 7.72%.
2024-09-17,BRK-B,0,1.0,0.9999981116316642,miss,logistic_regression,target_5d_updown,Technical state looks mixed. RSI is in a steady zone near 54.2. MACD remains on the bearish side.,No recent matched news was found for this ticker/date.,Relative strength versus the benchmark looked mixed. 1-month excess return 1.14%; 3-month excess return 9.21%.,Model view: the setup leaned constructive. Confidence was around 100%. Technical state looks mixed. RSI is in a steady zone near 54.2. MACD remains on the bearish side. No recent matched news was found for this ticker/date. Relative strength versus the benchmark looked mixed. 1-month excess return 1.14%; 3-month excess return 9.21%.
2024-09-18,BRK-B,0,1.0,0.9999950170707701,miss,logistic_regression,target_5d_updown,Technical state looks mixed. RSI is in a steady zone near 54.1. MACD remains on the bearish side.,No recent matched news was found for this ticker/date.,Relative strength versus the benchmark looked mixed. 1-month excess return 1.44%; 3-month excess return 9.62%.,Model view: the setup leaned constructive. Confidence was around 100%. Technical state looks mixed. RSI is in a steady zone near 54.1. MACD remains on the bearish side. No recent matched news was found for this ticker/date. Relative strength versus the benchmark looked mixed. 1-month excess return 1.44%; 3-month excess return 9.62%.
2024-09-19,BRK-B,0,1.0,0.9999469637699344,miss,logistic_regression,target_5d_updown,Technical state looks mixed. RSI is in a steady zone near 57.0. MACD remains on the bearish side.,No recent matched news was found for this ticker/date.,Relative strength versus the benchmark looked mixed. 1-month excess return 0.31%; 3-month excess return 7.98%.,Model view: the setup leaned constructive. Confidence was around 100%. Technical state looks mixed. RSI is in a steady zone near 57.0. MACD remains on the bearish side. No recent matched news was found for this ticker/date. Relative strength versus the benchmark looked mixed. 1-month excess return 0.31%; 3-month excess return 7.98%.
2024-09-20,BRK-B,1,1.0,0.9997976973892606,hit,logistic_regression,target_5d_updown,Technical state looks mixed. RSI is in a steady zone near 52.0. MACD remains on the bearish side.,No recent matched news was found for this ticker/date.,Relative strength versus the benchmark looked mixed. 1-month excess return 0.29%; 3-month excess return 6.75%.,Model view: the setup leaned constructive. Confidence was around 100%. Technical state looks mixed. RSI is in a steady zone near 52.0. MACD remains on the bearish side. No recent matched news was found for this ticker/date. Relative strength versus the benchmark looked mixed. 1-month excess return 0.29%; 3-month excess return 6.75%.
2024-09-23,BRK-B,1,1.0,0.9999692601991325,hit,logistic_regression,target_5d_updown,Technical state looks mixed. RSI is in a steady zone near 51.7. MACD remains on the bearish side.,No recent matched news was found for this ticker/date.,Relative strength versus the benchmark looked weak. 1-month excess return -1.42%; 3-month excess return 4.96%.,Model view: the setup leaned constructive. Confidence was around 100%. Technical state looks mixed. RSI is in a steady zone near 51.7. MACD remains on the bearish side. No recent matched news was found for this ticker/date. Relative strength versus the benchmark looked weak. 1-month excess return -1.42%; 3-month excess return 4.96%.
2024-09-24,BRK-B,1,1.0,0.9999914415545244,hit,logistic_regression,target_5d_updown,Technical state looks mixed. RSI is in a steady zone near 51.2. MACD remains on the bearish side.,No recent matched news was found for this ticker/date.,Relative strength versus the benchmark looked weak. 1-month excess return -1.68%; 3-month excess return 5.80%.,Model view: the setup leaned constructive. Confidence was around 100%. Technical state looks mixed. RSI is in a steady zone near 51.2. MACD remains on the bearish side. No recent matched news was found for this ticker/date. Relative strength versus the benchmark looked weak. 1-month excess return -1.68%; 3-month excess return 5.80%.
2024-09-25,BRK-B,1,1.0,0.9999976682805435,hit,logistic_regression,target_5d_updown,Technical state looks mixed. MACD remains on the bearish side.,No recent matched news was found for this ticker/date.,Relative strength versus the benchmark looked weak. 1-month excess return -2.45%; 3-month excess return 5.78%.,Model view: the setup leaned constructive. Confidence was around 100%. Technical state looks mixed. MACD remains on the bearish side. No recent matched news was found for this ticker/date. Relative strength versus the benchmark looked weak. 1-month excess return -2.45%; 3-month excess return 5.78%.
2024-09-26,BRK-B,0,1.0,0.9999980002258363,miss,logistic_regression,target_5d_updown,Technical state looks mixed. RSI is in a steady zone near 50.8. MACD remains on the bearish side.,No recent matched news was found for this ticker/date.,Relative strength versus the benchmark looked weak. 1-month excess return -3.65%; 3-month excess return 6.60%.,Model view: the setup leaned constructive. Confidence was around 100%. Technical state looks mixed. RSI is in a steady zone near 50.8. MACD remains on the bearish side. No recent matched news was found for this ticker/date. Relative strength versus the benchmark looked weak. 1-month excess return -3.65%; 3-month excess return 6.60%.
2024-09-27,BRK-B,1,1.0,0.9999963472054961,hit,logistic_regression,target_5d_updown,Technical state looks mixed. RSI is in a steady zone near 54.6. MACD remains on the bearish side.,No recent matched news was found for this ticker/date.,Relative strength versus the benchmark looked weak. 1-month excess return -3.92%; 3-month excess return 7.41%.,Model view: the setup leaned constructive. Confidence was around 100%. Technical state looks mixed. RSI is in a steady zone near 54.6. MACD remains on the bearish side. No recent matched news was found for this ticker/date. Relative strength versus the benchmark looked weak. 1-month excess return -3.92%; 3-month excess return 7.41%.
2024-09-30,BRK-B,0,1.0,0.999971287384625,miss,logistic_regression,target_5d_updown,Technical state looks mixed. RSI is in a steady zone near 57.6. MACD remains on the bearish side. Volatility is relatively contained at roughly 14.7%.,No recent matched news was found for this ticker/date.,Relative strength versus the benchmark looked weak. 1-month excess return -4.55%; 3-month excess return 8.33%.,Model view: the setup leaned constructive. Confidence was around 100%. Technical state looks mixed. RSI is in a steady zone near 57.6. MACD remains on the bearish side. Volatility is relatively contained at roughly 14.7%. No recent matched news was found for this ticker/date. Relative strength versus the benchmark looked weak. 1-month excess return -4.55%; 3-month excess return 8.33%.
2024-10-01,BRK-B,0,1.0,0.999992028941419,miss,logistic_regression,target_5d_updown,Technical state looks mixed. RSI is in a steady zone near 53.7. MACD remains on the bearish side. Volatility is relatively contained at roughly 14.7%.,No recent matched news was found for this ticker/date.,Relative strength versus the benchmark looked weak. 1-month excess return -4.80%; 3-month excess return 8.75%.,Model view: the setup leaned constructive. Confidence was around 100%. Technical state looks mixed. RSI is in a steady zone near 53.7. MACD remains on the bearish side. Volatility is relatively contained at roughly 14.7%. No recent matched news was found for this ticker/date. Relative strength versus the benchmark looked weak. 1-month excess return -4.80%; 3-month excess return 8.75%.
2024-10-02,BRK-B,0,1.0,0.9999972066663892,miss,logistic_regression,target_5d_updown,Technical state looks mixed. RSI is in a steady zone near 52.7. MACD remains on the bearish side. Volatility is relatively contained at roughly 14.6%.,No recent matched news was found for this ticker/date.,Relative strength versus the benchmark looked weak. 1-month excess return -7.24%; 3-month excess return 9.38%.,Model view: the setup leaned constructive. Confidence was around 100%. Technical state looks mixed. RSI is in a steady zone near 52.7. MACD remains on the bearish side. Volatility is relatively contained at roughly 14.6%. No recent matched news was found for this ticker/date. Relative strength versus the benchmark looked weak. 1-month excess return -7.24%; 3-month excess return 9.38%.
2024-10-03,BRK-B,1,1.0,0.9999950596287306,hit,logistic_regression,target_5d_updown,Technical state looks mixed. MACD remains on the bearish side. Volatility is relatively contained at roughly 11.1%.,No recent matched news was found for this ticker/date.,Relative strength versus the benchmark looked weak. 1-month excess return -8.42%; 3-month excess return 7.81%.,Model view: the setup leaned constructive. Confidence was around 100%. Technical state looks mixed. MACD remains on the bearish side. Volatility is relatively contained at roughly 11.1%. No recent matched news was found for this ticker/date. Relative strength versus the benchmark looked weak. 1-month excess return -8.42%; 3-month excess return 7.81%.
2024-10-04,BRK-B,0,1.0,0.9999970004635845,miss,logistic_regression,target_5d_updown,Technical state looks mixed. RSI is in a steady zone near 57.9. MACD remains on the bearish side. Volatility is relatively contained at roughly 12.7%.,No recent matched news was found for this ticker/date.,Relative strength versus the benchmark looked weak. 1-month excess return -4.91%; 3-month excess return 9.73%.,Model view: the setup leaned constructive. Confidence was around 100%. Technical state looks mixed. RSI is in a steady zone near 57.9. MACD remains on the bearish side. Volatility is relatively contained at roughly 12.7%. No recent matched news was found for this ticker/date. Relative strength versus the benchmark looked weak. 1-month excess return -4.91%; 3-month excess return 9.73%.
2024-10-07,BRK-B,1,1.0,0.9999961349375219,hit,logistic_regression,target_5d_updown,Technical state looks mixed. MACD remains on the bearish side. Volatility is relatively contained at roughly 14.3%.,No recent matched news was found for this ticker/date.,Relative strength versus the benchmark looked weak. 1-month excess return -6.38%; 3-month excess return 8.31%.,Model view: the setup leaned constructive. Confidence was around 100%. Technical state looks mixed. MACD remains on the bearish side. Volatility is relatively contained at roughly 14.3%. No recent matched news was found for this ticker/date. Relative strength versus the benchmark looked weak. 1-month excess return -6.38%; 3-month excess return 8.31%.
2024-10-08,BRK-B,1,1.0,0.9999990698632591,hit,logistic_regression,target_5d_updown,Technical state looks mixed. MACD remains on the bearish side. Volatility is relatively contained at roughly 14.3%.,No recent matched news was found for this ticker/date.,Relative strength versus the benchmark looked weak. 1-month excess return -6.17%; 3-month excess return 7.53%.,Model view: the setup leaned constructive. Confidence was around 100%. Technical state looks mixed. MACD remains on the bearish side. Volatility is relatively contained at roughly 14.3%. No recent matched news was found for this ticker/date. Relative strength versus the benchmark looked weak. 1-month excess return -6.17%; 3-month excess return 7.53%.
2024-10-09,BRK-B,1,1.0,0.9999857350319458,hit,logistic_regression,target_5d_updown,Technical state looks mixed. RSI is in a steady zone near 51.1. MACD remains on the bearish side. Volatility is relatively contained at roughly 13.7%.,No recent matched news was found for this ticker/date.,Relative strength versus the benchmark looked weak. 1-month excess return -5.84%; 3-month excess return 5.14%.,Model view: the setup leaned constructive. Confidence was around 100%. Technical state looks mixed. RSI is in a steady zone near 51.1. MACD remains on the bearish side. Volatility is relatively contained at roughly 13.7%. No recent matched news was found for this ticker/date. Relative strength versus the benchmark looked weak. 1-month excess return -5.84%; 3-month excess return 5.14%.
2024-10-10,BRK-B,1,1.0,0.9999681433066647,hit,logistic_regression,target_5d_updown,Technical state looks mixed. MACD remains on the bearish side. Volatility is relatively contained at roughly 13.6%.,No recent matched news was found for this ticker/date.,Relative strength versus the benchmark looked weak. 1-month excess return -3.54%; 3-month excess return 4.27%.,Model view: the setup leaned constructive. Confidence was around 100%. Technical state looks mixed. MACD remains on the bearish side. Volatility is relatively contained at roughly 13.6%. No recent matched news was found for this ticker/date. Relative strength versus the benchmark looked weak. 1-month excess return -3.54%; 3-month excess return 4.27%.
2024-10-11,BRK-B,1,1.0,0.9998020381070319,hit,logistic_regression,target_5d_updown,Technical state looks mixed. RSI is in a steady zone near 55.6. MACD remains on the bearish side. Volatility is relatively contained at roughly 13.8%.,No recent matched news was found for this ticker/date.,Relative strength versus the benchmark looked weak. 1-month excess return -1.60%; 3-month excess return 2.72%.,Model view: the setup leaned constructive. Confidence was around 100%. Technical state looks mixed. RSI is in a steady zone near 55.6. MACD remains on the bearish side. Volatility is relatively contained at roughly 13.8%. No recent matched news was found for this ticker/date. Relative strength versus the benchmark looked weak. 1-month excess return -1.60%; 3-month excess return 2.72%.
2024-10-14,BRK-B,1,1.0,0.9993052522169016,hit,logistic_regression,target_5d_updown,Technical state looks mixed. RSI is in a steady zone near 55.3. MACD remains on the bearish side. Volatility is relatively contained at roughly 13.5%.,No recent matched news was found for this ticker/date.,Relative strength versus the benchmark looked weak. 1-month excess return -1.20%; 3-month excess return 1.33%.,Model view: the setup leaned constructive. Confidence was around 100%. Technical state looks mixed. RSI is in a steady zone near 55.3. MACD remains on the bearish side. Volatility is relatively contained at roughly 13.5%. No recent matched news was found for this ticker/date. Relative strength versus the benchmark looked weak. 1-month excess return -1.20%; 3-month excess return 1.33%.
2024-10-15,BRK-B,0,1.0,0.9829539478752101,miss,logistic_regression,target_5d_updown,Technical state looks mixed. RSI is in a steady zone near 58.1. MACD remains on the bullish side. Volatility is relatively contained at roughly 13.1%.,No recent matched news was found for this ticker/date.,Relative strength versus the benchmark looked weak. 1-month excess return -0.61%; 3-month excess return -0.31%.,Model view: the setup leaned constructive. Confidence was around 98%. Technical state looks mixed. RSI is in a steady zone near 58.1. MACD remains on the bullish side. Volatility is relatively contained at roughly 13.1%. No recent matched news was found for this ticker/date. Relative strength versus the benchmark looked weak. 1-month excess return -0.61%; 3-month excess return -0.31%.
2024-10-16,BRK-B,0,1.0,0.9753494132019507,miss,logistic_regression,target_5d_updown,Technical state looks mixed. RSI is in a steady zone near 61.0. MACD remains on the bullish side. Volatility is relatively contained at roughly 13.3%.,No recent matched news was found for this ticker/date.,Relative strength versus the benchmark looked weak. 1-month excess return -1.43%; 3-month excess return 0.03%.,Model view: the setup leaned constructive. Confidence was around 98%. Technical state looks mixed. RSI is in a steady zone near 61.0. MACD remains on the bullish side. Volatility is relatively contained at roughly 13.3%. No recent matched news was found for this ticker/date. Relative strength versus the benchmark looked weak. 1-month excess return -1.43%; 3-month excess return 0.03%.
2024-10-17,BRK-B,0,1.0,0.9405850342940267,miss,logistic_regression,target_5d_updown,Technical state looks mixed. RSI is in a steady zone near 61.2. MACD remains on the bullish side. Volatility is relatively contained at roughly 13.1%.,No recent matched news was found for this ticker/date.,Relative strength versus the benchmark looked weak. 1-month excess return -1.73%; 3-month excess return 1.13%.,Model view: the setup leaned constructive. Confidence was around 94%. Technical state looks mixed. RSI is in a steady zone near 61.2. MACD remains on the bullish side. Volatility is relatively contained at roughly 13.1%. No recent matched news was found for this ticker/date. Relative strength versus the benchmark looked weak. 1-month excess return -1.73%; 3-month excess return 1.13%.
2024-10-18,BRK-B,0,1.0,0.7680850901464489,miss,logistic_regression,target_5d_updown,Technical state looks mixed. RSI is in a steady zone near 59.5. MACD remains on the bullish side. Volatility is relatively contained at roughly 12.6%.,No recent matched news was found for this ticker/date.,Relative strength versus the benchmark looked weak. 1-month excess return -1.26%; 3-month excess return 1.20%.,Model view: the setup leaned constructive. Confidence was around 77%. Technical state looks mixed. RSI is in a steady zone near 59.5. MACD remains on the bullish side. Volatility is relatively contained at roughly 12.6%. No recent matched news was found for this ticker/date. Relative strength versus the benchmark looked weak. 1-month excess return -1.26%; 3-month excess return 1.20%.
2024-10-21,BRK-B,0,1.0,0.9205903405186305,miss,logistic_regression,target_5d_updown,Technical state looks mixed. RSI is in a steady zone near 58.5. MACD remains on the bullish side. Volatility is relatively contained at roughly 12.6%.,No recent matched news was found for this ticker/date.,Relative strength versus the benchmark looked weak. 1-month excess return -0.47%; 3-month excess return 1.53%.,Model view: the setup leaned constructive. Confidence was around 92%. Technical state looks mixed. RSI is in a steady zone near 58.5. MACD remains on the bullish side. Volatility is relatively contained at roughly 12.6%. No recent matched news was found for this ticker/date. Relative strength versus the benchmark looked weak. 1-month excess return -0.47%; 3-month excess return 1.53%.
2024-10-22,BRK-B,0,0.0,0.6035243892153417,hit,logistic_regression,target_5d_updown,Technical state looks mixed. RSI is in a steady zone near 54.1. MACD remains on the bullish side. Volatility is relatively contained at roughly 12.8%.,No recent matched news was found for this ticker/date.,Relative strength versus the benchmark looked weak. 1-month excess return -0.67%; 3-month excess return -1.20%.,Model view: the setup leaned cautious. Confidence was around 60%. Technical state looks mixed. RSI is in a steady zone near 54.1. MACD remains on the bullish side. Volatility is relatively contained at roughly 12.8%. No recent matched news was found for this ticker/date. Relative strength versus the benchmark looked weak. 1-month excess return -0.67%; 3-month excess return -1.20%.
2024-10-23,BRK-B,0,1.0,0.7589109105123728,miss,logistic_regression,target_5d_updown,Technical state looks mixed. RSI is in a steady zone near 52.8. MACD remains on the bullish side. Volatility is relatively contained at roughly 12.7%.,No recent matched news was found for this ticker/date.,Relative strength versus the benchmark looked weak. 1-month excess return 0.46%; 3-month excess return -1.07%.,Model view: the setup leaned constructive. Confidence was around 76%. Technical state looks mixed. RSI is in a steady zone near 52.8. MACD remains on the bullish side. Volatility is relatively contained at roughly 12.7%. No recent matched news was found for this ticker/date. Relative strength versus the benchmark looked weak. 1-month excess return 0.46%; 3-month excess return -1.07%.
2024-10-24,BRK-B,0,1.0,0.6166295191395348,miss,logistic_regression,target_5d_updown,Technical state looks mixed. MACD remains on the bearish side. Volatility is relatively contained at roughly 12.9%.,No recent matched news was found for this ticker/date.,Relative strength versus the benchmark looked weak. 1-month excess return -0.11%; 3-month excess return -1.83%; 6-month excess return -2.05%.,Model view: the setup leaned constructive. Confidence was around 62%. Technical state looks mixed. MACD remains on the bearish side. Volatility is relatively contained at roughly 12.9%. No recent matched news was found for this ticker/date. Relative strength versus the benchmark looked weak. 1-month excess return -0.11%; 3-month excess return -1.83%; 6-month excess return -2.05%.
2024-10-25,BRK-B,0,1.0,0.9011100434899929,miss,logistic_regression,target_5d_updown,Technical state looks mixed. MACD remains on the bearish side. Volatility is relatively contained at roughly 12.9%.,No recent matched news was found for this ticker/date.,Relative strength versus the benchmark looked weak. 1-month excess return -0.90%; 3-month excess return -2.72%; 6-month excess return -1.01%.,Model view: the setup leaned constructive. Confidence was around 90%. Technical state looks mixed. MACD remains on the bearish side. Volatility is relatively contained at roughly 12.9%. No recent matched news was found for this ticker/date. Relative strength versus the benchmark looked weak. 1-month excess return -0.90%; 3-month excess return -2.72%; 6-month excess return -1.01%.
2024-10-28,BRK-B,0,1.0,0.9002979293496957,miss,logistic_regression,target_5d_updown,Technical state looks mixed. RSI is in a steady zone near 50.1. MACD remains on the bearish side. Volatility is relatively contained at roughly 13.3%.,No recent matched news was found for this ticker/date.,Relative strength versus the benchmark looked weak. 1-month excess return -1.40%; 3-month excess return -3.29%; 6-month excess return 0.47%.,Model view: the setup leaned constructive. Confidence was around 90%. Technical state looks mixed. RSI is in a steady zone near 50.1. MACD remains on the bearish side. Volatility is relatively contained at roughly 13.3%. No recent matched news was found for this ticker/date. Relative strength versus the benchmark looked weak. 1-month excess return -1.40%; 3-month excess return -3.29%; 6-month excess return 0.47%.
2024-10-29,BRK-B,0,1.0,0.9163618057501494,miss,logistic_regression,target_5d_updown,Technical state looks mixed. MACD remains on the bearish side. Volatility is relatively contained at roughly 13.4%.,No recent matched news was found for this ticker/date.,Relative strength versus the benchmark looked weak. 1-month excess return -2.57%; 3-month excess return -2.02%; 6-month excess return -1.30%.,Model view: the setup leaned constructive. Confidence was around 92%. Technical state looks mixed. MACD remains on the bearish side. Volatility is relatively contained at roughly 13.4%. No recent matched news was found for this ticker/date. Relative strength versus the benchmark looked weak. 1-month excess return -2.57%; 3-month excess return -2.02%; 6-month excess return -1.30%.
2024-10-30,BRK-B,1,1.0,0.9766639704167388,hit,logistic_regression,target_5d_updown,Technical state looks mixed. MACD remains on the bearish side. Volatility is relatively contained at roughly 13.4%.,No recent matched news was found for this ticker/date.,Relative strength versus the benchmark looked weak. 1-month excess return -2.53%; 3-month excess return -1.48%; 6-month excess return -1.78%.,Model view: the setup leaned constructive. Confidence was around 98%. Technical state looks mixed. MACD remains on the bearish side. Volatility is relatively contained at roughly 13.4%. No recent matched news was found for this ticker/date. Relative strength versus the benchmark looked weak. 1-month excess return -2.53%; 3-month excess return -1.48%; 6-month excess return -1.78%.
2024-10-31,BRK-B,1,1.0,0.9482290360768619,hit,logistic_regression,target_5d_updown,Technical state looks mixed. MACD remains on the bearish side. Volatility is relatively contained at roughly 13.5%.,No recent matched news was found for this ticker/date.,Relative strength versus the benchmark looked weak. 1-month excess return -1.23%; 3-month excess return -1.42%; 6-month excess return -0.03%.,Model view: the setup leaned constructive. Confidence was around 95%. Technical state looks mixed. MACD remains on the bearish side. Volatility is relatively contained at roughly 13.5%. No recent matched news was found for this ticker/date. Relative strength versus the benchmark looked weak. 1-month excess return -1.23%; 3-month excess return -1.42%; 6-month excess return -0.03%.
2024-11-01,BRK-B,1,1.0,0.8776853691716442,hit,logistic_regression,target_5d_updown,Technical state looks mixed. MACD remains on the bearish side. Volatility is relatively contained at roughly 11.3%.,No recent matched news was found for this ticker/date.,Relative strength versus the benchmark looked weak. 1-month excess return -0.78%; 3-month excess return -1.18%; 6-month excess return 1.10%.,Model view: the setup leaned constructive. Confidence was around 88%. Technical state looks mixed. MACD remains on the bearish side. Volatility is relatively contained at roughly 11.3%. No recent matched news was found for this ticker/date. Relative strength versus the benchmark looked weak. 1-month excess return -0.78%; 3-month excess return -1.18%; 6-month excess return 1.10%.
2024-11-04,BRK-B,1,1.0,0.698602578221104,hit,logistic_regression,target_5d_updown,Technical state looks mixed. RSI is weak near 33.3. MACD remains on the bearish side. Volatility is relatively contained at roughly 12.0%.,No recent matched news was found for this ticker/date.,Relative strength versus the benchmark looked weak. 1-month excess return -3.72%; 3-month excess return -4.37%; 6-month excess return -1.11%.,Model view: the setup leaned constructive. Confidence was around 70%. Technical state looks mixed. RSI is weak near 33.3. MACD remains on the bearish side. Volatility is relatively contained at roughly 12.0%. No recent matched news was found for this ticker/date. Relative strength versus the benchmark looked weak. 1-month excess return -3.72%; 3-month excess return -4.37%; 6-month excess return -1.11%.
2024-11-05,BRK-B,1,1.0,0.8464684269105573,hit,logistic_regression,target_5d_updown,Technical state looks mixed. RSI is weak near 37.5. MACD remains on the bearish side. Volatility is relatively contained at roughly 12.3%.,No recent matched news was found for this ticker/date.,Relative strength versus the benchmark looked weak. 1-month excess return -3.43%; 3-month excess return -7.00%; 6-month excess return -1.92%.,Model view: the setup leaned constructive. Confidence was around 85%. Technical state looks mixed. RSI is weak near 37.5. MACD remains on the bearish side. Volatility is relatively contained at roughly 12.3%. No recent matched news was found for this ticker/date. Relative strength versus the benchmark looked weak. 1-month excess return -3.43%; 3-month excess return -7.00%; 6-month excess return -1.92%.
2024-11-06,BRK-B,0,1.0,0.9577103195965949,miss,logistic_regression,target_5d_updown,Technical state looks mixed. RSI is in a steady zone near 60.6. MACD remains on the bearish side.,No recent matched news was found for this ticker/date.,Relative strength versus the benchmark looked mixed. 1-month excess return 0.21%; 3-month excess return -2.74%; 6-month excess return 1.11%.,Model view: the setup leaned constructive. Confidence was around 96%. Technical state looks mixed. RSI is in a steady zone near 60.6. MACD remains on the bearish side. No recent matched news was found for this ticker/date. Relative strength versus the benchmark looked mixed. 1-month excess return 0.21%; 3-month excess return -2.74%; 6-month excess return 1.11%.
2024-11-07,BRK-B,1,0.0,0.7052947085300224,miss,logistic_regression,target_5d_updown,Technical state looks mixed. RSI is in a steady zone near 52.9. MACD remains on the bullish side.,No recent matched news was found for this ticker/date.,Relative strength versus the benchmark looked weak. 1-month excess return -2.29%; 3-month excess return -5.19%; 6-month excess return -1.96%.,Model view: the setup leaned cautious. Confidence was around 71%. Technical state looks mixed. RSI is in a steady zone near 52.9. MACD remains on the bullish side. No recent matched news was found for this ticker/date. Relative strength versus the benchmark looked weak. 1-month excess return -2.29%; 3-month excess return -5.19%; 6-month excess return -1.96%.
2024-11-08,BRK-B,1,1.0,0.8196862170090783,hit,logistic_regression,target_5d_updown,Technical state looks mixed. RSI is in a steady zone near 55.2. MACD remains on the bullish side.,No recent matched news was found for this ticker/date.,Relative strength versus the benchmark looked weak. 1-month excess return -1.99%; 3-month excess return -4.55%; 6-month excess return -2.41%.,Model view: the setup leaned constructive. Confidence was around 82%. Technical state looks mixed. RSI is in a steady zone near 55.2. MACD remains on the bullish side. No recent matched news was found for this ticker/date. Relative strength versus the benchmark looked weak. 1-month excess return -1.99%; 3-month excess return -4.55%; 6-month excess return -2.41%.
2024-11-11,BRK-B,1,1.0,0.7213442595443885,hit,logistic_regression,target_5d_updown,Technical state looks mixed. RSI is in a steady zone near 57.9. MACD remains on the bullish side.,No recent matched news was found for this ticker/date.,Relative strength versus the benchmark looked weak. 1-month excess return -1.77%; 3-month excess return -2.39%; 6-month excess return -1.31%.,Model view: the setup leaned constructive. Confidence was around 72%. Technical state looks mixed. RSI is in a steady zone near 57.9. MACD remains on the bullish side. No recent matched news was found for this ticker/date. Relative strength versus the benchmark looked weak. 1-month excess return -1.77%; 3-month excess return -2.39%; 6-month excess return -1.31%.
2024-11-12,BRK-B,1,1.0,0.5359189166787154,hit,logistic_regression,target_5d_updown,Technical state looks mixed. RSI is in a steady zone near 56.9. MACD remains on the bullish side.,No recent matched news was found for this ticker/date.,Relative strength versus the benchmark looked weak. 1-month excess return -0.80%; 3-month excess return -3.45%; 6-month excess return -0.41%.,Model view: the setup leaned constructive. Confidence was around 54%. Technical state looks mixed. RSI is in a steady zone near 56.9. MACD remains on the bullish side. No recent matched news was found for this ticker/date. Relative strength versus the benchmark looked weak. 1-month excess return -0.80%; 3-month excess return -3.45%; 6-month excess return -0.41%.
2024-11-13,BRK-B,1,1.0,0.9895536063211269,hit,logistic_regression,target_5d_updown,Technical state looks mixed. RSI is in a steady zone near 58.2. MACD remains on the bullish side.,No recent matched news was found for this ticker/date.,Relative strength versus the benchmark looked weak. 1-month excess return -1.84%; 3-month excess return -1.81%; 6-month excess return 0.65%.,Model view: the setup leaned constructive. Confidence was around 99%. Technical state looks mixed. RSI is in a steady zone near 58.2. MACD remains on the bullish side. No recent matched news was found for this ticker/date. Relative strength versus the benchmark looked weak. 1-month excess return -1.84%; 3-month excess return -1.81%; 6-month excess return 0.65%.
2024-11-14,BRK-B,1,1.0,0.9529662757643552,hit,logistic_regression,target_5d_updown,Technical state looks mixed. RSI is in a steady zone near 57.8. MACD remains on the bullish side.,No recent matched news was found for this ticker/date.,Relative strength versus the benchmark looked weak. 1-month excess return -1.50%; 3-month excess return -1.87%; 6-month excess return 0.95%.,Model view: the setup leaned constructive. Confidence was around 95%. Technical state looks mixed. RSI is in a steady zone near 57.8. MACD remains on the bullish side. No recent matched news was found for this ticker/date. Relative strength versus the benchmark looked weak. 1-month excess return -1.50%; 3-month excess return -1.87%; 6-month excess return 0.95%.
2024-11-15,BRK-B,1,1.0,0.9936705213186727,hit,logistic_regression,target_5d_updown,Technical state looks mixed. RSI is in a steady zone near 59.8. MACD remains on the bullish side.,No recent matched news was found for this ticker/date.,Relative strength versus the benchmark looked favorable. 1-month excess return 0.35%; 3-month excess return 0.10%; 6-month excess return 2.15%.,Model view: the setup leaned constructive. Confidence was around 99%. Technical state looks mixed. RSI is in a steady zone near 59.8. MACD remains on the bullish side. No recent matched news was found for this ticker/date. Relative strength versus the benchmark looked favorable. 1-month excess return 0.35%; 3-month excess return 0.10%; 6-month excess return 2.15%.
2024-11-18,BRK-B,1,1.0,0.9905616384209935,hit,logistic_regression,target_5d_updown,Technical state looks mixed. RSI is in a steady zone near 61.2. MACD remains on the bullish side.,No recent matched news was found for this ticker/date.,Relative strength versus the benchmark looked favorable. 1-month excess return 0.96%; 3-month excess return 0.01%; 6-month excess return 3.34%.,Model view: the setup leaned constructive. Confidence was around 99%. Technical state looks mixed. RSI is in a steady zone near 61.2. MACD remains on the bullish side. No recent matched news was found for this ticker/date. Relative strength versus the benchmark looked favorable. 1-month excess return 0.96%; 3-month excess return 0.01%; 6-month excess return 3.34%.
2024-11-19,BRK-B,1,1.0,0.8929095167641347,hit,logistic_regression,target_5d_updown,Technical state looks mixed. RSI is in a steady zone near 57.3. MACD remains on the bullish side.,No recent matched news was found for this ticker/date.,Relative strength versus the benchmark looked weak. 1-month excess return -0.14%; 3-month excess return -0.33%; 6-month excess return 2.05%.,Model view: the setup leaned constructive. Confidence was around 89%. Technical state looks mixed. RSI is in a steady zone near 57.3. MACD remains on the bullish side. No recent matched news was found for this ticker/date. Relative strength versus the benchmark looked weak. 1-month excess return -0.14%; 3-month excess return -0.33%; 6-month excess return 2.05%.
2024-11-20,BRK-B,1,1.0,0.9786414613121872,hit,logistic_regression,target_5d_updown,Technical state looks mixed. RSI is in a steady zone near 57.3. MACD remains on the bullish side.,No recent matched news was found for this ticker/date.,Relative strength versus the benchmark looked mixed. 1-month excess return 0.34%; 3-month excess return -1.81%; 6-month excess return 1.78%.,Model view: the setup leaned constructive. Confidence was around 98%. Technical state looks mixed. RSI is in a steady zone near 57.3. MACD remains on the bullish side. No recent matched news was found for this ticker/date. Relative strength versus the benchmark looked mixed. 1-month excess return 0.34%; 3-month excess return -1.81%; 6-month excess return 1.78%.
2024-11-21,BRK-B,1,1.0,0.890498463423889,hit,logistic_regression,target_5d_updown,Technical state looks mixed. RSI is in a steady zone near 60.1. MACD remains on the bullish side.,No recent matched news was found for this ticker/date.,Relative strength versus the benchmark looked weak. 1-month excess return -0.22%; 3-month excess return -1.49%; 6-month excess return 3.44%.,Model view: the setup leaned constructive. Confidence was around 89%. Technical state looks mixed. RSI is in a steady zone near 60.1. MACD remains on the bullish side. No recent matched news was found for this ticker/date. Relative strength versus the benchmark looked weak. 1-month excess return -0.22%; 3-month excess return -1.49%; 6-month excess return 3.44%.
2024-11-22,BRK-B,1,1.0,0.9220883612524279,hit,logistic_regression,target_5d_updown,Technical state looks mixed. RSI is in a steady zone near 63.8. MACD remains on the bullish side.,No recent matched news was found for this ticker/date.,Relative strength versus the benchmark looked mixed. 1-month excess return 1.29%; 3-month excess return -1.37%; 6-month excess return 4.50%.,Model view: the setup leaned constructive. Confidence was around 92%. Technical state looks mixed. RSI is in a steady zone near 63.8. MACD remains on the bullish side. No recent matched news was found for this ticker/date. Relative strength versus the benchmark looked mixed. 1-month excess return 1.29%; 3-month excess return -1.37%; 6-month excess return 4.50%.
2024-11-25,BRK-B,0,1.0,0.6572515966281457,miss,logistic_regression,target_5d_updown,Technical state looks mixed. RSI is in a steady zone near 64.5. MACD remains on the bullish side.,No recent matched news was found for this ticker/date.,Relative strength versus the benchmark looked mixed. 1-month excess return 1.97%; 3-month excess return -2.78%; 6-month excess return 5.45%.,Model view: the setup leaned constructive. Confidence was around 66%. Technical state looks mixed. RSI is in a steady zone near 64.5. MACD remains on the bullish side. No recent matched news was found for this ticker/date. Relative strength versus the benchmark looked mixed. 1-month excess return 1.97%; 3-month excess return -2.78%; 6-month excess return 5.45%.
2024-11-26,BRK-B,0,0.0,0.6876738252203871,hit,logistic_regression,target_5d_updown,Technical state looks mixed. MACD remains on the bullish side.,No recent matched news was found for this ticker/date.,Relative strength versus the benchmark looked mixed. 1-month excess return 0.93%; 3-month excess return -4.63%; 6-month excess return 4.24%.,Model view: the setup leaned cautious. Confidence was around 69%. Technical state looks mixed. MACD remains on the bullish side. No recent matched news was found for this ticker/date. Relative strength versus the benchmark looked mixed. 1-month excess return 0.93%; 3-month excess return -4.63%; 6-month excess return 4.24%.
2024-11-27,BRK-B,0,0.0,0.5609270749759868,hit,logistic_regression,target_5d_updown,Technical state looks mixed. MACD remains on the bullish side.,No recent matched news was found for this ticker/date.,Relative strength versus the benchmark looked mixed. 1-month excess return 3.31%; 3-month excess return -4.14%; 6-month excess return 3.63%.,Model view: the setup leaned cautious. Confidence was around 56%. Technical state looks mixed. MACD remains on the bullish side. No recent matched news was found for this ticker/date. Relative strength versus the benchmark looked mixed. 1-month excess return 3.31%; 3-month excess return -4.14%; 6-month excess return 3.63%.
2024-11-29,BRK-B,0,1.0,0.5685031037012741,miss,logistic_regression,target_5d_updown,Technical state looks mixed. MACD remains on the bullish side.,No recent matched news was found for this ticker/date.,Relative strength versus the benchmark looked mixed. 1-month excess return 2.36%; 3-month excess return -5.34%; 6-month excess return 2.36%.,Model view: the setup leaned constructive. Confidence was around 57%. Technical state looks mixed. MACD remains on the bullish side. No recent matched news was found for this ticker/date. Relative strength versus the benchmark looked mixed. 1-month excess return 2.36%; 3-month excess return -5.34%; 6-month excess return 2.36%.
2024-12-02,BRK-B,0,0.0,0.9285950771226665,hit,logistic_regression,target_5d_updown,Technical state looks mixed. RSI is in a steady zone near 60.0. MACD remains on the bullish side.,No recent matched news was found for this ticker/date.,Relative strength versus the benchmark looked weak. 1-month excess return -0.33%; 3-month excess return -9.24%; 6-month excess return 0.68%.,Model view: the setup leaned cautious. Confidence was around 93%. Technical state looks mixed. RSI is in a steady zone near 60.0. MACD remains on the bullish side. No recent matched news was found for this ticker/date. Relative strength versus the benchmark looked weak. 1-month excess return -0.33%; 3-month excess return -9.24%; 6-month excess return 0.68%.
2024-12-03,BRK-B,0,0.0,0.8545466120429654,hit,logistic_regression,target_5d_updown,Technical state looks mixed. RSI is in a steady zone near 51.3. MACD remains on the bullish side.,No recent matched news was found for this ticker/date.,Relative strength versus the benchmark looked weak. 1-month excess return -1.76%; 3-month excess return -11.40%; 6-month excess return 0.52%.,Model view: the setup leaned cautious. Confidence was around 85%. Technical state looks mixed. RSI is in a steady zone near 51.3. MACD remains on the bullish side. No recent matched news was found for this ticker/date. Relative strength versus the benchmark looked weak. 1-month excess return -1.76%; 3-month excess return -11.40%; 6-month excess return 0.52%.
2024-12-04,BRK-B,0,1.0,0.5834512422783249,miss,logistic_regression,target_5d_updown,Technical state looks mixed. MACD remains on the bearish side.,No recent matched news was found for this ticker/date.,Relative strength versus the benchmark looked weak. 1-month excess return -0.77%; 3-month excess return -9.88%; 6-month excess return 0.62%.,Model view: the setup leaned constructive. Confidence was around 58%. Technical state looks mixed. MACD remains on the bearish side. No recent matched news was found for this ticker/date. Relative strength versus the benchmark looked weak. 1-month excess return -0.77%; 3-month excess return -9.88%; 6-month excess return 0.62%.
2024-12-05,BRK-B,0,1.0,0.5635229675185328,miss,logistic_regression,target_5d_updown,Technical state looks mixed. RSI is in a steady zone near 51.8. MACD remains on the bearish side. Volatility is relatively contained at roughly 12.8%.,No recent matched news was found for this ticker/date.,Relative strength versus the benchmark looked mixed. 1-month excess return 0.52%; 3-month excess return -9.87%; 6-month excess return 0.99%.,Model view: the setup leaned constructive. Confidence was around 56%. Technical state looks mixed. RSI is in a steady zone near 51.8. MACD remains on the bearish side. Volatility is relatively contained at roughly 12.8%. No recent matched news was found for this ticker/date. Relative strength versus the benchmark looked mixed. 1-month excess return 0.52%; 3-month excess return -9.87%; 6-month excess return 0.99%.
2024-12-06,BRK-B,0,0.0,0.974718522009949,hit,logistic_regression,target_5d_updown,Technical state looks mixed. RSI is in a steady zone near 51.7. MACD remains on the bearish side. Volatility is relatively contained at roughly 10.6%.,No recent matched news was found for this ticker/date.,Relative strength versus the benchmark looked weak. 1-month excess return -2.52%; 3-month excess return -8.90%; 6-month excess return -0.13%.,Model view: the setup leaned cautious. Confidence was around 97%. Technical state looks mixed. RSI is in a steady zone near 51.7. MACD remains on the bearish side. Volatility is relatively contained at roughly 10.6%. No recent matched news was found for this ticker/date. Relative strength versus the benchmark looked weak. 1-month excess return -2.52%; 3-month excess return -8.90%; 6-month excess return -0.13%.
2024-12-09,BRK-B,0,0.0,0.7866314305892307,hit,logistic_regression,target_5d_updown,Technical state looks mixed. MACD remains on the bearish side. Volatility is relatively contained at roughly 11.7%.,No recent matched news was found for this ticker/date.,Relative strength versus the benchmark looked weak. 1-month excess return -0.72%; 3-month excess return -9.16%; 6-month excess return 0.02%.,Model view: the setup leaned cautious. Confidence was around 79%. Technical state looks mixed. MACD remains on the bearish side. Volatility is relatively contained at roughly 11.7%. No recent matched news was found for this ticker/date. Relative strength versus the benchmark looked weak. 1-month excess return -0.72%; 3-month excess return -9.16%; 6-month excess return 0.02%.
2024-12-10,BRK-B,0,1.0,0.7565623609934473,miss,logistic_regression,target_5d_updown,Technical state looks mixed. MACD remains on the bearish side. Volatility is relatively contained at roughly 11.3%.,No recent matched news was found for this ticker/date.,Relative strength versus the benchmark looked weak. 1-month excess return -0.99%; 3-month excess return -6.73%; 6-month excess return 0.90%.,Model view: the setup leaned constructive. Confidence was around 76%. Technical state looks mixed. MACD remains on the bearish side. Volatility is relatively contained at roughly 11.3%. No recent matched news was found for this ticker/date. Relative strength versus the benchmark looked weak. 1-month excess return -0.99%; 3-month excess return -6.73%; 6-month excess return 0.90%.
2024-12-11,BRK-B,0,1.0,0.8444977159344875,miss,logistic_regression,target_5d_updown,Technical state looks mixed. MACD remains on the bearish side. Volatility is relatively contained at roughly 11.3%.,No recent matched news was found for this ticker/date.,Relative strength versus the benchmark looked weak. 1-month excess return -2.75%; 3-month excess return -6.36%; 6-month excess return 0.64%.,Model view: the setup leaned constructive. Confidence was around 84%. Technical state looks mixed. MACD remains on the bearish side. Volatility is relatively contained at roughly 11.3%. No recent matched news was found for this ticker/date. Relative strength versus the benchmark looked weak. 1-month excess return -2.75%; 3-month excess return -6.36%; 6-month excess return 0.64%.
2024-12-12,BRK-B,0,1.0,0.9922643364617654,miss,logistic_regression,target_5d_updown,Technical state looks mixed. RSI is weak near 39.1. MACD remains on the bearish side. Volatility is relatively contained at roughly 11.3%.,No recent matched news was found for this ticker/date.,Relative strength versus the benchmark looked weak. 1-month excess return -2.90%; 3-month excess return -5.10%; 6-month excess return 1.54%.,Model view: the setup leaned constructive. Confidence was around 99%. Technical state looks mixed. RSI is weak near 39.1. MACD remains on the bearish side. Volatility is relatively contained at roughly 11.3%. No recent matched news was found for this ticker/date. Relative strength versus the benchmark looked weak. 1-month excess return -2.90%; 3-month excess return -5.10%; 6-month excess return 1.54%.
2024-12-13,BRK-B,0,1.0,0.9929226519949437,miss,logistic_regression,target_5d_updown,Technical state looks mixed. RSI is weak near 38.4. MACD remains on the bearish side. Volatility is relatively contained at roughly 11.3%.,No recent matched news was found for this ticker/date.,Relative strength versus the benchmark looked weak. 1-month excess return -3.38%; 3-month excess return -6.04%; 6-month excess return 1.56%.,Model view: the setup leaned constructive. Confidence was around 99%. Technical state looks mixed. RSI is weak near 38.4. MACD remains on the bearish side. Volatility is relatively contained at roughly 11.3%. No recent matched news was found for this ticker/date. Relative strength versus the benchmark looked weak. 1-month excess return -3.38%; 3-month excess return -6.04%; 6-month excess return 1.56%.
2024-12-16,BRK-B,0,1.0,0.992588654023871,miss,logistic_regression,target_5d_updown,Technical state looks mixed. RSI is weak near 35.8. MACD remains on the bearish side. Volatility is relatively contained at roughly 11.2%.,No recent matched news was found for this ticker/date.,Relative strength versus the benchmark looked weak. 1-month excess return -4.92%; 3-month excess return -8.09%; 6-month excess return 0.85%.,Model view: the setup leaned constructive. Confidence was around 99%. Technical state looks mixed. RSI is weak near 35.8. MACD remains on the bearish side. Volatility is relatively contained at roughly 11.2%. No recent matched news was found for this ticker/date. Relative strength versus the benchmark looked weak. 1-month excess return -4.92%; 3-month excess return -8.09%; 6-month excess return 0.85%.
2024-12-17,BRK-B,1,1.0,0.9966091146350944,hit,logistic_regression,target_5d_updown,Technical state looks mixed. RSI is weak near 36.6. MACD remains on the bearish side. Volatility is relatively contained at roughly 11.0%.,No recent matched news was found for this ticker/date.,Relative strength versus the benchmark looked weak. 1-month excess return -6.26%; 3-month excess return -7.87%; 6-month excess return 1.55%.,Model view: the setup leaned constructive. Confidence was around 100%. Technical state looks mixed. RSI is weak near 36.6. MACD remains on the bearish side. Volatility is relatively contained at roughly 11.0%. No recent matched news was found for this ticker/date. Relative strength versus the benchmark looked weak. 1-month excess return -6.26%; 3-month excess return -7.87%; 6-month excess return 1.55%.
2024-12-18,BRK-B,1,1.0,0.9999272188950873,hit,logistic_regression,target_5d_updown,Technical state looks mixed. RSI is weak near 29.0. MACD remains on the bearish side. Volatility is relatively contained at roughly 12.6%.,No recent matched news was found for this ticker/date.,Relative strength versus the benchmark looked weak. 1-month excess return -5.13%; 3-month excess return -5.56%; 6-month excess return 1.94%.,Model view: the setup leaned constructive. Confidence was around 100%. Technical state looks mixed. RSI is weak near 29.0. MACD remains on the bearish side. Volatility is relatively contained at roughly 12.6%. No recent matched news was found for this ticker/date. Relative strength versus the benchmark looked weak. 1-month excess return -5.13%; 3-month excess return -5.56%; 6-month excess return 1.94%.
2024-12-19,BRK-B,1,1.0,0.9999545283969856,hit,logistic_regression,target_5d_updown,Technical state looks mixed. RSI is weak near 33.5. MACD remains on the bearish side. Volatility is relatively contained at roughly 13.0%.,No recent matched news was found for this ticker/date.,Relative strength versus the benchmark looked weak. 1-month excess return -3.47%; 3-month excess return -4.19%; 6-month excess return 2.29%.,Model view: the setup leaned constructive. Confidence was around 100%. Technical state looks mixed. RSI is weak near 33.5. MACD remains on the bearish side. Volatility is relatively contained at roughly 13.0%. No recent matched news was found for this ticker/date. Relative strength versus the benchmark looked weak. 1-month excess return -3.47%; 3-month excess return -4.19%; 6-month excess return 2.29%.
2024-12-20,BRK-B,0,1.0,0.995060143439754,miss,logistic_regression,target_5d_updown,Technical state looks mixed. RSI is weak near 39.3. MACD remains on the bearish side. Volatility is relatively contained at roughly 13.2%.,No recent matched news was found for this ticker/date.,Relative strength versus the benchmark looked weak. 1-month excess return -3.73%; 3-month excess return -4.17%; 6-month excess return 0.56%.,Model view: the setup leaned constructive. Confidence was around 100%. Technical state looks mixed. RSI is weak near 39.3. MACD remains on the bearish side. Volatility is relatively contained at roughly 13.2%. No recent matched news was found for this ticker/date. Relative strength versus the benchmark looked weak. 1-month excess return -3.73%; 3-month excess return -4.17%; 6-month excess return 0.56%.
2024-12-23,BRK-B,0,1.0,0.9999173233205813,miss,logistic_regression,target_5d_updown,Technical state looks mixed. MACD remains on the bearish side. Volatility is relatively contained at roughly 12.6%.,No recent matched news was found for this ticker/date.,Relative strength versus the benchmark looked weak. 1-month excess return -4.04%; 3-month excess return -3.94%; 6-month excess return 1.66%.,Model view: the setup leaned constructive. Confidence was around 100%. Technical state looks mixed. MACD remains on the bearish side. Volatility is relatively contained at roughly 12.6%. No recent matched news was found for this ticker/date. Relative strength versus the benchmark looked weak. 1-month excess return -4.04%; 3-month excess return -3.94%; 6-month excess return 1.66%.
2024-12-24,BRK-B,0,1.0,0.8061774489661881,miss,logistic_regression,target_5d_updown,Technical state looks mixed. MACD remains on the bearish side. Volatility is relatively contained at roughly 13.2%.,No recent matched news was found for this ticker/date.,Relative strength versus the benchmark looked weak. 1-month excess return -4.74%; 3-month excess return -3.78%; 6-month excess return 1.91%.,Model view: the setup leaned constructive. Confidence was around 81%. Technical state looks mixed. MACD remains on the bearish side. Volatility is relatively contained at roughly 13.2%. No recent matched news was found for this ticker/date. Relative strength versus the benchmark looked weak. 1-month excess return -4.74%; 3-month excess return -3.78%; 6-month excess return 1.91%.
2024-12-26,BRK-B,0,1.0,0.9073488731542525,miss,logistic_regression,target_5d_updown,Technical state looks mixed. MACD remains on the bearish side. Volatility is relatively contained at roughly 13.1%.,No recent matched news was found for this ticker/date.,Relative strength versus the benchmark looked weak. 1-month excess return -4.50%; 3-month excess return -3.68%; 6-month excess return 2.82%.,Model view: the setup leaned constructive. Confidence was around 91%. Technical state looks mixed. MACD remains on the bearish side. Volatility is relatively contained at roughly 13.1%. No recent matched news was found for this ticker/date. Relative strength versus the benchmark looked weak. 1-month excess return -4.50%; 3-month excess return -3.68%; 6-month excess return 2.82%.
2024-12-27,BRK-B,0,1.0,0.9352460870374125,miss,logistic_regression,target_5d_updown,Technical state looks mixed. MACD remains on the bearish side. Volatility is relatively contained at roughly 12.5%.,No recent matched news was found for this ticker/date.,Relative strength versus the benchmark looked weak. 1-month excess return -3.66%; 3-month excess return -4.34%; 6-month excess return 2.83%.,Model view: the setup leaned constructive. Confidence was around 94%. Technical state looks mixed. MACD remains on the bearish side. Volatility is relatively contained at roughly 12.5%. No recent matched news was found for this ticker/date. Relative strength versus the benchmark looked weak. 1-month excess return -3.66%; 3-month excess return -4.34%; 6-month excess return 2.83%.
2024-12-30,BRK-B,1,1.0,0.9826802725232027,hit,logistic_regression,target_5d_updown,Technical state looks mixed. RSI is weak near 39.8. MACD remains on the bearish side. Volatility is relatively contained at roughly 12.6%.,No recent matched news was found for this ticker/date.,Relative strength versus the benchmark looked weak. 1-month excess return -4.66%; 3-month excess return -4.28%; 6-month excess return 3.67%.,Model view: the setup leaned constructive. Confidence was around 98%. Technical state looks mixed. RSI is weak near 39.8. MACD remains on the bearish side. Volatility is relatively contained at roughly 12.6%. No recent matched news was found for this ticker/date. Relative strength versus the benchmark looked weak. 1-month excess return -4.66%; 3-month excess return -4.28%; 6-month excess return 3.67%.
2024-12-31,BRK-B,0,1.0,0.9622456672514739,miss,logistic_regression,target_5d_updown,Technical state looks mixed. MACD remains on the bearish side. Volatility is relatively contained at roughly 12.4%.,No recent matched news was found for this ticker/date.,Relative strength versus the benchmark looked weak. 1-month excess return -3.51%; 3-month excess return -3.98%; 6-month excess return 4.55%.,Model view: the setup leaned constructive. Confidence was around 96%. Technical state looks mixed. MACD remains on the bearish side. Volatility is relatively contained at roughly 12.4%. No recent matched news was found for this ticker/date. Relative strength versus the benchmark looked weak. 1-month excess return -3.51%; 3-month excess return -3.98%; 6-month excess return 4.55%.
2025-01-02,BRK-B,0,1.0,0.9562834108326697,miss,logistic_regression,target_5d_updown,Technical state looks mixed. RSI is weak near 39.1. MACD remains on the bearish side. Volatility is relatively contained at roughly 11.5%.,No recent matched news was found for this ticker/date.,Relative strength versus the benchmark looked weak. 1-month excess return -2.33%; 3-month excess return -4.02%; 6-month excess return 5.12%.,Model view: the setup leaned constructive. Confidence was around 96%. Technical state looks mixed. RSI is weak near 39.1. MACD remains on the bearish side. Volatility is relatively contained at roughly 11.5%. No recent matched news was found for this ticker/date. Relative strength versus the benchmark looked weak. 1-month excess return -2.33%; 3-month excess return -4.02%; 6-month excess return 5.12%.
2025-01-03,BRK-B,0,1.0,0.9469174633474127,miss,logistic_regression,target_5d_updown,Technical state looks mixed. MACD remains on the bearish side. Volatility is relatively contained at roughly 11.8%.,No recent matched news was found for this ticker/date.,Relative strength versus the benchmark looked weak. 1-month excess return -1.60%; 3-month excess return -4.19%; 6-month excess return 3.53%.,Model view: the setup leaned constructive. Confidence was around 95%. Technical state looks mixed. MACD remains on the bearish side. Volatility is relatively contained at roughly 11.8%. No recent matched news was found for this ticker/date. Relative strength versus the benchmark looked weak. 1-month excess return -1.60%; 3-month excess return -4.19%; 6-month excess return 3.53%.
2025-01-06,BRK-B,0,1.0,0.9697098818844889,miss,logistic_regression,target_5d_updown,Technical state looks mixed. MACD remains on the bearish side. Volatility is relatively contained at roughly 11.6%.,No recent matched news was found for this ticker/date.,Relative strength versus the benchmark looked weak. 1-month excess return -1.63%; 3-month excess return -6.26%; 6-month excess return 3.05%.,Model view: the setup leaned constructive. Confidence was around 97%. Technical state looks mixed. MACD remains on the bearish side. Volatility is relatively contained at roughly 11.6%. No recent matched news was found for this ticker/date. Relative strength versus the benchmark looked weak. 1-month excess return -1.63%; 3-month excess return -6.26%; 6-month excess return 3.05%.
2025-01-07,BRK-B,1,1.0,0.9868617093747933,hit,logistic_regression,target_5d_updown,Technical state looks mixed. MACD remains on the bearish side. Volatility is relatively contained at roughly 11.7%.,No recent matched news was found for this ticker/date.,Relative strength versus the benchmark looked weak. 1-month excess return -0.83%; 3-month excess return -3.86%; 6-month excess return 4.35%.,Model view: the setup leaned constructive. Confidence was around 99%. Technical state looks mixed. MACD remains on the bearish side. Volatility is relatively contained at roughly 11.7%. No recent matched news was found for this ticker/date. Relative strength versus the benchmark looked weak. 1-month excess return -0.83%; 3-month excess return -3.86%; 6-month excess return 4.35%.
2025-01-08,BRK-B,1,1.0,0.9840748028562792,hit,logistic_regression,target_5d_updown,Technical state looks mixed. MACD remains on the bearish side. Volatility is relatively contained at roughly 10.8%.,No recent matched news was found for this ticker/date.,Relative strength versus the benchmark looked weak. 1-month excess return -0.98%; 3-month excess return -3.33%; 6-month excess return 4.09%.,Model view: the setup leaned constructive. Confidence was around 98%. Technical state looks mixed. MACD remains on the bearish side. Volatility is relatively contained at roughly 10.8%. No recent matched news was found for this ticker/date. Relative strength versus the benchmark looked weak. 1-month excess return -0.98%; 3-month excess return -3.33%; 6-month excess return 4.09%.
2025-01-10,BRK-B,1,1.0,0.9993294139817904,hit,logistic_regression,target_5d_updown,Technical state looks mixed. RSI is weak near 32.6. MACD remains on the bearish side. Volatility is relatively contained at roughly 12.7%.,No recent matched news was found for this ticker/date.,Relative strength versus the benchmark looked weak. 1-month excess return -0.61%; 3-month excess return -3.55%; 6-month excess return 1.30%.,Model view: the setup leaned constructive. Confidence was around 100%. Technical state looks mixed. RSI is weak near 32.6. MACD remains on the bearish side. Volatility is relatively contained at roughly 12.7%. No recent matched news was found for this ticker/date. Relative strength versus the benchmark looked weak. 1-month excess return -0.61%; 3-month excess return -3.55%; 6-month excess return 1.30%.
2025-01-13,BRK-B,1,1.0,0.9992422267105936,hit,logistic_regression,target_5d_updown,Technical state looks mixed. RSI is weak near 34.7. MACD remains on the bearish side. Volatility is relatively contained at roughly 12.9%.,No recent matched news was found for this ticker/date.,Relative strength versus the benchmark looked weak. 1-month excess return -0.45%; 3-month excess return -3.37%; 6-month excess return 0.69%.,Model view: the setup leaned constructive. Confidence was around 100%. Technical state looks mixed. RSI is weak near 34.7. MACD remains on the bearish side. Volatility is relatively contained at roughly 12.9%. No recent matched news was found for this ticker/date. Relative strength versus the benchmark looked weak. 1-month excess return -0.45%; 3-month excess return -3.37%; 6-month excess return 0.69%.
2025-01-14,BRK-B,1,1.0,0.9956452071809738,hit,logistic_regression,target_5d_updown,Technical state looks mixed. MACD remains on the bearish side. Volatility is relatively contained at roughly 13.9%.,No recent matched news was found for this ticker/date.,Relative strength versus the benchmark looked weak. 1-month excess return 1.70%; 3-month excess return -2.69%; 6-month excess return -0.12%.,Model view: the setup leaned constructive. Confidence was around 100%. Technical state looks mixed. MACD remains on the bearish side. Volatility is relatively contained at roughly 13.9%. No recent matched news was found for this ticker/date. Relative strength versus the benchmark looked weak. 1-month excess return 1.70%; 3-month excess return -2.69%; 6-month excess return -0.12%.
2025-01-15,BRK-B,1,1.0,0.9863843471004449,hit,logistic_regression,target_5d_updown,Technical state looks mixed. RSI is in a steady zone near 53.6. MACD remains on the bullish side.,No recent matched news was found for this ticker/date.,Relative strength versus the benchmark looked weak. 1-month excess return 1.88%; 3-month excess return -1.81%; 6-month excess return -0.54%.,Model view: the setup leaned constructive. Confidence was around 99%. Technical state looks mixed. RSI is in a steady zone near 53.6. MACD remains on the bullish side. No recent matched news was found for this ticker/date. Relative strength versus the benchmark looked weak. 1-month excess return 1.88%; 3-month excess return -1.81%; 6-month excess return -0.54%.
2025-01-16,BRK-B,1,1.0,0.9854708164665625,hit,logistic_regression,target_5d_updown,Technical state looks mixed. RSI is in a steady zone near 57.6. MACD remains on the bullish side.,No recent matched news was found for this ticker/date.,Relative strength versus the benchmark looked weak. 1-month excess return 3.12%; 3-month excess return -2.08%; 6-month excess return -2.48%.,Model view: the setup leaned constructive. Confidence was around 99%. Technical state looks mixed. RSI is in a steady zone near 57.6. MACD remains on the bullish side. No recent matched news was found for this ticker/date. Relative strength versus the benchmark looked weak. 1-month excess return 3.12%; 3-month excess return -2.08%; 6-month excess return -2.48%.
2025-01-17,BRK-B,1,1.0,0.7049177250482321,hit,logistic_regression,target_5d_updown,Technical state looks mixed. RSI is in a steady zone near 61.8. MACD remains on the bullish side.,No recent matched news was found for this ticker/date.,Relative strength versus the benchmark looked weak. 1-month excess return 4.29%; 3-month excess return -2.18%; 6-month excess return -2.26%.,Model view: the setup leaned constructive. Confidence was around 70%. Technical state looks mixed. RSI is in a steady zone near 61.8. MACD remains on the bullish side. No recent matched news was found for this ticker/date. Relative strength versus the benchmark looked weak. 1-month excess return 4.29%; 3-month excess return -2.18%; 6-month excess return -2.26%.
2025-01-21,BRK-B,1,0.0,0.5034356255349082,miss,logistic_regression,target_5d_updown,Technical state looks mixed. RSI is in a steady zone near 62.3. MACD remains on the bullish side. Volatility is relatively contained at roughly 14.1%.,No recent matched news was found for this ticker/date.,Relative strength versus the benchmark looked weak. 1-month excess return 3.01%; 3-month excess return -3.00%; 6-month excess return -2.04%.,Model view: the setup leaned cautious. Confidence was around 50%. Technical state looks mixed. RSI is in a steady zone near 62.3. MACD remains on the bullish side. Volatility is relatively contained at roughly 14.1%. No recent matched news was found for this ticker/date. Relative strength versus the benchmark looked weak. 1-month excess return 3.01%; 3-month excess return -3.00%; 6-month excess return -2.04%.
2025-01-22,BRK-B,1,1.0,0.9630061274551166,hit,logistic_regression,target_5d_updown,Technical state looks mixed. RSI is in a steady zone near 52.8. MACD remains on the bullish side.,No recent matched news was found for this ticker/date.,Relative strength versus the benchmark looked weak. 1-month excess return -0.31%; 3-month excess return -4.69%; 6-month excess return -3.75%.,Model view: the setup leaned constructive. Confidence was around 96%. Technical state looks mixed. RSI is in a steady zone near 52.8. MACD remains on the bullish side. No recent matched news was found for this ticker/date. Relative strength versus the benchmark looked weak. 1-month excess return -0.31%; 3-month excess return -4.69%; 6-month excess return -3.75%.
2025-01-23,BRK-B,1,1.0,0.9818769206652783,hit,logistic_regression,target_5d_updown,Technical state looks mixed. RSI is in a steady zone near 52.1. MACD remains on the bullish side.,No recent matched news was found for this ticker/date.,Relative strength versus the benchmark looked weak. 1-month excess return -1.70%; 3-month excess return -5.44%; 6-month excess return -4.22%.,Model view: the setup leaned constructive. Confidence was around 98%. Technical state looks mixed. RSI is in a steady zone near 52.1. MACD remains on the bullish side. No recent matched news was found for this ticker/date. Relative strength versus the benchmark looked weak. 1-month excess return -1.70%; 3-month excess return -5.44%; 6-month excess return -4.22%.
2025-01-24,BRK-B,1,1.0,0.9680909629293346,hit,logistic_regression,target_5d_updown,Technical state looks mixed. RSI is in a steady zone near 55.3. MACD remains on the bullish side.,No recent matched news was found for this ticker/date.,Relative strength versus the benchmark looked weak. 1-month excess return -0.36%; 3-month excess return -3.88%; 6-month excess return -5.39%.,Model view: the setup leaned constructive. Confidence was around 97%. Technical state looks mixed. RSI is in a steady zone near 55.3. MACD remains on the bullish side. No recent matched news was found for this ticker/date. Relative strength versus the benchmark looked weak. 1-month excess return -0.36%; 3-month excess return -3.88%; 6-month excess return -5.39%.
2025-01-27,BRK-B,0,1.0,0.7916700369642129,miss,logistic_regression,target_5d_updown,Technical state looks mixed. RSI is in a steady zone near 64.3. MACD remains on the bullish side.,No recent matched news was found for this ticker/date.,Relative strength versus the benchmark looked weak. 1-month excess return 3.74%; 3-month excess return -0.70%; 6-month excess return -1.85%.,Model view: the setup leaned constructive. Confidence was around 79%. Technical state looks mixed. RSI is in a steady zone near 64.3. MACD remains on the bullish side. No recent matched news was found for this ticker/date. Relative strength versus the benchmark looked weak. 1-month excess return 3.74%; 3-month excess return -0.70%; 6-month excess return -1.85%.
2025-01-28,BRK-B,0,1.0,0.7366053180323779,miss,logistic_regression,target_5d_updown,Technical state looks mixed. RSI is in a steady zone near 59.0. MACD remains on the bullish side.,No recent matched news was found for this ticker/date.,Relative strength versus the benchmark looked weak. 1-month excess return 1.92%; 3-month excess return -1.73%; 6-month excess return -3.71%.,Model view: the setup leaned constructive. Confidence was around 74%. Technical state looks mixed. RSI is in a steady zone near 59.0. MACD remains on the bullish side. No recent matched news was found for this ticker/date. Relative strength versus the benchmark looked weak. 1-month excess return 1.92%; 3-month excess return -1.73%; 6-month excess return -3.71%.
2025-01-29,BRK-B,1,1.0,0.6698540174383676,hit,logistic_regression,target_5d_updown,Technical state looks mixed. RSI is in a steady zone near 58.3. MACD remains on the bullish side.,No recent matched news was found for this ticker/date.,Relative strength versus the benchmark looked weak. 1-month excess return 2.11%; 3-month excess return -0.61%; 6-month excess return -3.47%.,Model view: the setup leaned constructive. Confidence was around 67%. Technical state looks mixed. RSI is in a steady zone near 58.3. MACD remains on the bullish side. No recent matched news was found for this ticker/date. Relative strength versus the benchmark looked weak. 1-month excess return 2.11%; 3-month excess return -0.61%; 6-month excess return -3.47%.
2025-01-30,BRK-B,1,0.0,0.7588885414337807,miss,logistic_regression,target_5d_updown,Technical state looks mixed. RSI is in a steady zone near 60.7. MACD remains on the bullish side.,No recent matched news was found for this ticker/date.,Relative strength versus the benchmark looked weak. 1-month excess return 1.78%; 3-month excess return -1.17%; 6-month excess return -4.64%.,Model view: the setup leaned cautious. Confidence was around 76%. Technical state looks mixed. RSI is in a steady zone near 60.7. MACD remains on the bullish side. No recent matched news was found for this ticker/date. Relative strength versus the benchmark looked weak. 1-month excess return 1.78%; 3-month excess return -1.17%; 6-month excess return -4.64%.
2025-01-31,BRK-B,1,1.0,0.5271939541058506,hit,logistic_regression,target_5d_updown,Technical state looks mixed. RSI is in a steady zone near 56.5. MACD remains on the bullish side.,No recent matched news was found for this ticker/date.,Relative strength versus the benchmark looked weak. 1-month excess return 1.37%; 3-month excess return -0.38%; 6-month excess return -2.49%.,Model view: the setup leaned constructive. Confidence was around 53%. Technical state looks mixed. RSI is in a steady zone near 56.5. MACD remains on the bullish side. No recent matched news was found for this ticker/date. Relative strength versus the benchmark looked weak. 1-month excess return 1.37%; 3-month excess return -0.38%; 6-month excess return -2.49%.
2025-02-03,BRK-B,1,1.0,0.9363904864450998,hit,logistic_regression,target_5d_updown,Technical state looks mixed. RSI is in a steady zone near 52.3. MACD remains on the bullish side.,No recent matched news was found for this ticker/date.,Relative strength versus the benchmark looked weak. 1-month excess return 0.48%; 3-month excess return -0.98%; 6-month excess return -2.56%.,Model view: the setup leaned constructive. Confidence was around 94%. Technical state looks mixed. RSI is in a steady zone near 52.3. MACD remains on the bullish side. No recent matched news was found for this ticker/date. Relative strength versus the benchmark looked weak. 1-month excess return 0.48%; 3-month excess return -0.98%; 6-month excess return -2.56%.
2025-02-04,BRK-B,1,1.0,0.5195869096977493,hit,logistic_regression,target_5d_updown,Technical state looks mixed. RSI is in a steady zone near 54.9. MACD remains on the bullish side.,No recent matched news was found for this ticker/date.,Relative strength versus the benchmark looked weak. 1-month excess return 0.68%; 3-month excess return -2.20%; 6-month excess return -3.81%.,Model view: the setup leaned constructive. Confidence was around 52%. Technical state looks mixed. RSI is in a steady zone near 54.9. MACD remains on the bullish side. No recent matched news was found for this ticker/date. Relative strength versus the benchmark looked weak. 1-month excess return 0.68%; 3-month excess return -2.20%; 6-month excess return -3.81%.
2025-02-05,BRK-B,0,0.0,0.9482425274748153,hit,logistic_regression,target_5d_updown,Technical state looks mixed. RSI is in a steady zone near 59.9. MACD remains on the bullish side.,No recent matched news was found for this ticker/date.,Relative strength versus the benchmark looked weak. 1-month excess return 2.39%; 3-month excess return -1.07%; 6-month excess return -2.42%.,Model view: the setup leaned cautious. Confidence was around 95%. Technical state looks mixed. RSI is in a steady zone near 59.9. MACD remains on the bullish side. No recent matched news was found for this ticker/date. Relative strength versus the benchmark looked weak. 1-month excess return 2.39%; 3-month excess return -1.07%; 6-month excess return -2.42%.
2025-02-06,BRK-B,1,0.0,0.921906284988545,miss,logistic_regression,target_5d_updown,Technical state looks mixed. RSI is in a steady zone near 62.5. MACD remains on the bullish side.,No recent matched news was found for this ticker/date.,Relative strength versus the benchmark looked mixed. 1-month excess return 3.88%; 3-month excess return 1.44%; 6-month excess return -3.14%.,Model view: the setup leaned cautious. Confidence was around 92%. Technical state looks mixed. RSI is in a steady zone near 62.5. MACD remains on the bullish side. No recent matched news was found for this ticker/date. Relative strength versus the benchmark looked mixed. 1-month excess return 3.88%; 3-month excess return 1.44%; 6-month excess return -3.14%.
2025-02-07,BRK-B,1,0.0,0.6241830455982913,miss,logistic_regression,target_5d_updown,Technical state looks mixed. RSI is in a steady zone near 57.4. MACD remains on the bullish side.,No recent matched news was found for this ticker/date.,Relative strength versus the benchmark looked mixed. 1-month excess return 2.38%; 3-month excess return 2.05%; 6-month excess return -5.15%.,Model view: the setup leaned cautious. Confidence was around 62%. Technical state looks mixed. RSI is in a steady zone near 57.4. MACD remains on the bullish side. No recent matched news was found for this ticker/date. Relative strength versus the benchmark looked mixed. 1-month excess return 2.38%; 3-month excess return 2.05%; 6-month excess return -5.15%.
2025-02-10,BRK-B,1,0.0,0.9057979475422407,miss,logistic_regression,target_5d_updown,Technical state looks mixed. RSI is in a steady zone near 54.7. MACD remains on the bullish side.,No recent matched news was found for this ticker/date.,Relative strength versus the benchmark looked weak. 1-month excess return 1.47%; 3-month excess return -2.09%; 6-month excess return -5.08%.,Model view: the setup leaned cautious. Confidence was around 91%. Technical state looks mixed. RSI is in a steady zone near 54.7. MACD remains on the bullish side. No recent matched news was found for this ticker/date. Relative strength versus the benchmark looked weak. 1-month excess return 1.47%; 3-month excess return -2.09%; 6-month excess return -5.08%.
2025-02-11,BRK-B,1,0.0,0.6687228529383997,miss,logistic_regression,target_5d_updown,"Technical state is constructive, with price above the 50-day and 200-day averages. RSI is in a steady zone near 56.8. MACD remains on the bullish side.",No recent matched news was found for this ticker/date.,Relative strength versus the benchmark looked mixed. 1-month excess return 2.50%; 3-month excess return 1.05%; 6-month excess return -4.16%.,"Model view: the setup leaned cautious. Confidence was around 67%. Technical state is constructive, with price above the 50-day and 200-day averages. RSI is in a steady zone near 56.8. MACD remains on the bullish side. No recent matched news was found for this ticker/date. Relative strength versus the benchmark looked mixed. 1-month excess return 2.50%; 3-month excess return 1.05%; 6-month excess return -4.16%."
2025-02-12,BRK-B,1,0.0,0.6744949788352188,miss,logistic_regression,target_5d_updown,"Technical state is constructive, with price above the 50-day and 200-day averages. RSI is in a steady zone near 55.8. MACD remains on the bullish side.",No recent matched news was found for this ticker/date.,Relative strength versus the benchmark looked mixed. 1-month excess return 2.48%; 3-month excess return 0.91%; 6-month excess return -3.61%.,"Model view: the setup leaned cautious. Confidence was around 67%. Technical state is constructive, with price above the 50-day and 200-day averages. RSI is in a steady zone near 55.8. MACD remains on the bullish side. No recent matched news was found for this ticker/date. Relative strength versus the benchmark looked mixed. 1-month excess return 2.48%; 3-month excess return 0.91%; 6-month excess return -3.61%."
2025-02-13,BRK-B,0,0.0,0.9450829782969777,hit,logistic_regression,target_5d_updown,"Technical state is constructive, with price above the 50-day and 200-day averages. RSI is in a steady zone near 62.8. MACD remains on the bullish side.",No recent matched news was found for this ticker/date.,Relative strength versus the benchmark looked mixed. 1-month excess return 2.02%; 3-month excess return 0.94%; 6-month excess return -1.42%.,"Model view: the setup leaned cautious. Confidence was around 95%. Technical state is constructive, with price above the 50-day and 200-day averages. RSI is in a steady zone near 62.8. MACD remains on the bullish side. No recent matched news was found for this ticker/date. Relative strength versus the benchmark looked mixed. 1-month excess return 2.02%; 3-month excess return 0.94%; 6-month excess return -1.42%."
2025-02-14,BRK-B,1,0.0,0.9333958129960905,miss,logistic_regression,target_5d_updown,"Technical state is constructive, with price above the 50-day and 200-day averages. RSI is in a steady zone near 61.8. MACD remains on the bullish side.",No recent matched news was found for this ticker/date.,Relative strength versus the benchmark looked mixed. 1-month excess return 1.73%; 3-month excess return 0.68%; 6-month excess return -2.80%.,"Model view: the setup leaned cautious. Confidence was around 93%. Technical state is constructive, with price above the 50-day and 200-day averages. RSI is in a steady zone near 61.8. MACD remains on the bullish side. No recent matched news was found for this ticker/date. Relative strength versus the benchmark looked mixed. 1-month excess return 1.73%; 3-month excess return 0.68%; 6-month excess return -2.80%."
2025-02-18,BRK-B,1,0.0,0.9796756338396747,miss,logistic_regression,target_5d_updown,"Technical state is constructive, with price above the 50-day and 200-day averages. RSI is in a steady zone near 64.1. MACD remains on the bullish side.",No recent matched news was found for this ticker/date.,Relative strength versus the benchmark looked mixed. 1-month excess return 1.00%; 3-month excess return 0.73%; 6-month excess return -1.09%.,"Model view: the setup leaned cautious. Confidence was around 98%. Technical state is constructive, with price above the 50-day and 200-day averages. RSI is in a steady zone near 64.1. MACD remains on the bullish side. No recent matched news was found for this ticker/date. Relative strength versus the benchmark looked mixed. 1-month excess return 1.00%; 3-month excess return 0.73%; 6-month excess return -1.09%."
2025-02-19,BRK-B,1,0.0,0.9781016702346359,miss,logistic_regression,target_5d_updown,"Technical state is constructive, with price above the 50-day and 200-day averages. RSI is in a steady zone near 64.8. MACD remains on the bullish side.",No recent matched news was found for this ticker/date.,Relative strength versus the benchmark looked mixed. 1-month excess return 0.79%; 3-month excess return 0.11%; 6-month excess return -1.81%.,"Model view: the setup leaned cautious. Confidence was around 98%. Technical state is constructive, with price above the 50-day and 200-day averages. RSI is in a steady zone near 64.8. MACD remains on the bullish side. No recent matched news was found for this ticker/date. Relative strength versus the benchmark looked mixed. 1-month excess return 0.79%; 3-month excess return 0.11%; 6-month excess return -1.81%."
2025-02-20,BRK-B,1,0.0,0.9930368307215777,miss,logistic_regression,target_5d_updown,"Technical state is constructive, with price above the 50-day and 200-day averages. RSI is in a steady zone near 62.1. MACD remains on the bullish side. Volatility is relatively contained at roughly 14.9%.",No recent matched news was found for this ticker/date.,Relative strength versus the benchmark looked weak. 1-month excess return 1.59%; 3-month excess return -1.78%; 6-month excess return -1.77%.,"Model view: the setup leaned cautious. Confidence was around 99%. Technical state is constructive, with price above the 50-day and 200-day averages. RSI is in a steady zone near 62.1. MACD remains on the bullish side. Volatility is relatively contained at roughly 14.9%. No recent matched news was found for this ticker/date. Relative strength versus the benchmark looked weak. 1-month excess return 1.59%; 3-month excess return -1.78%; 6-month excess return -1.77%."
2025-02-21,BRK-B,1,0.0,0.989984652874922,miss,logistic_regression,target_5d_updown,"Technical state is constructive, with price above the 50-day and 200-day averages. RSI is in a steady zone near 58.1. MACD remains on the bullish side.",No recent matched news was found for this ticker/date.,Relative strength versus the benchmark looked weak. 1-month excess return 5.01%; 3-month excess return -0.65%; 6-month excess return -0.67%.,"Model view: the setup leaned cautious. Confidence was around 99%. Technical state is constructive, with price above the 50-day and 200-day averages. RSI is in a steady zone near 58.1. MACD remains on the bullish side. No recent matched news was found for this ticker/date. Relative strength versus the benchmark looked weak. 1-month excess return 5.01%; 3-month excess return -0.65%; 6-month excess return -0.67%."
2025-02-24,BRK-B,1,0.0,0.9976098423623422,miss,logistic_regression,target_5d_updown,"Technical state is constructive, with price above the 50-day and 200-day averages. RSI is elevated near 71.1, so chasing strength may add risk. MACD remains on the bullish side.",No recent matched news was found for this ticker/date.,Relative strength versus the benchmark looked favorable. 1-month excess return 10.45%; 3-month excess return 5.12%; 6-month excess return 5.04%.,"Model view: the setup leaned cautious. Confidence was around 100%. Technical state is constructive, with price above the 50-day and 200-day averages. RSI is elevated near 71.1, so chasing strength may add risk. MACD remains on the bullish side. No recent matched news was found for this ticker/date. Relative strength versus the benchmark looked favorable. 1-month excess return 10.45%; 3-month excess return 5.12%; 6-month excess return 5.04%."
2025-02-25,BRK-B,0,0.0,0.9993931990011543,hit,logistic_regression,target_5d_updown,"Technical state is constructive, with price above the 50-day and 200-day averages. RSI is elevated near 71.8, so chasing strength may add risk. MACD remains on the bullish side.",No recent matched news was found for this ticker/date.,Relative strength versus the benchmark looked favorable. 1-month excess return 10.16%; 3-month excess return 5.96%; 6-month excess return 4.41%.,"Model view: the setup leaned cautious. Confidence was around 100%. Technical state is constructive, with price above the 50-day and 200-day averages. RSI is elevated near 71.8, so chasing strength may add risk. MACD remains on the bullish side. No recent matched news was found for this ticker/date. Relative strength versus the benchmark looked favorable. 1-month excess return 10.16%; 3-month excess return 5.96%; 6-month excess return 4.41%."
2025-02-26,BRK-B,1,0.0,0.9884003558785884,miss,logistic_regression,target_5d_updown,"Technical state is constructive, with price above the 50-day and 200-day averages. MACD remains on the bullish side.",No recent matched news was found for this ticker/date.,Relative strength versus the benchmark looked favorable. 1-month excess return 4.90%; 3-month excess return 4.47%; 6-month excess return 3.16%.,"Model view: the setup leaned cautious. Confidence was around 99%. Technical state is constructive, with price above the 50-day and 200-day averages. MACD remains on the bullish side. No recent matched news was found for this ticker/date. Relative strength versus the benchmark looked favorable. 1-month excess return 4.90%; 3-month excess return 4.47%; 6-month excess return 3.16%."
2025-02-27,BRK-B,0,0.0,0.9987415293081903,hit,logistic_regression,target_5d_updown,"Technical state is constructive, with price above the 50-day and 200-day averages. MACD remains on the bullish side.",No recent matched news was found for this ticker/date.,Relative strength versus the benchmark looked favorable. 1-month excess return 10.12%; 3-month excess return 7.16%; 6-month excess return 6.16%.,"Model view: the setup leaned cautious. Confidence was around 100%. Technical state is constructive, with price above the 50-day and 200-day averages. MACD remains on the bullish side. No recent matched news was found for this ticker/date. Relative strength versus the benchmark looked favorable. 1-month excess return 10.12%; 3-month excess return 7.16%; 6-month excess return 6.16%."
2025-02-28,BRK-B,0,0.0,0.999923504722349,hit,logistic_regression,target_5d_updown,"Technical state is constructive, with price above the 50-day and 200-day averages. RSI is elevated near 74.4, so chasing strength may add risk. MACD remains on the bullish side.",No recent matched news was found for this ticker/date.,Relative strength versus the benchmark looked favorable. 1-month excess return 10.78%; 3-month excess return 8.15%; 6-month excess return 5.69%.,"Model view: the setup leaned cautious. Confidence was around 100%. Technical state is constructive, with price above the 50-day and 200-day averages. RSI is elevated near 74.4, so chasing strength may add risk. MACD remains on the bullish side. No recent matched news was found for this ticker/date. Relative strength versus the benchmark looked favorable. 1-month excess return 10.78%; 3-month excess return 8.15%; 6-month excess return 5.69%."
2025-03-03,BRK-B,0,0.0,0.9965025080934325,hit,logistic_regression,target_5d_updown,"Technical state is constructive, with price above the 50-day and 200-day averages. RSI is elevated near 70.4, so chasing strength may add risk. MACD remains on the bullish side.",No recent matched news was found for this ticker/date.,Relative strength versus the benchmark looked favorable. 1-month excess return 11.47%; 3-month excess return 9.37%; 6-month excess return 5.16%.,"Model view: the setup leaned cautious. Confidence was around 100%. Technical state is constructive, with price above the 50-day and 200-day averages. RSI is elevated near 70.4, so chasing strength may add risk. MACD remains on the bullish side. No recent matched news was found for this ticker/date. Relative strength versus the benchmark looked favorable. 1-month excess return 11.47%; 3-month excess return 9.37%; 6-month excess return 5.16%."
2025-03-04,BRK-B,1,0.0,0.9116516323636454,miss,logistic_regression,target_5d_updown,"Technical state is constructive, with price above the 50-day and 200-day averages. RSI is in a steady zone near 57.9. MACD remains on the bullish side.",No recent matched news was found for this ticker/date.,Relative strength versus the benchmark looked favorable. 1-month excess return 9.94%; 3-month excess return 6.30%; 6-month excess return 2.51%.,"Model view: the setup leaned cautious. Confidence was around 91%. Technical state is constructive, with price above the 50-day and 200-day averages. RSI is in a steady zone near 57.9. MACD remains on the bullish side. No recent matched news was found for this ticker/date. Relative strength versus the benchmark looked favorable. 1-month excess return 9.94%; 3-month excess return 6.30%; 6-month excess return 2.51%."
2025-03-05,BRK-B,0,0.0,0.9758837916830357,hit,logistic_regression,target_5d_updown,"Technical state is constructive, with price above the 50-day and 200-day averages. RSI is in a steady zone near 59.4. MACD remains on the bullish side.",No recent matched news was found for this ticker/date.,Relative strength versus the benchmark looked favorable. 1-month excess return 9.71%; 3-month excess return 6.29%; 6-month excess return 1.20%.,"Model view: the setup leaned cautious. Confidence was around 98%. Technical state is constructive, with price above the 50-day and 200-day averages. RSI is in a steady zone near 59.4. MACD remains on the bullish side. No recent matched news was found for this ticker/date. Relative strength versus the benchmark looked favorable. 1-month excess return 9.71%; 3-month excess return 6.29%; 6-month excess return 1.20%."
2025-03-06,BRK-B,1,0.0,0.8804976839232296,miss,logistic_regression,target_5d_updown,"Technical state is constructive, with price above the 50-day and 200-day averages. RSI is in a steady zone near 58.8. MACD remains on the bullish side.",No recent matched news was found for this ticker/date.,Relative strength versus the benchmark looked favorable. 1-month excess return 11.31%; 3-month excess return 9.40%; 6-month excess return 0.64%.,"Model view: the setup leaned cautious. Confidence was around 88%. Technical state is constructive, with price above the 50-day and 200-day averages. RSI is in a steady zone near 58.8. MACD remains on the bullish side. No recent matched news was found for this ticker/date. Relative strength versus the benchmark looked favorable. 1-month excess return 11.31%; 3-month excess return 9.40%; 6-month excess return 0.64%."
2025-03-07,BRK-B,1,0.0,0.9702011720543208,miss,logistic_regression,target_5d_updown,"Technical state is constructive, with price above the 50-day and 200-day averages. RSI is in a steady zone near 56.9. MACD remains on the bearish side.",No recent matched news was found for this ticker/date.,Relative strength versus the benchmark looked mixed. 1-month excess return 9.32%; 3-month excess return 10.03%; 6-month excess return -1.02%.,"Model view: the setup leaned cautious. Confidence was around 97%. Technical state is constructive, with price above the 50-day and 200-day averages. RSI is in a steady zone near 56.9. MACD remains on the bearish side. No recent matched news was found for this ticker/date. Relative strength versus the benchmark looked mixed. 1-month excess return 9.32%; 3-month excess return 10.03%; 6-month excess return -1.02%."
2025-03-10,BRK-B,1,0.0,0.9427915416204976,miss,logistic_regression,target_5d_updown,"Technical state is constructive, with price above the 50-day and 200-day averages. RSI is in a steady zone near 57.9. MACD remains on the bearish side.",No recent matched news was found for this ticker/date.,Relative strength versus the benchmark looked favorable. 1-month excess return 11.72%; 3-month excess return 13.87%; 6-month excess return 4.85%.,"Model view: the setup leaned cautious. Confidence was around 94%. Technical state is constructive, with price above the 50-day and 200-day averages. RSI is in a steady zone near 57.9. MACD remains on the bearish side. No recent matched news was found for this ticker/date. Relative strength versus the benchmark looked favorable. 1-month excess return 11.72%; 3-month excess return 13.87%; 6-month excess return 4.85%."
2025-03-11,BRK-B,1,0.0,0.9953760356021446,miss,logistic_regression,target_5d_updown,"Technical state is constructive, with price above the 50-day and 200-day averages. RSI is in a steady zone near 57.1. MACD remains on the bearish side.",No recent matched news was found for this ticker/date.,Relative strength versus the benchmark looked favorable. 1-month excess return 12.38%; 3-month excess return 13.78%; 6-month excess return 5.07%.,"Model view: the setup leaned cautious. Confidence was around 100%. Technical state is constructive, with price above the 50-day and 200-day averages. RSI is in a steady zone near 57.1. MACD remains on the bearish side. No recent matched news was found for this ticker/date. Relative strength versus the benchmark looked favorable. 1-month excess return 12.38%; 3-month excess return 13.78%; 6-month excess return 5.07%."
2025-03-12,BRK-B,1,0.0,0.9974331751133187,miss,logistic_regression,target_5d_updown,"Technical state is constructive, with price above the 50-day and 200-day averages. RSI is in a steady zone near 56.8. MACD remains on the bearish side.",No recent matched news was found for this ticker/date.,Relative strength versus the benchmark looked favorable. 1-month excess return 13.10%; 3-month excess return 13.47%; 6-month excess return 5.61%.,"Model view: the setup leaned cautious. Confidence was around 100%. Technical state is constructive, with price above the 50-day and 200-day averages. RSI is in a steady zone near 56.8. MACD remains on the bearish side. No recent matched news was found for this ticker/date. Relative strength versus the benchmark looked favorable. 1-month excess return 13.10%; 3-month excess return 13.47%; 6-month excess return 5.61%."
2025-03-13,BRK-B,1,0.0,0.9985086355989813,miss,logistic_regression,target_5d_updown,"Technical state is constructive, with price above the 50-day and 200-day averages. RSI is in a steady zone near 62.6. MACD remains on the bearish side.",No recent matched news was found for this ticker/date.,Relative strength versus the benchmark looked favorable. 1-month excess return 15.61%; 3-month excess return 17.49%; 6-month excess return 9.33%.,"Model view: the setup leaned cautious. Confidence was around 100%. Technical state is constructive, with price above the 50-day and 200-day averages. RSI is in a steady zone near 62.6. MACD remains on the bearish side. No recent matched news was found for this ticker/date. Relative strength versus the benchmark looked favorable. 1-month excess return 15.61%; 3-month excess return 17.49%; 6-month excess return 9.33%."
2025-03-14,BRK-B,1,0.0,0.999982602370028,miss,logistic_regression,target_5d_updown,"Technical state is constructive, with price above the 50-day and 200-day averages. MACD remains on the bullish side.",No recent matched news was found for this ticker/date.,Relative strength versus the benchmark looked favorable. 1-month excess return 15.82%; 3-month excess return 17.92%; 6-month excess return 12.00%.,"Model view: the setup leaned cautious. Confidence was around 100%. Technical state is constructive, with price above the 50-day and 200-day averages. MACD remains on the bullish side. No recent matched news was found for this ticker/date. Relative strength versus the benchmark looked favorable. 1-month excess return 15.82%; 3-month excess return 17.92%; 6-month excess return 12.00%."
2025-03-17,BRK-B,1,0.0,0.9999228033583287,miss,logistic_regression,target_5d_updown,"Technical state is constructive, with price above the 50-day and 200-day averages. RSI is elevated near 72.0, so chasing strength may add risk. MACD remains on the bullish side.",No recent matched news was found for this ticker/date.,Relative strength versus the benchmark looked favorable. 1-month excess return 15.85%; 3-month excess return 20.00%; 6-month excess return 14.53%.,"Model view: the setup leaned cautious. Confidence was around 100%. Technical state is constructive, with price above the 50-day and 200-day averages. RSI is elevated near 72.0, so chasing strength may add risk. MACD remains on the bullish side. No recent matched news was found for this ticker/date. Relative strength versus the benchmark looked favorable. 1-month excess return 15.85%; 3-month excess return 20.00%; 6-month excess return 14.53%."
2025-03-18,BRK-B,1,0.0,0.9998883063302009,miss,logistic_regression,target_5d_updown,"Technical state is constructive, with price above the 50-day and 200-day averages. RSI is elevated near 72.1, so chasing strength may add risk. MACD remains on the bullish side.",No recent matched news was found for this ticker/date.,Relative strength versus the benchmark looked favorable. 1-month excess return 17.07%; 3-month excess return 21.22%; 6-month excess return 17.00%.,"Model view: the setup leaned cautious. Confidence was around 100%. Technical state is constructive, with price above the 50-day and 200-day averages. RSI is elevated near 72.1, so chasing strength may add risk. MACD remains on the bullish side. No recent matched news was found for this ticker/date. Relative strength versus the benchmark looked favorable. 1-month excess return 17.07%; 3-month excess return 21.22%; 6-month excess return 17.00%."
2025-03-19,BRK-B,1,0.0,0.9999670993037528,miss,logistic_regression,target_5d_updown,"Technical state is constructive, with price above the 50-day and 200-day averages. RSI is elevated near 73.0, so chasing strength may add risk. MACD remains on the bullish side.",No recent matched news was found for this ticker/date.,Relative strength versus the benchmark looked favorable. 1-month excess return 16.08%; 3-month excess return 20.88%; 6-month excess return 15.50%.,"Model view: the setup leaned cautious. Confidence was around 100%. Technical state is constructive, with price above the 50-day and 200-day averages. RSI is elevated near 73.0, so chasing strength may add risk. MACD remains on the bullish side. No recent matched news was found for this ticker/date. Relative strength versus the benchmark looked favorable. 1-month excess return 16.08%; 3-month excess return 20.88%; 6-month excess return 15.50%."
2025-03-20,BRK-B,1,0.0,0.9998749453838301,miss,logistic_regression,target_5d_updown,"Technical state is constructive, with price above the 50-day and 200-day averages. RSI is elevated near 74.5, so chasing strength may add risk. MACD remains on the bullish side.",No recent matched news was found for this ticker/date.,Relative strength versus the benchmark looked favorable. 1-month excess return 17.02%; 3-month excess return 22.90%; 6-month excess return 15.29%.,"Model view: the setup leaned cautious. Confidence was around 100%. Technical state is constructive, with price above the 50-day and 200-day averages. RSI is elevated near 74.5, so chasing strength may add risk. MACD remains on the bullish side. No recent matched news was found for this ticker/date. Relative strength versus the benchmark looked favorable. 1-month excess return 17.02%; 3-month excess return 22.90%; 6-month excess return 15.29%."
2025-03-21,BRK-B,1,0.0,0.9998734206609086,miss,logistic_regression,target_5d_updown,"Technical state is constructive, with price above the 50-day and 200-day averages. MACD remains on the bullish side.",No recent matched news was found for this ticker/date.,Relative strength versus the benchmark looked favorable. 1-month excess return 15.64%; 3-month excess return 20.87%; 6-month excess return 13.46%.,"Model view: the setup leaned cautious. Confidence was around 100%. Technical state is constructive, with price above the 50-day and 200-day averages. MACD remains on the bullish side. No recent matched news was found for this ticker/date. Relative strength versus the benchmark looked favorable. 1-month excess return 15.64%; 3-month excess return 20.87%; 6-month excess return 13.46%."
2025-03-24,BRK-B,1,0.0,0.9999680887842559,miss,logistic_regression,target_5d_updown,"Technical state is constructive, with price above the 50-day and 200-day averages. MACD remains on the bullish side.",No recent matched news was found for this ticker/date.,Relative strength versus the benchmark looked favorable. 1-month excess return 13.89%; 3-month excess return 19.56%; 6-month excess return 13.53%.,"Model view: the setup leaned cautious. Confidence was around 100%. Technical state is constructive, with price above the 50-day and 200-day averages. MACD remains on the bullish side. No recent matched news was found for this ticker/date. Relative strength versus the benchmark looked favorable. 1-month excess return 13.89%; 3-month excess return 19.56%; 6-month excess return 13.53%."
2025-03-25,BRK-B,1,0.0,0.999920524589678,miss,logistic_regression,target_5d_updown,"Technical state is constructive, with price above the 50-day and 200-day averages. RSI is elevated near 70.2, so chasing strength may add risk. MACD remains on the bullish side.",No recent matched news was found for this ticker/date.,Relative strength versus the benchmark looked favorable. 1-month excess return 9.48%; 3-month excess return 19.24%; 6-month excess return 14.86%.,"Model view: the setup leaned cautious. Confidence was around 100%. Technical state is constructive, with price above the 50-day and 200-day averages. RSI is elevated near 70.2, so chasing strength may add risk. MACD remains on the bullish side. No recent matched news was found for this ticker/date. Relative strength versus the benchmark looked favorable. 1-month excess return 9.48%; 3-month excess return 19.24%; 6-month excess return 14.86%."
2025-03-26,BRK-B,1,0.0,0.9999776912353506,miss,logistic_regression,target_5d_updown,"Technical state is constructive, with price above the 50-day and 200-day averages. RSI is elevated near 72.3, so chasing strength may add risk. MACD remains on the bullish side.",No recent matched news was found for this ticker/date.,Relative strength versus the benchmark looked favorable. 1-month excess return 10.70%; 3-month excess return 21.43%; 6-month excess return 17.33%.,"Model view: the setup leaned cautious. Confidence was around 100%. Technical state is constructive, with price above the 50-day and 200-day averages. RSI is elevated near 72.3, so chasing strength may add risk. MACD remains on the bullish side. No recent matched news was found for this ticker/date. Relative strength versus the benchmark looked favorable. 1-month excess return 10.70%; 3-month excess return 21.43%; 6-month excess return 17.33%."
2025-03-27,BRK-B,0,0.0,0.9999963001317834,hit,logistic_regression,target_5d_updown,"Technical state is constructive, with price above the 50-day and 200-day averages. RSI is elevated near 72.9, so chasing strength may add risk. MACD remains on the bullish side.",No recent matched news was found for this ticker/date.,Relative strength versus the benchmark looked favorable. 1-month excess return 12.85%; 3-month excess return 22.39%; 6-month excess return 18.63%.,"Model view: the setup leaned cautious. Confidence was around 100%. Technical state is constructive, with price above the 50-day and 200-day averages. RSI is elevated near 72.9, so chasing strength may add risk. MACD remains on the bullish side. No recent matched news was found for this ticker/date. Relative strength versus the benchmark looked favorable. 1-month excess return 12.85%; 3-month excess return 22.39%; 6-month excess return 18.63%."
2025-03-28,BRK-B,0,0.0,0.9999899374422602,hit,logistic_regression,target_5d_updown,"Technical state is constructive, with price above the 50-day and 200-day averages. RSI is in a steady zone near 63.5. MACD remains on the bullish side.",No recent matched news was found for this ticker/date.,Relative strength versus the benchmark looked favorable. 1-month excess return 9.81%; 3-month excess return 22.35%; 6-month excess return 19.17%.,"Model view: the setup leaned cautious. Confidence was around 100%. Technical state is constructive, with price above the 50-day and 200-day averages. RSI is in a steady zone near 63.5. MACD remains on the bullish side. No recent matched news was found for this ticker/date. Relative strength versus the benchmark looked favorable. 1-month excess return 9.81%; 3-month excess return 22.35%; 6-month excess return 19.17%."
2025-03-31,BRK-B,0,0.0,0.9999996952665317,hit,logistic_regression,target_5d_updown,"Technical state is constructive, with price above the 50-day and 200-day averages. MACD remains on the bullish side.",No recent matched news was found for this ticker/date.,Relative strength versus the benchmark looked favorable. 1-month excess return 9.58%; 3-month excess return 23.05%; 6-month excess return 19.88%.,"Model view: the setup leaned cautious. Confidence was around 100%. Technical state is constructive, with price above the 50-day and 200-day averages. MACD remains on the bullish side. No recent matched news was found for this ticker/date. Relative strength versus the benchmark looked favorable. 1-month excess return 9.58%; 3-month excess return 23.05%; 6-month excess return 19.88%."
2025-04-01,BRK-B,0,0.0,0.9999998024960918,hit,logistic_regression,target_5d_updown,"Technical state is constructive, with price above the 50-day and 200-day averages. MACD remains on the bullish side. Volatility is relatively contained at roughly 14.3%.",No recent matched news was found for this ticker/date.,Relative strength versus the benchmark looked favorable. 1-month excess return 8.42%; 3-month excess return 22.47%; 6-month excess return 18.33%.,"Model view: the setup leaned cautious. Confidence was around 100%. Technical state is constructive, with price above the 50-day and 200-day averages. MACD remains on the bullish side. Volatility is relatively contained at roughly 14.3%. No recent matched news was found for this ticker/date. Relative strength versus the benchmark looked favorable. 1-month excess return 8.42%; 3-month excess return 22.47%; 6-month excess return 18.33%."
2025-04-02,BRK-B,0,0.0,0.9999997365710144,hit,logistic_regression,target_5d_updown,"Technical state is constructive, with price above the 50-day and 200-day averages. MACD remains on the bullish side. Volatility is relatively contained at roughly 14.4%.",No recent matched news was found for this ticker/date.,Relative strength versus the benchmark looked favorable. 1-month excess return 10.62%; 3-month excess return 23.00%; 6-month excess return 18.49%.,"Model view: the setup leaned cautious. Confidence was around 100%. Technical state is constructive, with price above the 50-day and 200-day averages. MACD remains on the bullish side. Volatility is relatively contained at roughly 14.4%. No recent matched news was found for this ticker/date. Relative strength versus the benchmark looked favorable. 1-month excess return 10.62%; 3-month excess return 23.00%; 6-month excess return 18.49%."
2025-04-03,BRK-B,0,0.0,0.9999977346419504,hit,logistic_regression,target_5d_updown,"Technical state is constructive, with price above the 50-day and 200-day averages. RSI is in a steady zone near 61.6. MACD remains on the bearish side.",No recent matched news was found for this ticker/date.,Relative strength versus the benchmark looked favorable. 1-month excess return 14.23%; 3-month excess return 25.25%; 6-month excess return 21.37%.,"Model view: the setup leaned cautious. Confidence was around 100%. Technical state is constructive, with price above the 50-day and 200-day averages. RSI is in a steady zone near 61.6. MACD remains on the bearish side. No recent matched news was found for this ticker/date. Relative strength versus the benchmark looked favorable. 1-month excess return 14.23%; 3-month excess return 25.25%; 6-month excess return 21.37%."
2025-04-04,BRK-B,1,0.0,0.8690755858345663,miss,logistic_regression,target_5d_updown,"Technical state is mixed, with price not fully aligned across the major moving averages. RSI is weak near 38.2. MACD remains on the bearish side. Volatility is elevated at roughly 30.0%.",No recent matched news was found for this ticker/date.,Relative strength versus the benchmark looked favorable. 1-month excess return 10.75%; 3-month excess return 22.79%; 6-month excess return 19.04%.,"Model view: the setup leaned cautious. Confidence was around 87%. Technical state is mixed, with price not fully aligned across the major moving averages. RSI is weak near 38.2. MACD remains on the bearish side. Volatility is elevated at roughly 30.0%. No recent matched news was found for this ticker/date. Relative strength versus the benchmark looked favorable. 1-month excess return 10.75%; 3-month excess return 22.79%; 6-month excess return 19.04%."
2025-04-07,BRK-B,1,0.0,0.9615942718404392,miss,logistic_regression,target_5d_updown,"Technical state is mixed, with price not fully aligned across the major moving averages. RSI is weak near 36.9. MACD remains on the bearish side. Volatility is elevated at roughly 30.1%.",No recent matched news was found for this ticker/date.,Relative strength versus the benchmark looked favorable. 1-month excess return 11.40%; 3-month excess return 22.97%; 6-month excess return 19.43%.,"Model view: the setup leaned cautious. Confidence was around 96%. Technical state is mixed, with price not fully aligned across the major moving averages. RSI is weak near 36.9. MACD remains on the bearish side. Volatility is elevated at roughly 30.1%. No recent matched news was found for this ticker/date. Relative strength versus the benchmark looked favorable. 1-month excess return 11.40%; 3-month excess return 22.97%; 6-month excess return 19.43%."
2025-04-08,BRK-B,1,0.0,0.8596263553786716,miss,logistic_regression,target_5d_updown,"Technical state is mixed, with price not fully aligned across the major moving averages. RSI is weak near 38.5. MACD remains on the bearish side. Volatility is elevated at roughly 30.1%.",No recent matched news was found for this ticker/date.,Relative strength versus the benchmark looked favorable. 1-month excess return 10.50%; 3-month excess return 25.72%; 6-month excess return 19.91%.,"Model view: the setup leaned cautious. Confidence was around 86%. Technical state is mixed, with price not fully aligned across the major moving averages. RSI is weak near 38.5. MACD remains on the bearish side. Volatility is elevated at roughly 30.1%. No recent matched news was found for this ticker/date. Relative strength versus the benchmark looked favorable. 1-month excess return 10.50%; 3-month excess return 25.72%; 6-month excess return 19.91%."
2025-04-09,BRK-B,0,0.0,0.9990679953965855,hit,logistic_regression,target_5d_updown,"Technical state is constructive, with price above the 50-day and 200-day averages. RSI is in a steady zone near 54.5. MACD remains on the bearish side. Volatility is elevated at roughly 36.6%.",No recent matched news was found for this ticker/date.,Relative strength versus the benchmark looked favorable. 1-month excess return 7.45%; 3-month excess return 22.94%; 6-month excess return 19.35%.,"Model view: the setup leaned cautious. Confidence was around 100%. Technical state is constructive, with price above the 50-day and 200-day averages. RSI is in a steady zone near 54.5. MACD remains on the bearish side. Volatility is elevated at roughly 36.6%. No recent matched news was found for this ticker/date. Relative strength versus the benchmark looked favorable. 1-month excess return 7.45%; 3-month excess return 22.94%; 6-month excess return 19.35%."
2025-04-10,BRK-B,1,1.0,0.879133221960201,hit,logistic_regression,target_5d_updown,"Technical state is constructive, with price above the 50-day and 200-day averages. RSI is in a steady zone near 51.7. MACD remains on the bearish side. Volatility is elevated at roughly 36.5%.",No recent matched news was found for this ticker/date.,Relative strength versus the benchmark looked favorable. 1-month excess return 10.18%; 3-month excess return 25.24%; 6-month excess return 22.17%.,"Model view: the setup leaned constructive. Confidence was around 88%. Technical state is constructive, with price above the 50-day and 200-day averages. RSI is in a steady zone near 51.7. MACD remains on the bearish side. Volatility is elevated at roughly 36.5%. No recent matched news was found for this ticker/date. Relative strength versus the benchmark looked favorable. 1-month excess return 10.18%; 3-month excess return 25.24%; 6-month excess return 22.17%."
2025-04-11,BRK-B,0,0.0,0.6941076070112877,hit,logistic_regression,target_5d_updown,"Technical state is constructive, with price above the 50-day and 200-day averages. RSI is in a steady zone near 55.3. MACD remains on the bearish side. Volatility is elevated at roughly 36.2%.",No recent matched news was found for this ticker/date.,Relative strength versus the benchmark looked favorable. 1-month excess return 7.19%; 3-month excess return 26.52%; 6-month excess return 22.48%.,"Model view: the setup leaned cautious. Confidence was around 69%. Technical state is constructive, with price above the 50-day and 200-day averages. RSI is in a steady zone near 55.3. MACD remains on the bearish side. Volatility is elevated at roughly 36.2%. No recent matched news was found for this ticker/date. Relative strength versus the benchmark looked favorable. 1-month excess return 7.19%; 3-month excess return 26.52%; 6-month excess return 22.48%."
2025-04-14,BRK-B,0,0.0,0.817979026709369,hit,logistic_regression,target_5d_updown,"Technical state is constructive, with price above the 50-day and 200-day averages. RSI is in a steady zone near 57.6. MACD remains on the bearish side. Volatility is elevated at roughly 36.0%.",No recent matched news was found for this ticker/date.,Relative strength versus the benchmark looked favorable. 1-month excess return 7.15%; 3-month excess return 26.60%; 6-month excess return 22.83%.,"Model view: the setup leaned cautious. Confidence was around 82%. Technical state is constructive, with price above the 50-day and 200-day averages. RSI is in a steady zone near 57.6. MACD remains on the bearish side. Volatility is elevated at roughly 36.0%. No recent matched news was found for this ticker/date. Relative strength versus the benchmark looked favorable. 1-month excess return 7.15%; 3-month excess return 26.60%; 6-month excess return 22.83%."
2025-04-15,BRK-B,0,1.0,0.7244367605770309,miss,logistic_regression,target_5d_updown,"Technical state is constructive, with price above the 50-day and 200-day averages. RSI is in a steady zone near 56.8. MACD remains on the bearish side. Volatility is elevated at roughly 36.0%.",No recent matched news was found for this ticker/date.,Relative strength versus the benchmark looked favorable. 1-month excess return 6.23%; 3-month excess return 25.05%; 6-month excess return 22.02%.,"Model view: the setup leaned constructive. Confidence was around 72%. Technical state is constructive, with price above the 50-day and 200-day averages. RSI is in a steady zone near 56.8. MACD remains on the bearish side. Volatility is elevated at roughly 36.0%. No recent matched news was found for this ticker/date. Relative strength versus the benchmark looked favorable. 1-month excess return 6.23%; 3-month excess return 25.05%; 6-month excess return 22.02%."
2025-04-16,BRK-B,1,1.0,0.9547538527121178,hit,logistic_regression,target_5d_updown,"Technical state is constructive, with price above the 50-day and 200-day averages. RSI is in a steady zone near 50.5. MACD remains on the bearish side. Volatility is elevated at roughly 36.9%.",No recent matched news was found for this ticker/date.,Relative strength versus the benchmark looked favorable. 1-month excess return 5.06%; 3-month excess return 23.98%; 6-month excess return 22.30%.,"Model view: the setup leaned constructive. Confidence was around 95%. Technical state is constructive, with price above the 50-day and 200-day averages. RSI is in a steady zone near 50.5. MACD remains on the bearish side. Volatility is elevated at roughly 36.9%. No recent matched news was found for this ticker/date. Relative strength versus the benchmark looked favorable. 1-month excess return 5.06%; 3-month excess return 23.98%; 6-month excess return 22.30%."
2025-04-17,BRK-B,1,1.0,0.9240929522456923,hit,logistic_regression,target_5d_updown,"Technical state is constructive, with price above the 50-day and 200-day averages. RSI is in a steady zone near 51.4. MACD remains on the bearish side. Volatility is elevated at roughly 36.8%.",No recent matched news was found for this ticker/date.,Relative strength versus the benchmark looked favorable. 1-month excess return 5.84%; 3-month excess return 23.06%; 6-month excess return 21.21%.,"Model view: the setup leaned constructive. Confidence was around 92%. Technical state is constructive, with price above the 50-day and 200-day averages. RSI is in a steady zone near 51.4. MACD remains on the bearish side. Volatility is elevated at roughly 36.8%. No recent matched news was found for this ticker/date. Relative strength versus the benchmark looked favorable. 1-month excess return 5.84%; 3-month excess return 23.06%; 6-month excess return 21.21%."
2025-04-21,BRK-B,1,1.0,0.9976435159192306,hit,logistic_regression,target_5d_updown,"Technical state is constructive, with price above the 50-day and 200-day averages. MACD remains on the bearish side. Volatility is elevated at roughly 37.3%.",No recent matched news was found for this ticker/date.,Relative strength versus the benchmark looked favorable. 1-month excess return 5.06%; 3-month excess return 22.36%; 6-month excess return 20.60%.,"Model view: the setup leaned constructive. Confidence was around 100%. Technical state is constructive, with price above the 50-day and 200-day averages. MACD remains on the bearish side. Volatility is elevated at roughly 37.3%. No recent matched news was found for this ticker/date. Relative strength versus the benchmark looked favorable. 1-month excess return 5.06%; 3-month excess return 22.36%; 6-month excess return 20.60%."
2025-04-22,BRK-B,1,1.0,0.9096335994219303,hit,logistic_regression,target_5d_updown,"Technical state is constructive, with price above the 50-day and 200-day averages. RSI is in a steady zone near 52.6. MACD remains on the bearish side. Volatility is elevated at roughly 38.6%.",No recent matched news was found for this ticker/date.,Relative strength versus the benchmark looked favorable. 1-month excess return 6.70%; 3-month excess return 23.80%; 6-month excess return 21.32%.,"Model view: the setup leaned constructive. Confidence was around 91%. Technical state is constructive, with price above the 50-day and 200-day averages. RSI is in a steady zone near 52.6. MACD remains on the bearish side. Volatility is elevated at roughly 38.6%. No recent matched news was found for this ticker/date. Relative strength versus the benchmark looked favorable. 1-month excess return 6.70%; 3-month excess return 23.80%; 6-month excess return 21.32%."
2025-04-23,BRK-B,1,1.0,0.8737949626625016,hit,logistic_regression,target_5d_updown,"Technical state is constructive, with price above the 50-day and 200-day averages. RSI is in a steady zone near 55.2. MACD remains on the bearish side. Volatility is elevated at roughly 38.7%.",No recent matched news was found for this ticker/date.,Relative strength versus the benchmark looked favorable. 1-month excess return 7.23%; 3-month excess return 26.15%; 6-month excess return 21.77%.,"Model view: the setup leaned constructive. Confidence was around 87%. Technical state is constructive, with price above the 50-day and 200-day averages. RSI is in a steady zone near 55.2. MACD remains on the bearish side. Volatility is elevated at roughly 38.7%. No recent matched news was found for this ticker/date. Relative strength versus the benchmark looked favorable. 1-month excess return 7.23%; 3-month excess return 26.15%; 6-month excess return 21.77%."
2025-04-24,BRK-B,0,1.0,0.854628733279317,miss,logistic_regression,target_5d_updown,"Technical state is constructive, with price above the 50-day and 200-day averages. RSI is in a steady zone near 57.3. MACD remains on the bullish side. Volatility is elevated at roughly 38.8%.",No recent matched news was found for this ticker/date.,Relative strength versus the benchmark looked favorable. 1-month excess return 5.85%; 3-month excess return 26.01%; 6-month excess return 20.90%.,"Model view: the setup leaned constructive. Confidence was around 85%. Technical state is constructive, with price above the 50-day and 200-day averages. RSI is in a steady zone near 57.3. MACD remains on the bullish side. Volatility is elevated at roughly 38.8%. No recent matched news was found for this ticker/date. Relative strength versus the benchmark looked favorable. 1-month excess return 5.85%; 3-month excess return 26.01%; 6-month excess return 20.90%."
2025-04-25,BRK-B,1,1.0,0.8435144055602114,hit,logistic_regression,target_5d_updown,"Technical state is constructive, with price above the 50-day and 200-day averages. RSI is in a steady zone near 56.9. MACD remains on the bullish side. Volatility is elevated at roughly 38.8%.",No recent matched news was found for this ticker/date.,Relative strength versus the benchmark looked favorable. 1-month excess return 3.08%; 3-month excess return 24.09%; 6-month excess return 20.67%.,"Model view: the setup leaned constructive. Confidence was around 84%. Technical state is constructive, with price above the 50-day and 200-day averages. RSI is in a steady zone near 56.9. MACD remains on the bullish side. Volatility is elevated at roughly 38.8%. No recent matched news was found for this ticker/date. Relative strength versus the benchmark looked favorable. 1-month excess return 3.08%; 3-month excess return 24.09%; 6-month excess return 20.67%."
2025-04-28,BRK-B,0,1.0,0.6665081371061774,miss,logistic_regression,target_5d_updown,"Technical state is constructive, with price above the 50-day and 200-day averages. RSI is in a steady zone near 56.9. MACD remains on the bullish side. Volatility is elevated at roughly 38.3%.",No recent matched news was found for this ticker/date.,Relative strength versus the benchmark looked favorable. 1-month excess return 2.17%; 3-month excess return 19.98%; 6-month excess return 19.95%.,"Model view: the setup leaned constructive. Confidence was around 67%. Technical state is constructive, with price above the 50-day and 200-day averages. RSI is in a steady zone near 56.9. MACD remains on the bullish side. Volatility is elevated at roughly 38.3%. No recent matched news was found for this ticker/date. Relative strength versus the benchmark looked favorable. 1-month excess return 2.17%; 3-month excess return 19.98%; 6-month excess return 19.95%."
2025-04-29,BRK-B,0,1.0,0.5765089202821468,miss,logistic_regression,target_5d_updown,"Technical state is constructive, with price above the 50-day and 200-day averages. RSI is in a steady zone near 58.7. MACD remains on the bullish side. Volatility is elevated at roughly 38.2%.",No recent matched news was found for this ticker/date.,Relative strength versus the benchmark looked favorable. 1-month excess return 1.83%; 3-month excess return 22.09%; 6-month excess return 21.09%.,"Model view: the setup leaned constructive. Confidence was around 58%. Technical state is constructive, with price above the 50-day and 200-day averages. RSI is in a steady zone near 58.7. MACD remains on the bullish side. Volatility is elevated at roughly 38.2%. No recent matched news was found for this ticker/date. Relative strength versus the benchmark looked favorable. 1-month excess return 1.83%; 3-month excess return 22.09%; 6-month excess return 21.09%."
2025-04-30,BRK-B,0,1.0,0.5671741376565301,miss,logistic_regression,target_5d_updown,"Technical state is constructive, with price above the 50-day and 200-day averages. RSI is in a steady zone near 57.7. MACD remains on the bullish side. Volatility is elevated at roughly 38.2%.",No recent matched news was found for this ticker/date.,Relative strength versus the benchmark looked favorable. 1-month excess return 0.94%; 3-month excess return 21.53%; 6-month excess return 21.68%.,"Model view: the setup leaned constructive. Confidence was around 57%. Technical state is constructive, with price above the 50-day and 200-day averages. RSI is in a steady zone near 57.7. MACD remains on the bullish side. Volatility is elevated at roughly 38.2%. No recent matched news was found for this ticker/date. Relative strength versus the benchmark looked favorable. 1-month excess return 0.94%; 3-month excess return 21.53%; 6-month excess return 21.68%."
2025-05-01,BRK-B,0,0.0,0.5394773049148203,hit,logistic_regression,target_5d_updown,"Technical state is constructive, with price above the 50-day and 200-day averages. RSI is in a steady zone near 55.6. MACD remains on the bullish side. Volatility is elevated at roughly 38.1%.",No recent matched news was found for this ticker/date.,Relative strength versus the benchmark looked favorable. 1-month excess return -0.04%; 3-month excess return 19.97%; 6-month excess return 19.50%.,"Model view: the setup leaned cautious. Confidence was around 54%. Technical state is constructive, with price above the 50-day and 200-day averages. RSI is in a steady zone near 55.6. MACD remains on the bullish side. Volatility is elevated at roughly 38.1%. No recent matched news was found for this ticker/date. Relative strength versus the benchmark looked favorable. 1-month excess return -0.04%; 3-month excess return 19.97%; 6-month excess return 19.50%."
2025-05-02,BRK-B,0,0.0,0.844189753944515,hit,logistic_regression,target_5d_updown,"Technical state is constructive, with price above the 50-day and 200-day averages. RSI is in a steady zone near 60.6. MACD remains on the bullish side. Volatility is elevated at roughly 38.3%.",No recent matched news was found for this ticker/date.,Relative strength versus the benchmark looked favorable. 1-month excess return 0.04%; 3-month excess return 21.07%; 6-month excess return 21.37%.,"Model view: the setup leaned cautious. Confidence was around 84%. Technical state is constructive, with price above the 50-day and 200-day averages. RSI is in a steady zone near 60.6. MACD remains on the bullish side. Volatility is elevated at roughly 38.3%. No recent matched news was found for this ticker/date. Relative strength versus the benchmark looked favorable. 1-month excess return 0.04%; 3-month excess return 21.07%; 6-month excess return 21.37%."
2025-05-05,BRK-B,1,1.0,0.5365430341245334,hit,logistic_regression,target_5d_updown,"Technical state is mixed, with price not fully aligned across the major moving averages. MACD remains on the bearish side. Volatility is elevated at roughly 34.3%.",No recent matched news was found for this ticker/date.,Relative strength versus the benchmark looked favorable. 1-month excess return -8.22%; 3-month excess return 16.00%; 6-month excess return 15.42%.,"Model view: the setup leaned constructive. Confidence was around 54%. Technical state is mixed, with price not fully aligned across the major moving averages. MACD remains on the bearish side. Volatility is elevated at roughly 34.3%. No recent matched news was found for this ticker/date. Relative strength versus the benchmark looked favorable. 1-month excess return -8.22%; 3-month excess return 16.00%; 6-month excess return 15.42%."
2025-05-06,BRK-B,0,0.0,0.7686925618169923,hit,logistic_regression,target_5d_updown,"Technical state is mixed, with price not fully aligned across the major moving averages. MACD remains on the bearish side. Volatility is elevated at roughly 34.1%.",No recent matched news was found for this ticker/date.,Relative strength versus the benchmark looked favorable. 1-month excess return -6.52%; 3-month excess return 16.78%; 6-month excess return 15.36%.,"Model view: the setup leaned cautious. Confidence was around 77%. Technical state is mixed, with price not fully aligned across the major moving averages. MACD remains on the bearish side. Volatility is elevated at roughly 34.1%. No recent matched news was found for this ticker/date. Relative strength versus the benchmark looked favorable. 1-month excess return -6.52%; 3-month excess return 16.78%; 6-month excess return 15.36%."
2025-05-07,BRK-B,0,0.0,0.9468613071644761,hit,logistic_regression,target_5d_updown,"Technical state is constructive, with price above the 50-day and 200-day averages. MACD remains on the bearish side. Volatility is elevated at roughly 34.3%.",No recent matched news was found for this ticker/date.,Relative strength versus the benchmark looked favorable. 1-month excess return -5.61%; 3-month excess return 16.54%; 6-month excess return 16.34%.,"Model view: the setup leaned cautious. Confidence was around 95%. Technical state is constructive, with price above the 50-day and 200-day averages. MACD remains on the bearish side. Volatility is elevated at roughly 34.3%. No recent matched news was found for this ticker/date. Relative strength versus the benchmark looked favorable. 1-month excess return -5.61%; 3-month excess return 16.54%; 6-month excess return 16.34%."
2025-05-08,BRK-B,0,0.0,0.9946459813588273,hit,logistic_regression,target_5d_updown,"Technical state is mixed, with price not fully aligned across the major moving averages. MACD remains on the bearish side.",No recent matched news was found for this ticker/date.,Relative strength versus the benchmark looked favorable. 1-month excess return -9.52%; 3-month excess return 14.41%; 6-month excess return 16.90%.,"Model view: the setup leaned cautious. Confidence was around 99%. Technical state is mixed, with price not fully aligned across the major moving averages. MACD remains on the bearish side. No recent matched news was found for this ticker/date. Relative strength versus the benchmark looked favorable. 1-month excess return -9.52%; 3-month excess return 14.41%; 6-month excess return 16.90%."
2025-05-09,BRK-B,1,0.0,0.9587347453838753,miss,logistic_regression,target_5d_updown,"Technical state is mixed, with price not fully aligned across the major moving averages. MACD remains on the bearish side.",No recent matched news was found for this ticker/date.,Relative strength versus the benchmark looked favorable. 1-month excess return -5.39%; 3-month excess return 14.75%; 6-month excess return 17.59%.,"Model view: the setup leaned cautious. Confidence was around 96%. Technical state is mixed, with price not fully aligned across the major moving averages. MACD remains on the bearish side. No recent matched news was found for this ticker/date. Relative strength versus the benchmark looked favorable. 1-month excess return -5.39%; 3-month excess return 14.75%; 6-month excess return 17.59%."
2025-05-12,BRK-B,0,0.0,0.996886498849693,hit,logistic_regression,target_5d_updown,"Technical state is mixed, with price not fully aligned across the major moving averages. MACD remains on the bearish side.",No recent matched news was found for this ticker/date.,Relative strength versus the benchmark looked favorable. 1-month excess return -11.47%; 3-month excess return 13.02%; 6-month excess return 11.04%.,"Model view: the setup leaned cautious. Confidence was around 100%. Technical state is mixed, with price not fully aligned across the major moving averages. MACD remains on the bearish side. No recent matched news was found for this ticker/date. Relative strength versus the benchmark looked favorable. 1-month excess return -11.47%; 3-month excess return 13.02%; 6-month excess return 11.04%."
2025-05-13,BRK-B,0,0.0,0.98927212788635,hit,logistic_regression,target_5d_updown,"Technical state is mixed, with price not fully aligned across the major moving averages. MACD remains on the bearish side.",No recent matched news was found for this ticker/date.,Relative strength versus the benchmark looked favorable. 1-month excess return -12.30%; 3-month excess return 11.40%; 6-month excess return 12.72%.,"Model view: the setup leaned cautious. Confidence was around 99%. Technical state is mixed, with price not fully aligned across the major moving averages. MACD remains on the bearish side. No recent matched news was found for this ticker/date. Relative strength versus the benchmark looked favorable. 1-month excess return -12.30%; 3-month excess return 11.40%; 6-month excess return 12.72%."
2025-05-14,BRK-B,1,0.0,0.9353400521429434,miss,logistic_regression,target_5d_updown,"Technical state is mixed, with price not fully aligned across the major moving averages. MACD remains on the bearish side.",No recent matched news was found for this ticker/date.,Relative strength versus the benchmark looked favorable. 1-month excess return -13.94%; 3-month excess return 9.36%; 6-month excess return 10.42%.,"Model view: the setup leaned cautious. Confidence was around 94%. Technical state is mixed, with price not fully aligned across the major moving averages. MACD remains on the bearish side. No recent matched news was found for this ticker/date. Relative strength versus the benchmark looked favorable. 1-month excess return -13.94%; 3-month excess return 9.36%; 6-month excess return 10.42%."
2025-05-15,BRK-B,0,0.0,0.9733742461719275,hit,logistic_regression,target_5d_updown,"Technical state is mixed, with price not fully aligned across the major moving averages. MACD remains on the bearish side.",No recent matched news was found for this ticker/date.,Relative strength versus the benchmark looked favorable. 1-month excess return -13.80%; 3-month excess return 8.78%; 6-month excess return 9.94%.,"Model view: the setup leaned cautious. Confidence was around 97%. Technical state is mixed, with price not fully aligned across the major moving averages. MACD remains on the bearish side. No recent matched news was found for this ticker/date. Relative strength versus the benchmark looked favorable. 1-month excess return -13.80%; 3-month excess return 8.78%; 6-month excess return 9.94%."
2025-05-16,BRK-B,0,0.0,0.9873985041140257,hit,logistic_regression,target_5d_updown,"Technical state is mixed, with price not fully aligned across the major moving averages. MACD remains on the bearish side.",No recent matched news was found for this ticker/date.,Relative strength versus the benchmark looked favorable. 1-month excess return -13.46%; 3-month excess return 9.81%; 6-month excess return 10.75%.,"Model view: the setup leaned cautious. Confidence was around 99%. Technical state is mixed, with price not fully aligned across the major moving averages. MACD remains on the bearish side. No recent matched news was found for this ticker/date. Relative strength versus the benchmark looked favorable. 1-month excess return -13.46%; 3-month excess return 9.81%; 6-month excess return 10.75%."
2025-05-19,BRK-B,0,0.0,0.9944798278514607,hit,logistic_regression,target_5d_updown,"Technical state is mixed, with price not fully aligned across the major moving averages. MACD remains on the bearish side.",No recent matched news was found for this ticker/date.,Relative strength versus the benchmark looked favorable. 1-month excess return -14.13%; 3-month excess return 8.88%; 6-month excess return 9.86%.,"Model view: the setup leaned cautious. Confidence was around 99%. Technical state is mixed, with price not fully aligned across the major moving averages. MACD remains on the bearish side. No recent matched news was found for this ticker/date. Relative strength versus the benchmark looked favorable. 1-month excess return -14.13%; 3-month excess return 8.88%; 6-month excess return 9.86%."
2025-05-20,BRK-B,0,0.0,0.9978485372613658,hit,logistic_regression,target_5d_updown,"Technical state is mixed, with price not fully aligned across the major moving averages. MACD remains on the bearish side.",No recent matched news was found for this ticker/date.,Relative strength versus the benchmark looked favorable. 1-month excess return -14.99%; 3-month excess return 8.50%; 6-month excess return 8.90%.,"Model view: the setup leaned cautious. Confidence was around 100%. Technical state is mixed, with price not fully aligned across the major moving averages. MACD remains on the bearish side. No recent matched news was found for this ticker/date. Relative strength versus the benchmark looked favorable. 1-month excess return -14.99%; 3-month excess return 8.50%; 6-month excess return 8.90%."
2025-05-21,BRK-B,0,0.0,0.9969582336092001,hit,logistic_regression,target_5d_updown,"Technical state is mixed, with price not fully aligned across the major moving averages. MACD remains on the bearish side.",No recent matched news was found for this ticker/date.,Relative strength versus the benchmark looked favorable. 1-month excess return -13.27%; 3-month excess return 9.78%; 6-month excess return 8.32%.,"Model view: the setup leaned cautious. Confidence was around 100%. Technical state is mixed, with price not fully aligned across the major moving averages. MACD remains on the bearish side. No recent matched news was found for this ticker/date. Relative strength versus the benchmark looked favorable. 1-month excess return -13.27%; 3-month excess return 9.78%; 6-month excess return 8.32%."
2025-05-22,BRK-B,1,0.0,0.9966823373298918,miss,logistic_regression,target_5d_updown,"Technical state is mixed, with price not fully aligned across the major moving averages. MACD remains on the bearish side.",No recent matched news was found for this ticker/date.,Relative strength versus the benchmark looked favorable. 1-month excess return -13.34%; 3-month excess return 8.04%; 6-month excess return 7.51%.,"Model view: the setup leaned cautious. Confidence was around 100%. Technical state is mixed, with price not fully aligned across the major moving averages. MACD remains on the bearish side. No recent matched news was found for this ticker/date. Relative strength versus the benchmark looked favorable. 1-month excess return -13.34%; 3-month excess return 8.04%; 6-month excess return 7.51%."
2025-05-23,BRK-B,0,0.0,0.9966900828573272,hit,logistic_regression,target_5d_updown,"Technical state is mixed, with price not fully aligned across the major moving averages. MACD remains on the bearish side.",No recent matched news was found for this ticker/date.,Relative strength versus the benchmark looked favorable. 1-month excess return -11.27%; 3-month excess return 4.06%; 6-month excess return 9.28%.,"Model view: the setup leaned cautious. Confidence was around 100%. Technical state is mixed, with price not fully aligned across the major moving averages. MACD remains on the bearish side. No recent matched news was found for this ticker/date. Relative strength versus the benchmark looked favorable. 1-month excess return -11.27%; 3-month excess return 4.06%; 6-month excess return 9.28%."
2025-05-27,BRK-B,0,0.0,0.9992115351342736,hit,logistic_regression,target_5d_updown,"Technical state is mixed, with price not fully aligned across the major moving averages. MACD remains on the bearish side.",No recent matched news was found for this ticker/date.,Relative strength versus the benchmark looked favorable. 1-month excess return -11.46%; 3-month excess return 2.43%; 6-month excess return 8.52%.,"Model view: the setup leaned cautious. Confidence was around 100%. Technical state is mixed, with price not fully aligned across the major moving averages. MACD remains on the bearish side. No recent matched news was found for this ticker/date. Relative strength versus the benchmark looked favorable. 1-month excess return -11.46%; 3-month excess return 2.43%; 6-month excess return 8.52%."
2025-05-28,BRK-B,0,0.0,0.9967113744758798,hit,logistic_regression,target_5d_updown,"Technical state is mixed, with price not fully aligned across the major moving averages. MACD remains on the bearish side.",No recent matched news was found for this ticker/date.,Relative strength versus the benchmark looked favorable. 1-month excess return -11.92%; 3-month excess return 3.01%; 6-month excess return 7.57%.,"Model view: the setup leaned cautious. Confidence was around 100%. Technical state is mixed, with price not fully aligned across the major moving averages. MACD remains on the bearish side. No recent matched news was found for this ticker/date. Relative strength versus the benchmark looked favorable. 1-month excess return -11.92%; 3-month excess return 3.01%; 6-month excess return 7.57%."
2025-05-29,BRK-B,0,0.0,0.9977403362417879,hit,logistic_regression,target_5d_updown,"Technical state is mixed, with price not fully aligned across the major moving averages. MACD remains on the bearish side.",No recent matched news was found for this ticker/date.,Relative strength versus the benchmark looked mixed. 1-month excess return -11.75%; 3-month excess return -0.06%; 6-month excess return 7.15%.,"Model view: the setup leaned cautious. Confidence was around 100%. Technical state is mixed, with price not fully aligned across the major moving averages. MACD remains on the bearish side. No recent matched news was found for this ticker/date. Relative strength versus the benchmark looked mixed. 1-month excess return -11.75%; 3-month excess return -0.06%; 6-month excess return 7.15%."
2025-05-30,BRK-B,0,0.0,0.9974972494743095,hit,logistic_regression,target_5d_updown,"Technical state is mixed, with price not fully aligned across the major moving averages. MACD remains on the bearish side.",No recent matched news was found for this ticker/date.,Relative strength versus the benchmark looked mixed. 1-month excess return -11.77%; 3-month excess return -1.08%; 6-month excess return 6.92%.,"Model view: the setup leaned cautious. Confidence was around 100%. Technical state is mixed, with price not fully aligned across the major moving averages. MACD remains on the bearish side. No recent matched news was found for this ticker/date. Relative strength versus the benchmark looked mixed. 1-month excess return -11.77%; 3-month excess return -1.08%; 6-month excess return 6.92%."
2025-06-02,BRK-B,0,0.0,0.9982928457161169,hit,logistic_regression,target_5d_updown,"Technical state is mixed, with price not fully aligned across the major moving averages. MACD remains on the bearish side.",No recent matched news was found for this ticker/date.,Relative strength versus the benchmark looked mixed. 1-month excess return -11.32%; 3-month excess return -2.91%; 6-month excess return 6.41%.,"Model view: the setup leaned cautious. Confidence was around 100%. Technical state is mixed, with price not fully aligned across the major moving averages. MACD remains on the bearish side. No recent matched news was found for this ticker/date. Relative strength versus the benchmark looked mixed. 1-month excess return -11.32%; 3-month excess return -2.91%; 6-month excess return 6.41%."
2025-06-03,BRK-B,0,0.0,0.9972445857017862,hit,logistic_regression,target_5d_updown,"Technical state is mixed, with price not fully aligned across the major moving averages. RSI is weak near 39.1. MACD remains on the bearish side. Volatility is relatively contained at roughly 13.1%.",No recent matched news was found for this ticker/date.,Relative strength versus the benchmark looked mixed. 1-month excess return -13.02%; 3-month excess return -2.91%; 6-month excess return 3.52%.,"Model view: the setup leaned cautious. Confidence was around 100%. Technical state is mixed, with price not fully aligned across the major moving averages. RSI is weak near 39.1. MACD remains on the bearish side. Volatility is relatively contained at roughly 13.1%. No recent matched news was found for this ticker/date. Relative strength versus the benchmark looked mixed. 1-month excess return -13.02%; 3-month excess return -2.91%; 6-month excess return 3.52%."
2025-06-04,BRK-B,0,0.0,0.9975109006664028,hit,logistic_regression,target_5d_updown,"Technical state is mixed, with price not fully aligned across the major moving averages. RSI is weak near 34.9. MACD remains on the bearish side. Volatility is relatively contained at roughly 13.8%.",No recent matched news was found for this ticker/date.,Relative strength versus the benchmark looked mixed. 1-month excess return -9.86%; 3-month excess return -3.60%; 6-month excess return 2.70%.,"Model view: the setup leaned cautious. Confidence was around 100%. Technical state is mixed, with price not fully aligned across the major moving averages. RSI is weak near 34.9. MACD remains on the bearish side. Volatility is relatively contained at roughly 13.8%. No recent matched news was found for this ticker/date. Relative strength versus the benchmark looked mixed. 1-month excess return -9.86%; 3-month excess return -3.60%; 6-month excess return 2.70%."
2025-06-05,BRK-B,1,0.0,0.9984270638539869,miss,logistic_regression,target_5d_updown,"Technical state is mixed, with price not fully aligned across the major moving averages. RSI is weak near 33.6. MACD remains on the bearish side. Volatility is relatively contained at roughly 12.8%.",No recent matched news was found for this ticker/date.,Relative strength versus the benchmark looked mixed. 1-month excess return -10.74%; 3-month excess return -5.33%; 6-month excess return 4.18%.,"Model view: the setup leaned cautious. Confidence was around 100%. Technical state is mixed, with price not fully aligned across the major moving averages. RSI is weak near 33.6. MACD remains on the bearish side. Volatility is relatively contained at roughly 12.8%. No recent matched news was found for this ticker/date. Relative strength versus the benchmark looked mixed. 1-month excess return -10.74%; 3-month excess return -5.33%; 6-month excess return 4.18%."
2025-06-06,BRK-B,0,0.0,0.9991984076749635,hit,logistic_regression,target_5d_updown,"Technical state is mixed, with price not fully aligned across the major moving averages. RSI is weak near 38.7. MACD remains on the bearish side. Volatility is relatively contained at roughly 13.3%.",No recent matched news was found for this ticker/date.,Relative strength versus the benchmark looked mixed. 1-month excess return -11.50%; 3-month excess return -4.42%; 6-month excess return 5.77%.,"Model view: the setup leaned cautious. Confidence was around 100%. Technical state is mixed, with price not fully aligned across the major moving averages. RSI is weak near 38.7. MACD remains on the bearish side. Volatility is relatively contained at roughly 13.3%. No recent matched news was found for this ticker/date. Relative strength versus the benchmark looked mixed. 1-month excess return -11.50%; 3-month excess return -4.42%; 6-month excess return 5.77%."
2025-06-09,BRK-B,0,0.0,0.9996462422464417,hit,logistic_regression,target_5d_updown,"Technical state is mixed, with price not fully aligned across the major moving averages. RSI is weak near 38.6. MACD remains on the bearish side. Volatility is relatively contained at roughly 13.3%.",No recent matched news was found for this ticker/date.,Relative strength versus the benchmark looked mixed. 1-month excess return -10.03%; 3-month excess return -7.69%; 6-month excess return 6.66%.,"Model view: the setup leaned cautious. Confidence was around 100%. Technical state is mixed, with price not fully aligned across the major moving averages. RSI is weak near 38.6. MACD remains on the bearish side. Volatility is relatively contained at roughly 13.3%. No recent matched news was found for this ticker/date. Relative strength versus the benchmark looked mixed. 1-month excess return -10.03%; 3-month excess return -7.69%; 6-month excess return 6.66%."
2025-06-10,BRK-B,0,0.0,0.9997338536640122,hit,logistic_regression,target_5d_updown,"Technical state is mixed, with price not fully aligned across the major moving averages. RSI is weak near 37.1. MACD remains on the bearish side. Volatility is relatively contained at roughly 13.2%.",No recent matched news was found for this ticker/date.,Relative strength versus the benchmark looked mixed. 1-month excess return -11.29%; 3-month excess return -9.46%; 6-month excess return 4.96%.,"Model view: the setup leaned cautious. Confidence was around 100%. Technical state is mixed, with price not fully aligned across the major moving averages. RSI is weak near 37.1. MACD remains on the bearish side. Volatility is relatively contained at roughly 13.2%. No recent matched news was found for this ticker/date. Relative strength versus the benchmark looked mixed. 1-month excess return -11.29%; 3-month excess return -9.46%; 6-month excess return 4.96%."
2025-06-11,BRK-B,0,0.0,0.999544423889162,hit,logistic_regression,target_5d_updown,"Technical state is mixed, with price not fully aligned across the major moving averages. RSI is weak near 35.0. MACD remains on the bearish side. Volatility is relatively contained at roughly 13.3%.",No recent matched news was found for this ticker/date.,Relative strength versus the benchmark looked mixed. 1-month excess return -8.25%; 3-month excess return -9.18%; 6-month excess return 4.82%.,"Model view: the setup leaned cautious. Confidence was around 100%. Technical state is mixed, with price not fully aligned across the major moving averages. RSI is weak near 35.0. MACD remains on the bearish side. Volatility is relatively contained at roughly 13.3%. No recent matched news was found for this ticker/date. Relative strength versus the benchmark looked mixed. 1-month excess return -8.25%; 3-month excess return -9.18%; 6-month excess return 4.82%."
2025-06-12,BRK-B,0,0.0,0.99985883808596,hit,logistic_regression,target_5d_updown,"Technical state is mixed, with price not fully aligned across the major moving averages. RSI is weak near 37.8. MACD remains on the bearish side. Volatility is relatively contained at roughly 12.4%.",No recent matched news was found for this ticker/date.,Relative strength versus the benchmark looked mixed. 1-month excess return -7.08%; 3-month excess return -12.21%; 6-month excess return 5.88%.,"Model view: the setup leaned cautious. Confidence was around 100%. Technical state is mixed, with price not fully aligned across the major moving averages. RSI is weak near 37.8. MACD remains on the bearish side. Volatility is relatively contained at roughly 12.4%. No recent matched news was found for this ticker/date. Relative strength versus the benchmark looked mixed. 1-month excess return -7.08%; 3-month excess return -12.21%; 6-month excess return 5.88%."
2025-06-13,BRK-B,1,0.0,0.9997477129306372,miss,logistic_regression,target_5d_updown,"Technical state is mixed, with price not fully aligned across the major moving averages. RSI is weak near 35.7. MACD remains on the bearish side. Volatility is relatively contained at roughly 12.0%.",No recent matched news was found for this ticker/date.,Relative strength versus the benchmark looked mixed. 1-month excess return -4.75%; 3-month excess return -11.31%; 6-month excess return 6.42%.,"Model view: the setup leaned cautious. Confidence was around 100%. Technical state is mixed, with price not fully aligned across the major moving averages. RSI is weak near 35.7. MACD remains on the bearish side. Volatility is relatively contained at roughly 12.0%. No recent matched news was found for this ticker/date. Relative strength versus the benchmark looked mixed. 1-month excess return -4.75%; 3-month excess return -11.31%; 6-month excess return 6.42%."
2025-06-16,BRK-B,1,0.0,0.9999364440794919,miss,logistic_regression,target_5d_updown,"Technical state is mixed, with price not fully aligned across the major moving averages. RSI is weak near 39.1. MACD remains on the bearish side. Volatility is relatively contained at roughly 10.8%.",No recent matched news was found for this ticker/date.,Relative strength versus the benchmark looked mixed. 1-month excess return -5.45%; 3-month excess return -12.53%; 6-month excess return 7.05%.,"Model view: the setup leaned cautious. Confidence was around 100%. Technical state is mixed, with price not fully aligned across the major moving averages. RSI is weak near 39.1. MACD remains on the bearish side. Volatility is relatively contained at roughly 10.8%. No recent matched news was found for this ticker/date. Relative strength versus the benchmark looked mixed. 1-month excess return -5.45%; 3-month excess return -12.53%; 6-month excess return 7.05%."
2025-06-17,BRK-B,1,0.0,0.9998552512367911,miss,logistic_regression,target_5d_updown,"Technical state is mixed, with price not fully aligned across the major moving averages. RSI is weak near 34.2. MACD remains on the bearish side. Volatility is relatively contained at roughly 11.6%.",No recent matched news was found for this ticker/date.,Relative strength versus the benchmark looked mixed. 1-month excess return -6.56%; 3-month excess return -14.06%; 6-month excess return 6.55%.,"Model view: the setup leaned cautious. Confidence was around 100%. Technical state is mixed, with price not fully aligned across the major moving averages. RSI is weak near 34.2. MACD remains on the bearish side. Volatility is relatively contained at roughly 11.6%. No recent matched news was found for this ticker/date. Relative strength versus the benchmark looked mixed. 1-month excess return -6.56%; 3-month excess return -14.06%; 6-month excess return 6.55%."
2025-06-18,BRK-B,0,0.0,0.9998964599360037,hit,logistic_regression,target_5d_updown,"Technical state is mixed, with price not fully aligned across the major moving averages. RSI is weak near 36.3. MACD remains on the bearish side. Volatility is relatively contained at roughly 11.7%.",No recent matched news was found for this ticker/date.,Relative strength versus the benchmark looked mixed. 1-month excess return -5.76%; 3-month excess return -12.99%; 6-month excess return 7.10%.,"Model view: the setup leaned cautious. Confidence was around 100%. Technical state is mixed, with price not fully aligned across the major moving averages. RSI is weak near 36.3. MACD remains on the bearish side. Volatility is relatively contained at roughly 11.7%. No recent matched news was found for this ticker/date. Relative strength versus the benchmark looked mixed. 1-month excess return -5.76%; 3-month excess return -12.99%; 6-month excess return 7.10%."
2025-06-20,BRK-B,1,0.0,0.9999197789630861,miss,logistic_regression,target_5d_updown,"Technical state is mixed, with price not fully aligned across the major moving averages. RSI is weak near 36.1. MACD remains on the bearish side. Volatility is relatively contained at roughly 11.7%.",No recent matched news was found for this ticker/date.,Relative strength versus the benchmark looked mixed. 1-month excess return -5.22%; 3-month excess return -13.60%; 6-month excess return 8.32%.,"Model view: the setup leaned cautious. Confidence was around 100%. Technical state is mixed, with price not fully aligned across the major moving averages. RSI is weak near 36.1. MACD remains on the bearish side. Volatility is relatively contained at roughly 11.7%. No recent matched news was found for this ticker/date. Relative strength versus the benchmark looked mixed. 1-month excess return -5.22%; 3-month excess return -13.60%; 6-month excess return 8.32%."
2025-06-23,BRK-B,0,0.0,0.9999389834659663,hit,logistic_regression,target_5d_updown,"Technical state is mixed, with price not fully aligned across the major moving averages. MACD remains on the bearish side. Volatility is relatively contained at roughly 11.9%.",No recent matched news was found for this ticker/date.,Relative strength versus the benchmark looked mixed. 1-month excess return -7.08%; 3-month excess return -12.90%; 6-month excess return 7.42%.,"Model view: the setup leaned cautious. Confidence was around 100%. Technical state is mixed, with price not fully aligned across the major moving averages. MACD remains on the bearish side. Volatility is relatively contained at roughly 11.9%. No recent matched news was found for this ticker/date. Relative strength versus the benchmark looked mixed. 1-month excess return -7.08%; 3-month excess return -12.90%; 6-month excess return 7.42%."
2025-06-24,BRK-B,0,0.0,0.9999641300563706,hit,logistic_regression,target_5d_updown,"Technical state is mixed, with price not fully aligned across the major moving averages. MACD remains on the bullish side. Volatility is relatively contained at roughly 12.8%.",No recent matched news was found for this ticker/date.,Relative strength versus the benchmark looked mixed. 1-month excess return -6.37%; 3-month excess return -11.83%; 6-month excess return 6.73%.,"Model view: the setup leaned cautious. Confidence was around 100%. Technical state is mixed, with price not fully aligned across the major moving averages. MACD remains on the bullish side. Volatility is relatively contained at roughly 12.8%. No recent matched news was found for this ticker/date. Relative strength versus the benchmark looked mixed. 1-month excess return -6.37%; 3-month excess return -11.83%; 6-month excess return 6.73%."
2025-06-25,BRK-B,0,0.0,0.9999299028505675,hit,logistic_regression,target_5d_updown,"Technical state is mixed, with price not fully aligned across the major moving averages. MACD remains on the bullish side. Volatility is relatively contained at roughly 12.8%.",No recent matched news was found for this ticker/date.,Relative strength versus the benchmark looked mixed. 1-month excess return -8.56%; 3-month excess return -13.54%; 6-month excess return 4.35%.,"Model view: the setup leaned cautious. Confidence was around 100%. Technical state is mixed, with price not fully aligned across the major moving averages. MACD remains on the bullish side. Volatility is relatively contained at roughly 12.8%. No recent matched news was found for this ticker/date. Relative strength versus the benchmark looked mixed. 1-month excess return -8.56%; 3-month excess return -13.54%; 6-month excess return 4.35%."
2025-06-26,BRK-B,0,0.0,0.9999083342034357,hit,logistic_regression,target_5d_updown,"Technical state is mixed, with price not fully aligned across the major moving averages. RSI is weak near 39.6. MACD remains on the bullish side. Volatility is relatively contained at roughly 12.3%.",No recent matched news was found for this ticker/date.,Relative strength versus the benchmark looked mixed. 1-month excess return -8.57%; 3-month excess return -16.60%; 6-month excess return 3.52%.,"Model view: the setup leaned cautious. Confidence was around 100%. Technical state is mixed, with price not fully aligned across the major moving averages. RSI is weak near 39.6. MACD remains on the bullish side. Volatility is relatively contained at roughly 12.3%. No recent matched news was found for this ticker/date. Relative strength versus the benchmark looked mixed. 1-month excess return -8.57%; 3-month excess return -16.60%; 6-month excess return 3.52%."
2025-06-27,BRK-B,0,0.0,0.9999332746490979,hit,logistic_regression,target_5d_updown,"Technical state is mixed, with price not fully aligned across the major moving averages. MACD remains on the bullish side. Volatility is relatively contained at roughly 12.0%.",No recent matched news was found for this ticker/date.,Relative strength versus the benchmark looked mixed. 1-month excess return -8.41%; 3-month excess return -17.91%; 6-month excess return 3.28%.,"Model view: the setup leaned cautious. Confidence was around 100%. Technical state is mixed, with price not fully aligned across the major moving averages. MACD remains on the bullish side. Volatility is relatively contained at roughly 12.0%. No recent matched news was found for this ticker/date. Relative strength versus the benchmark looked mixed. 1-month excess return -8.41%; 3-month excess return -17.91%; 6-month excess return 3.28%."
2025-06-30,BRK-B,0,0.0,0.9999314678099062,hit,logistic_regression,target_5d_updown,"Technical state is mixed, with price not fully aligned across the major moving averages. MACD remains on the bullish side. Volatility is relatively contained at roughly 12.0%.",No recent matched news was found for this ticker/date.,Relative strength versus the benchmark looked mixed. 1-month excess return -8.77%; 3-month excess return -18.91%; 6-month excess return 3.16%.,"Model view: the setup leaned cautious. Confidence was around 100%. Technical state is mixed, with price not fully aligned across the major moving averages. MACD remains on the bullish side. Volatility is relatively contained at roughly 12.0%. No recent matched news was found for this ticker/date. Relative strength versus the benchmark looked mixed. 1-month excess return -8.77%; 3-month excess return -18.91%; 6-month excess return 3.16%."
2025-07-01,BRK-B,0,0.0,0.9999482480645473,hit,logistic_regression,target_5d_updown,"Technical state is mixed, with price not fully aligned across the major moving averages. MACD remains on the bullish side. Volatility is relatively contained at roughly 12.5%.",No recent matched news was found for this ticker/date.,Relative strength versus the benchmark looked mixed. 1-month excess return -7.65%; 3-month excess return -18.55%; 6-month excess return 3.94%.,"Model view: the setup leaned cautious. Confidence was around 100%. Technical state is mixed, with price not fully aligned across the major moving averages. MACD remains on the bullish side. Volatility is relatively contained at roughly 12.5%. No recent matched news was found for this ticker/date. Relative strength versus the benchmark looked mixed. 1-month excess return -7.65%; 3-month excess return -18.55%; 6-month excess return 3.94%."
2025-07-02,BRK-B,0,0.0,0.9999238574728947,hit,logistic_regression,target_5d_updown,"Technical state is soft, with price below the 50-day and 200-day averages. RSI is weak near 37.4. MACD remains on the bullish side. Volatility is relatively contained at roughly 13.6%.",No recent matched news was found for this ticker/date.,Relative strength versus the benchmark looked mixed. 1-month excess return -9.10%; 3-month excess return -20.42%; 6-month excess return 1.01%.,"Model view: the setup leaned cautious. Confidence was around 100%. Technical state is soft, with price below the 50-day and 200-day averages. RSI is weak near 37.4. MACD remains on the bullish side. Volatility is relatively contained at roughly 13.6%. No recent matched news was found for this ticker/date. Relative strength versus the benchmark looked mixed. 1-month excess return -9.10%; 3-month excess return -20.42%; 6-month excess return 1.01%."
2025-07-03,BRK-B,0,0.0,0.9999730899261765,hit,logistic_regression,target_5d_updown,"Technical state is mixed, with price not fully aligned across the major moving averages. MACD remains on the bullish side. Volatility is relatively contained at roughly 13.4%.",No recent matched news was found for this ticker/date.,Relative strength versus the benchmark looked mixed. 1-month excess return -7.54%; 3-month excess return -20.66%; 6-month excess return 0.94%.,"Model view: the setup leaned cautious. Confidence was around 100%. Technical state is mixed, with price not fully aligned across the major moving averages. MACD remains on the bullish side. Volatility is relatively contained at roughly 13.4%. No recent matched news was found for this ticker/date. Relative strength versus the benchmark looked mixed. 1-month excess return -7.54%; 3-month excess return -20.66%; 6-month excess return 0.94%."
2025-07-07,BRK-B,0,0.0,0.9999730753528925,hit,logistic_regression,target_5d_updown,"Technical state is soft, with price below the 50-day and 200-day averages. RSI is weak near 37.5. MACD remains on the bullish side. Volatility is relatively contained at roughly 14.2%.",No recent matched news was found for this ticker/date.,Relative strength versus the benchmark looked weak. 1-month excess return -6.83%; 3-month excess return -25.30%; 6-month excess return -0.44%.,"Model view: the setup leaned cautious. Confidence was around 100%. Technical state is soft, with price below the 50-day and 200-day averages. RSI is weak near 37.5. MACD remains on the bullish side. Volatility is relatively contained at roughly 14.2%. No recent matched news was found for this ticker/date. Relative strength versus the benchmark looked weak. 1-month excess return -6.83%; 3-month excess return -25.30%; 6-month excess return -0.44%."
2025-07-08,BRK-B,0,0.0,0.9999865118027186,hit,logistic_regression,target_5d_updown,"Technical state is soft, with price below the 50-day and 200-day averages. RSI is weak near 37.1. MACD remains on the bearish side. Volatility is relatively contained at roughly 13.6%.",No recent matched news was found for this ticker/date.,Relative strength versus the benchmark looked weak. 1-month excess return -6.92%; 3-month excess return -25.75%; 6-month excess return -0.25%.,"Model view: the setup leaned cautious. Confidence was around 100%. Technical state is soft, with price below the 50-day and 200-day averages. RSI is weak near 37.1. MACD remains on the bearish side. Volatility is relatively contained at roughly 13.6%. No recent matched news was found for this ticker/date. Relative strength versus the benchmark looked weak. 1-month excess return -6.92%; 3-month excess return -25.75%; 6-month excess return -0.25%."
2025-07-09,BRK-B,0,0.0,0.9999802354588476,hit,logistic_regression,target_5d_updown,"Technical state is soft, with price below the 50-day and 200-day averages. RSI is weak near 38.9. MACD remains on the bearish side. Volatility is relatively contained at roughly 13.7%.",No recent matched news was found for this ticker/date.,Relative strength versus the benchmark looked mixed. 1-month excess return -7.13%; 3-month excess return -26.08%; 6-month excess return 0.22%.,"Model view: the setup leaned cautious. Confidence was around 100%. Technical state is soft, with price below the 50-day and 200-day averages. RSI is weak near 38.9. MACD remains on the bearish side. Volatility is relatively contained at roughly 13.7%. No recent matched news was found for this ticker/date. Relative strength versus the benchmark looked mixed. 1-month excess return -7.13%; 3-month excess return -26.08%; 6-month excess return 0.22%."
2025-07-10,BRK-B,0,0.0,0.9999955381195803,hit,logistic_regression,target_5d_updown,"Technical state is soft, with price below the 50-day and 200-day averages. RSI is weak near 38.4. MACD remains on the bearish side. Volatility is relatively contained at roughly 13.6%.",No recent matched news was found for this ticker/date.,Relative strength versus the benchmark looked mixed. 1-month excess return -7.41%; 3-month excess return -28.87%; 6-month excess return 0.89%.,"Model view: the setup leaned cautious. Confidence was around 100%. Technical state is soft, with price below the 50-day and 200-day averages. RSI is weak near 38.4. MACD remains on the bearish side. Volatility is relatively contained at roughly 13.6%. No recent matched news was found for this ticker/date. Relative strength versus the benchmark looked mixed. 1-month excess return -7.41%; 3-month excess return -28.87%; 6-month excess return 0.89%."
2025-07-11,BRK-B,0,0.0,0.9999659535913792,hit,logistic_regression,target_5d_updown,"Technical state is soft, with price below the 50-day and 200-day averages. RSI is weak near 36.3. MACD remains on the bearish side. Volatility is relatively contained at roughly 13.6%.",No recent matched news was found for this ticker/date.,Relative strength versus the benchmark looked weak. 1-month excess return -6.51%; 3-month excess return -23.59%; 6-month excess return -0.81%.,"Model view: the setup leaned cautious. Confidence was around 100%. Technical state is soft, with price below the 50-day and 200-day averages. RSI is weak near 36.3. MACD remains on the bearish side. Volatility is relatively contained at roughly 13.6%. No recent matched news was found for this ticker/date. Relative strength versus the benchmark looked weak. 1-month excess return -6.51%; 3-month excess return -23.59%; 6-month excess return -0.81%."
2025-07-14,BRK-B,0,0.0,0.9999925500529909,hit,logistic_regression,target_5d_updown,"Technical state is soft, with price below the 50-day and 200-day averages. RSI is weak near 37.0. MACD remains on the bearish side. Volatility is relatively contained at roughly 13.5%.",No recent matched news was found for this ticker/date.,Relative strength versus the benchmark looked weak. 1-month excess return -6.31%; 3-month excess return -26.80%; 6-month excess return -0.53%.,"Model view: the setup leaned cautious. Confidence was around 100%. Technical state is soft, with price below the 50-day and 200-day averages. RSI is weak near 37.0. MACD remains on the bearish side. Volatility is relatively contained at roughly 13.5%. No recent matched news was found for this ticker/date. Relative strength versus the benchmark looked weak. 1-month excess return -6.31%; 3-month excess return -26.80%; 6-month excess return -0.53%."
2025-07-15,BRK-B,1,0.0,0.999982940412529,miss,logistic_regression,target_5d_updown,"Technical state is soft, with price below the 50-day and 200-day averages. RSI is weak near 32.0. MACD remains on the bearish side. Volatility is relatively contained at roughly 14.0%.",No recent matched news was found for this ticker/date.,Relative strength versus the benchmark looked weak. 1-month excess return -7.17%; 3-month excess return -26.87%; 6-month excess return -0.91%.,"Model view: the setup leaned cautious. Confidence was around 100%. Technical state is soft, with price below the 50-day and 200-day averages. RSI is weak near 32.0. MACD remains on the bearish side. Volatility is relatively contained at roughly 14.0%. No recent matched news was found for this ticker/date. Relative strength versus the benchmark looked weak. 1-month excess return -7.17%; 3-month excess return -26.87%; 6-month excess return -0.91%."
2025-07-16,BRK-B,1,0.0,0.9999897958434705,miss,logistic_regression,target_5d_updown,"Technical state is soft, with price below the 50-day and 200-day averages. RSI is weak near 33.9. MACD remains on the bearish side. Volatility is relatively contained at roughly 13.8%.",No recent matched news was found for this ticker/date.,Relative strength versus the benchmark looked weak. 1-month excess return -7.88%; 3-month excess return -26.79%; 6-month excess return -1.15%.,"Model view: the setup leaned cautious. Confidence was around 100%. Technical state is soft, with price below the 50-day and 200-day averages. RSI is weak near 33.9. MACD remains on the bearish side. Volatility is relatively contained at roughly 13.8%. No recent matched news was found for this ticker/date. Relative strength versus the benchmark looked weak. 1-month excess return -7.88%; 3-month excess return -26.79%; 6-month excess return -1.15%."
2025-07-17,BRK-B,1,0.0,0.9999897305192685,miss,logistic_regression,target_5d_updown,"Technical state is soft, with price below the 50-day and 200-day averages. RSI is weak near 37.1. MACD remains on the bearish side. Volatility is relatively contained at roughly 13.3%.",No recent matched news was found for this ticker/date.,Relative strength versus the benchmark looked weak. 1-month excess return -7.60%; 3-month excess return -27.19%; 6-month excess return -2.64%.,"Model view: the setup leaned cautious. Confidence was around 100%. Technical state is soft, with price below the 50-day and 200-day averages. RSI is weak near 37.1. MACD remains on the bearish side. Volatility is relatively contained at roughly 13.3%. No recent matched news was found for this ticker/date. Relative strength versus the benchmark looked weak. 1-month excess return -7.60%; 3-month excess return -27.19%; 6-month excess return -2.64%."
2025-07-18,BRK-B,1,0.0,0.999991605225689,miss,logistic_regression,target_5d_updown,"Technical state is soft, with price below the 50-day and 200-day averages. RSI is weak near 37.7. MACD remains on the bearish side. Volatility is relatively contained at roughly 13.2%.",No recent matched news was found for this ticker/date.,Relative strength versus the benchmark looked weak. 1-month excess return -7.02%; 3-month excess return -27.65%; 6-month excess return -2.51%.,"Model view: the setup leaned cautious. Confidence was around 100%. Technical state is soft, with price below the 50-day and 200-day averages. RSI is weak near 37.7. MACD remains on the bearish side. Volatility is relatively contained at roughly 13.2%. No recent matched news was found for this ticker/date. Relative strength versus the benchmark looked weak. 1-month excess return -7.02%; 3-month excess return -27.65%; 6-month excess return -2.51%."
2025-07-21,BRK-B,1,0.0,0.9999910468611195,miss,logistic_regression,target_5d_updown,"Technical state is soft, with price below the 50-day and 200-day averages. RSI is weak near 38.7. MACD remains on the bullish side. Volatility is relatively contained at roughly 13.2%.",No recent matched news was found for this ticker/date.,Relative strength versus the benchmark looked weak. 1-month excess return -7.44%; 3-month excess return -27.89%; 6-month excess return -3.69%.,"Model view: the setup leaned cautious. Confidence was around 100%. Technical state is soft, with price below the 50-day and 200-day averages. RSI is weak near 38.7. MACD remains on the bullish side. Volatility is relatively contained at roughly 13.2%. No recent matched news was found for this ticker/date. Relative strength versus the benchmark looked weak. 1-month excess return -7.44%; 3-month excess return -27.89%; 6-month excess return -3.69%."
2025-07-22,BRK-B,0,0.0,0.9999969672075036,hit,logistic_regression,target_5d_updown,"Technical state is soft, with price below the 50-day and 200-day averages. MACD remains on the bullish side. Volatility is relatively contained at roughly 13.4%.",No recent matched news was found for this ticker/date.,Relative strength versus the benchmark looked weak. 1-month excess return -6.91%; 3-month excess return -28.03%; 6-month excess return -3.01%.,"Model view: the setup leaned cautious. Confidence was around 100%. Technical state is soft, with price below the 50-day and 200-day averages. MACD remains on the bullish side. Volatility is relatively contained at roughly 13.4%. No recent matched news was found for this ticker/date. Relative strength versus the benchmark looked weak. 1-month excess return -6.91%; 3-month excess return -28.03%; 6-month excess return -3.01%."
2025-07-23,BRK-B,0,0.0,0.9999986315749305,hit,logistic_regression,target_5d_updown,"Technical state is soft, with price below the 50-day and 200-day averages. RSI is in a steady zone near 50.7. MACD remains on the bullish side. Volatility is relatively contained at roughly 13.1%.",No recent matched news was found for this ticker/date.,Relative strength versus the benchmark looked weak. 1-month excess return -6.38%; 3-month excess return -27.68%; 6-month excess return -2.12%.,"Model view: the setup leaned cautious. Confidence was around 100%. Technical state is soft, with price below the 50-day and 200-day averages. RSI is in a steady zone near 50.7. MACD remains on the bullish side. Volatility is relatively contained at roughly 13.1%. No recent matched news was found for this ticker/date. Relative strength versus the benchmark looked weak. 1-month excess return -6.38%; 3-month excess return -27.68%; 6-month excess return -2.12%."
2025-07-24,BRK-B,0,0.0,0.9999977551935765,hit,logistic_regression,target_5d_updown,"Technical state is soft, with price below the 50-day and 200-day averages. MACD remains on the bullish side. Volatility is relatively contained at roughly 12.1%.",No recent matched news was found for this ticker/date.,Relative strength versus the benchmark looked weak. 1-month excess return -6.87%; 3-month excess return -27.30%; 6-month excess return -0.24%.,"Model view: the setup leaned cautious. Confidence was around 100%. Technical state is soft, with price below the 50-day and 200-day averages. MACD remains on the bullish side. Volatility is relatively contained at roughly 12.1%. No recent matched news was found for this ticker/date. Relative strength versus the benchmark looked weak. 1-month excess return -6.87%; 3-month excess return -27.30%; 6-month excess return -0.24%."
2025-07-25,BRK-B,0,0.0,0.999998182100555,hit,logistic_regression,target_5d_updown,"Technical state is soft, with price below the 50-day and 200-day averages. RSI is in a steady zone near 52.5. MACD remains on the bullish side. Volatility is relatively contained at roughly 12.4%.",No recent matched news was found for this ticker/date.,Relative strength versus the benchmark looked weak. 1-month excess return -5.06%; 3-month excess return -25.50%; 6-month excess return 0.83%.,"Model view: the setup leaned cautious. Confidence was around 100%. Technical state is soft, with price below the 50-day and 200-day averages. RSI is in a steady zone near 52.5. MACD remains on the bullish side. Volatility is relatively contained at roughly 12.4%. No recent matched news was found for this ticker/date. Relative strength versus the benchmark looked weak. 1-month excess return -5.06%; 3-month excess return -25.50%; 6-month excess return 0.83%."
2025-07-28,BRK-B,0,0.0,0.9999966716455315,hit,logistic_regression,target_5d_updown,"Technical state is soft, with price below the 50-day and 200-day averages. MACD remains on the bullish side. Volatility is relatively contained at roughly 12.5%.",No recent matched news was found for this ticker/date.,Relative strength versus the benchmark looked weak. 1-month excess return -4.46%; 3-month excess return -24.95%; 6-month excess return -0.73%.,"Model view: the setup leaned cautious. Confidence was around 100%. Technical state is soft, with price below the 50-day and 200-day averages. MACD remains on the bullish side. Volatility is relatively contained at roughly 12.5%. No recent matched news was found for this ticker/date. Relative strength versus the benchmark looked weak. 1-month excess return -4.46%; 3-month excess return -24.95%; 6-month excess return -0.73%."
2025-07-29,BRK-B,0,0.0,0.9999791041226622,hit,logistic_regression,target_5d_updown,"Technical state is soft, with price below the 50-day and 200-day averages. MACD remains on the bullish side. Volatility is relatively contained at roughly 13.0%.",No recent matched news was found for this ticker/date.,Relative strength versus the benchmark looked weak. 1-month excess return -4.87%; 3-month excess return -25.55%; 6-month excess return -5.54%.,"Model view: the setup leaned cautious. Confidence was around 100%. Technical state is soft, with price below the 50-day and 200-day averages. MACD remains on the bullish side. Volatility is relatively contained at roughly 13.0%. No recent matched news was found for this ticker/date. Relative strength versus the benchmark looked weak. 1-month excess return -4.87%; 3-month excess return -25.55%; 6-month excess return -5.54%."
2025-07-30,BRK-B,0,0.0,0.9999859489956214,hit,logistic_regression,target_5d_updown,"Technical state is soft, with price below the 50-day and 200-day averages. MACD remains on the bullish side. Volatility is relatively contained at roughly 12.6%.",No recent matched news was found for this ticker/date.,Relative strength versus the benchmark looked weak. 1-month excess return -4.68%; 3-month excess return -25.43%; 6-month excess return -3.64%.,"Model view: the setup leaned cautious. Confidence was around 100%. Technical state is soft, with price below the 50-day and 200-day averages. MACD remains on the bullish side. Volatility is relatively contained at roughly 12.6%. No recent matched news was found for this ticker/date. Relative strength versus the benchmark looked weak. 1-month excess return -4.68%; 3-month excess return -25.43%; 6-month excess return -3.64%."
2025-07-31,BRK-B,0,0.0,0.9999776418457714,hit,logistic_regression,target_5d_updown,"Technical state is soft, with price below the 50-day and 200-day averages. RSI is weak near 38.5. MACD remains on the bullish side. Volatility is relatively contained at roughly 11.2%.",No recent matched news was found for this ticker/date.,Relative strength versus the benchmark looked weak. 1-month excess return -5.95%; 3-month excess return -25.49%; 6-month excess return -4.43%.,"Model view: the setup leaned cautious. Confidence was around 100%. Technical state is soft, with price below the 50-day and 200-day averages. RSI is weak near 38.5. MACD remains on the bullish side. Volatility is relatively contained at roughly 11.2%. No recent matched news was found for this ticker/date. Relative strength versus the benchmark looked weak. 1-month excess return -5.95%; 3-month excess return -25.49%; 6-month excess return -4.43%."
2025-08-01,BRK-B,0,0.0,0.9999679901695141,hit,logistic_regression,target_5d_updown,"Technical state is soft, with price below the 50-day and 200-day averages. MACD remains on the bullish side. Volatility is relatively contained at roughly 10.6%.",No recent matched news was found for this ticker/date.,Relative strength versus the benchmark looked weak. 1-month excess return -1.79%; 3-month excess return -22.14%; 6-month excess return -2.62%.,"Model view: the setup leaned cautious. Confidence was around 100%. Technical state is soft, with price below the 50-day and 200-day averages. MACD remains on the bullish side. Volatility is relatively contained at roughly 10.6%. No recent matched news was found for this ticker/date. Relative strength versus the benchmark looked weak. 1-month excess return -1.79%; 3-month excess return -22.14%; 6-month excess return -2.62%."
2025-08-04,BRK-B,1,0.0,0.9999143221514061,miss,logistic_regression,target_5d_updown,"Technical state is soft, with price below the 50-day and 200-day averages. RSI is weak near 29.0. MACD remains on the bearish side. Volatility is relatively contained at roughly 13.8%.",No recent matched news was found for this ticker/date.,Relative strength versus the benchmark looked weak. 1-month excess return -6.19%; 3-month excess return -26.36%; 6-month excess return -6.89%.,"Model view: the setup leaned cautious. Confidence was around 100%. Technical state is soft, with price below the 50-day and 200-day averages. RSI is weak near 29.0. MACD remains on the bearish side. Volatility is relatively contained at roughly 13.8%. No recent matched news was found for this ticker/date. Relative strength versus the benchmark looked weak. 1-month excess return -6.19%; 3-month excess return -26.36%; 6-month excess return -6.89%."
2025-08-05,BRK-B,1,0.0,0.9998808302042984,miss,logistic_regression,target_5d_updown,"Technical state is soft, with price below the 50-day and 200-day averages. RSI is weak near 36.0. MACD remains on the bearish side. Volatility is relatively contained at roughly 14.6%.",No recent matched news was found for this ticker/date.,Relative strength versus the benchmark looked weak. 1-month excess return -4.08%; 3-month excess return -20.82%; 6-month excess return -5.12%.,"Model view: the setup leaned cautious. Confidence was around 100%. Technical state is soft, with price below the 50-day and 200-day averages. RSI is weak near 36.0. MACD remains on the bearish side. Volatility is relatively contained at roughly 14.6%. No recent matched news was found for this ticker/date. Relative strength versus the benchmark looked weak. 1-month excess return -4.08%; 3-month excess return -20.82%; 6-month excess return -5.12%."
2025-08-06,BRK-B,1,0.0,0.9999578658276242,miss,logistic_regression,target_5d_updown,"Technical state is soft, with price below the 50-day and 200-day averages. MACD remains on the bearish side.",No recent matched news was found for this ticker/date.,Relative strength versus the benchmark looked weak. 1-month excess return -3.79%; 3-month excess return -21.73%; 6-month excess return -4.81%.,"Model view: the setup leaned cautious. Confidence was around 100%. Technical state is soft, with price below the 50-day and 200-day averages. MACD remains on the bearish side. No recent matched news was found for this ticker/date. Relative strength versus the benchmark looked weak. 1-month excess return -3.79%; 3-month excess return -21.73%; 6-month excess return -4.81%."
2025-08-07,BRK-B,1,0.0,0.9998666283860992,miss,logistic_regression,target_5d_updown,"Technical state is soft, with price below the 50-day and 200-day averages. RSI is weak near 36.2. MACD remains on the bearish side.",No recent matched news was found for this ticker/date.,Relative strength versus the benchmark looked weak. 1-month excess return -4.98%; 3-month excess return -23.63%; 6-month excess return -7.21%.,"Model view: the setup leaned cautious. Confidence was around 100%. Technical state is soft, with price below the 50-day and 200-day averages. RSI is weak near 36.2. MACD remains on the bearish side. No recent matched news was found for this ticker/date. Relative strength versus the benchmark looked weak. 1-month excess return -4.98%; 3-month excess return -23.63%; 6-month excess return -7.21%."
2025-08-08,BRK-B,1,0.0,0.9996797190389188,miss,logistic_regression,target_5d_updown,"Technical state is soft, with price below the 50-day and 200-day averages. MACD remains on the bearish side.",No recent matched news was found for this ticker/date.,Relative strength versus the benchmark looked weak. 1-month excess return -4.51%; 3-month excess return -22.11%; 6-month excess return -7.52%.,"Model view: the setup leaned cautious. Confidence was around 100%. Technical state is soft, with price below the 50-day and 200-day averages. MACD remains on the bearish side. No recent matched news was found for this ticker/date. Relative strength versus the benchmark looked weak. 1-month excess return -4.51%; 3-month excess return -22.11%; 6-month excess return -7.52%."
2025-08-11,BRK-B,1,0.0,0.9999529071707105,miss,logistic_regression,target_5d_updown,"Technical state is soft, with price below the 50-day and 200-day averages. MACD remains on the bearish side.",No recent matched news was found for this ticker/date.,Relative strength versus the benchmark looked weak. 1-month excess return -4.31%; 3-month excess return -22.24%; 6-month excess return -7.55%.,"Model view: the setup leaned cautious. Confidence was around 100%. Technical state is soft, with price below the 50-day and 200-day averages. MACD remains on the bearish side. No recent matched news was found for this ticker/date. Relative strength versus the benchmark looked weak. 1-month excess return -4.31%; 3-month excess return -22.24%; 6-month excess return -7.55%."
2025-08-12,BRK-B,1,0.0,0.9999104597073815,miss,logistic_regression,target_5d_updown,"Technical state is soft, with price below the 50-day and 200-day averages. MACD remains on the bearish side.",No recent matched news was found for this ticker/date.,Relative strength versus the benchmark looked weak. 1-month excess return -4.10%; 3-month excess return -18.77%; 6-month excess return -6.18%.,"Model view: the setup leaned cautious. Confidence was around 100%. Technical state is soft, with price below the 50-day and 200-day averages. MACD remains on the bearish side. No recent matched news was found for this ticker/date. Relative strength versus the benchmark looked weak. 1-month excess return -4.10%; 3-month excess return -18.77%; 6-month excess return -6.18%."
2025-08-13,BRK-B,1,0.0,0.9999046117105334,miss,logistic_regression,target_5d_updown,"Technical state is soft, with price below the 50-day and 200-day averages. RSI is in a steady zone near 52.8. MACD remains on the bullish side.",No recent matched news was found for this ticker/date.,Relative strength versus the benchmark looked weak. 1-month excess return -2.14%; 3-month excess return -16.65%; 6-month excess return -5.51%.,"Model view: the setup leaned cautious. Confidence was around 100%. Technical state is soft, with price below the 50-day and 200-day averages. RSI is in a steady zone near 52.8. MACD remains on the bullish side. No recent matched news was found for this ticker/date. Relative strength versus the benchmark looked weak. 1-month excess return -2.14%; 3-month excess return -16.65%; 6-month excess return -5.51%."
2025-08-14,BRK-B,1,0.0,0.9999481777743988,miss,logistic_regression,target_5d_updown,"Technical state is soft, with price below the 50-day and 200-day averages. RSI is in a steady zone near 54.4. MACD remains on the bullish side.",No recent matched news was found for this ticker/date.,Relative strength versus the benchmark looked weak. 1-month excess return -1.65%; 3-month excess return -14.57%; 6-month excess return -5.27%.,"Model view: the setup leaned cautious. Confidence was around 100%. Technical state is soft, with price below the 50-day and 200-day averages. RSI is in a steady zone near 54.4. MACD remains on the bullish side. No recent matched news was found for this ticker/date. Relative strength versus the benchmark looked weak. 1-month excess return -1.65%; 3-month excess return -14.57%; 6-month excess return -5.27%."
2025-08-15,BRK-B,1,0.0,0.9998960088070574,miss,logistic_regression,target_5d_updown,"Technical state is soft, with price below the 50-day and 200-day averages. RSI is in a steady zone near 52.4. MACD remains on the bullish side.",No recent matched news was found for this ticker/date.,Relative strength versus the benchmark looked weak. 1-month excess return -1.69%; 3-month excess return -14.93%; 6-month excess return -6.20%.,"Model view: the setup leaned cautious. Confidence was around 100%. Technical state is soft, with price below the 50-day and 200-day averages. RSI is in a steady zone near 52.4. MACD remains on the bullish side. No recent matched news was found for this ticker/date. Relative strength versus the benchmark looked weak. 1-month excess return -1.69%; 3-month excess return -14.93%; 6-month excess return -6.20%."
2025-08-18,BRK-B,1,0.0,0.9999352584155067,miss,logistic_regression,target_5d_updown,"Technical state is soft, with price below the 50-day and 200-day averages. RSI is in a steady zone near 53.6. MACD remains on the bullish side.",No recent matched news was found for this ticker/date.,Relative strength versus the benchmark looked weak. 1-month excess return -1.51%; 3-month excess return -15.21%; 6-month excess return -5.69%.,"Model view: the setup leaned cautious. Confidence was around 100%. Technical state is soft, with price below the 50-day and 200-day averages. RSI is in a steady zone near 53.6. MACD remains on the bullish side. No recent matched news was found for this ticker/date. Relative strength versus the benchmark looked weak. 1-month excess return -1.51%; 3-month excess return -15.21%; 6-month excess return -5.69%."
2025-08-19,BRK-B,1,0.0,0.9999492827810353,miss,logistic_regression,target_5d_updown,"Technical state is mixed, with price not fully aligned across the major moving averages. RSI is in a steady zone near 59.4. MACD remains on the bullish side.",No recent matched news was found for this ticker/date.,Relative strength versus the benchmark looked weak. 1-month excess return 0.54%; 3-month excess return -12.84%; 6-month excess return -4.08%.,"Model view: the setup leaned cautious. Confidence was around 100%. Technical state is mixed, with price not fully aligned across the major moving averages. RSI is in a steady zone near 59.4. MACD remains on the bullish side. No recent matched news was found for this ticker/date. Relative strength versus the benchmark looked weak. 1-month excess return 0.54%; 3-month excess return -12.84%; 6-month excess return -4.08%."
2025-08-20,BRK-B,1,0.0,0.9999515240308441,miss,logistic_regression,target_5d_updown,"Technical state is constructive, with price above the 50-day and 200-day averages. RSI is in a steady zone near 62.0. MACD remains on the bullish side.",No recent matched news was found for this ticker/date.,Relative strength versus the benchmark looked weak. 1-month excess return 0.71%; 3-month excess return -11.60%; 6-month excess return -3.05%.,"Model view: the setup leaned cautious. Confidence was around 100%. Technical state is constructive, with price above the 50-day and 200-day averages. RSI is in a steady zone near 62.0. MACD remains on the bullish side. No recent matched news was found for this ticker/date. Relative strength versus the benchmark looked weak. 1-month excess return 0.71%; 3-month excess return -11.60%; 6-month excess return -3.05%."
2025-08-21,BRK-B,1,0.0,0.9999616056149108,miss,logistic_regression,target_5d_updown,"Technical state is constructive, with price above the 50-day and 200-day averages. RSI is in a steady zone near 61.9. MACD remains on the bullish side.",No recent matched news was found for this ticker/date.,Relative strength versus the benchmark looked weak. 1-month excess return 0.99%; 3-month excess return -12.69%; 6-month excess return -2.68%.,"Model view: the setup leaned cautious. Confidence was around 100%. Technical state is constructive, with price above the 50-day and 200-day averages. RSI is in a steady zone near 61.9. MACD remains on the bullish side. No recent matched news was found for this ticker/date. Relative strength versus the benchmark looked weak. 1-month excess return 0.99%; 3-month excess return -12.69%; 6-month excess return -2.68%."
2025-08-22,BRK-B,1,1.0,0.5759875797432665,hit,logistic_regression,target_5d_updown,"Technical state is constructive, with price above the 50-day and 200-day averages. RSI is in a steady zone near 62.2. MACD remains on the bullish side.",No recent matched news was found for this ticker/date.,Relative strength versus the benchmark looked weak. 1-month excess return 0.04%; 3-month excess return -13.56%; 6-month excess return -5.37%.,"Model view: the setup leaned constructive. Confidence was around 58%. Technical state is constructive, with price above the 50-day and 200-day averages. RSI is in a steady zone near 62.2. MACD remains on the bullish side. No recent matched news was found for this ticker/date. Relative strength versus the benchmark looked weak. 1-month excess return 0.04%; 3-month excess return -13.56%; 6-month excess return -5.37%."
2025-08-25,BRK-B,1,1.0,0.8516323122832101,hit,logistic_regression,target_5d_updown,"Technical state is mixed, with price not fully aligned across the major moving averages. RSI is in a steady zone near 58.4. MACD remains on the bullish side.",No recent matched news was found for this ticker/date.,Relative strength versus the benchmark looked weak. 1-month excess return -0.44%; 3-month excess return -14.38%; 6-month excess return -10.02%.,"Model view: the setup leaned constructive. Confidence was around 85%. Technical state is mixed, with price not fully aligned across the major moving averages. RSI is in a steady zone near 58.4. MACD remains on the bullish side. No recent matched news was found for this ticker/date. Relative strength versus the benchmark looked weak. 1-month excess return -0.44%; 3-month excess return -14.38%; 6-month excess return -10.02%."
2025-08-26,BRK-B,1,1.0,0.8430784831941671,hit,logistic_regression,target_5d_updown,"Technical state is constructive, with price above the 50-day and 200-day averages. RSI is in a steady zone near 63.5. MACD remains on the bullish side.",No recent matched news was found for this ticker/date.,Relative strength versus the benchmark looked weak. 1-month excess return 0.88%; 3-month excess return -12.48%; 6-month excess return -10.06%.,"Model view: the setup leaned constructive. Confidence was around 84%. Technical state is constructive, with price above the 50-day and 200-day averages. RSI is in a steady zone near 63.5. MACD remains on the bullish side. No recent matched news was found for this ticker/date. Relative strength versus the benchmark looked weak. 1-month excess return 0.88%; 3-month excess return -12.48%; 6-month excess return -10.06%."
2025-08-27,BRK-B,1,1.0,0.8151236582177016,hit,logistic_regression,target_5d_updown,"Technical state is constructive, with price above the 50-day and 200-day averages. MACD remains on the bullish side.",No recent matched news was found for this ticker/date.,Relative strength versus the benchmark looked weak. 1-month excess return 2.22%; 3-month excess return -11.50%; 6-month excess return -8.39%.,"Model view: the setup leaned constructive. Confidence was around 82%. Technical state is constructive, with price above the 50-day and 200-day averages. MACD remains on the bullish side. No recent matched news was found for this ticker/date. Relative strength versus the benchmark looked weak. 1-month excess return 2.22%; 3-month excess return -11.50%; 6-month excess return -8.39%."
2025-08-28,BRK-B,0,1.0,0.7523271501463351,miss,logistic_regression,target_5d_updown,"Technical state is constructive, with price above the 50-day and 200-day averages. MACD remains on the bullish side.",No recent matched news was found for this ticker/date.,Relative strength versus the benchmark looked weak. 1-month excess return 2.73%; 3-month excess return -11.24%; 6-month excess return -11.39%.,"Model view: the setup leaned constructive. Confidence was around 75%. Technical state is constructive, with price above the 50-day and 200-day averages. MACD remains on the bullish side. No recent matched news was found for this ticker/date. Relative strength versus the benchmark looked weak. 1-month excess return 2.73%; 3-month excess return -11.24%; 6-month excess return -11.39%."
2025-08-29,BRK-B,0,1.0,0.6537082068800457,miss,logistic_regression,target_5d_updown,"Technical state is constructive, with price above the 50-day and 200-day averages. RSI is elevated near 70.9, so chasing strength may add risk. MACD remains on the bullish side.",No recent matched news was found for this ticker/date.,Relative strength versus the benchmark looked weak. 1-month excess return 4.52%; 3-month excess return -9.67%; 6-month excess return -10.67%.,"Model view: the setup leaned constructive. Confidence was around 65%. Technical state is constructive, with price above the 50-day and 200-day averages. RSI is elevated near 70.9, so chasing strength may add risk. MACD remains on the bullish side. No recent matched news was found for this ticker/date. Relative strength versus the benchmark looked weak. 1-month excess return 4.52%; 3-month excess return -9.67%; 6-month excess return -10.67%."
2025-09-02,BRK-B,0,1.0,0.6247935052024938,miss,logistic_regression,target_5d_updown,"Technical state is constructive, with price above the 50-day and 200-day averages. MACD remains on the bullish side. Volatility is relatively contained at roughly 12.5%.",No recent matched news was found for this ticker/date.,Relative strength versus the benchmark looked weak. 1-month excess return 2.96%; 3-month excess return -8.37%; 6-month excess return -11.40%.,"Model view: the setup leaned constructive. Confidence was around 62%. Technical state is constructive, with price above the 50-day and 200-day averages. MACD remains on the bullish side. Volatility is relatively contained at roughly 12.5%. No recent matched news was found for this ticker/date. Relative strength versus the benchmark looked weak. 1-month excess return 2.96%; 3-month excess return -8.37%; 6-month excess return -11.40%."
2025-09-03,BRK-B,0,1.0,0.6149221023605436,miss,logistic_regression,target_5d_updown,"Technical state is constructive, with price above the 50-day and 200-day averages. MACD remains on the bullish side. Volatility is relatively contained at roughly 12.3%.",No recent matched news was found for this ticker/date.,Relative strength versus the benchmark looked weak. 1-month excess return 7.23%; 3-month excess return -7.24%; 6-month excess return -10.42%.,"Model view: the setup leaned constructive. Confidence was around 61%. Technical state is constructive, with price above the 50-day and 200-day averages. MACD remains on the bullish side. Volatility is relatively contained at roughly 12.3%. No recent matched news was found for this ticker/date. Relative strength versus the benchmark looked weak. 1-month excess return 7.23%; 3-month excess return -7.24%; 6-month excess return -10.42%."
2025-09-04,BRK-B,0,0.0,0.556901404675223,hit,logistic_regression,target_5d_updown,"Technical state is constructive, with price above the 50-day and 200-day averages. RSI is elevated near 72.1, so chasing strength may add risk. MACD remains on the bullish side. Volatility is relatively contained at roughly 12.4%.",No recent matched news was found for this ticker/date.,Relative strength versus the benchmark looked weak. 1-month excess return 5.87%; 3-month excess return -5.70%; 6-month excess return -9.53%.,"Model view: the setup leaned cautious. Confidence was around 56%. Technical state is constructive, with price above the 50-day and 200-day averages. RSI is elevated near 72.1, so chasing strength may add risk. MACD remains on the bullish side. Volatility is relatively contained at roughly 12.4%. No recent matched news was found for this ticker/date. Relative strength versus the benchmark looked weak. 1-month excess return 5.87%; 3-month excess return -5.70%; 6-month excess return -9.53%."
2025-09-05,BRK-B,0,1.0,0.8394242612787165,miss,logistic_regression,target_5d_updown,"Technical state is constructive, with price above the 50-day and 200-day averages. RSI is in a steady zone near 61.9. MACD remains on the bullish side. Volatility is relatively contained at roughly 12.0%.",No recent matched news was found for this ticker/date.,Relative strength versus the benchmark looked weak. 1-month excess return 4.29%; 3-month excess return -6.89%; 6-month excess return -12.58%.,"Model view: the setup leaned constructive. Confidence was around 84%. Technical state is constructive, with price above the 50-day and 200-day averages. RSI is in a steady zone near 61.9. MACD remains on the bullish side. Volatility is relatively contained at roughly 12.0%. No recent matched news was found for this ticker/date. Relative strength versus the benchmark looked weak. 1-month excess return 4.29%; 3-month excess return -6.89%; 6-month excess return -12.58%."
2025-09-08,BRK-B,0,1.0,0.9375769439323598,miss,logistic_regression,target_5d_updown,"Technical state is constructive, with price above the 50-day and 200-day averages. RSI is in a steady zone near 54.9. MACD remains on the bullish side. Volatility is relatively contained at roughly 13.1%.",No recent matched news was found for this ticker/date.,Relative strength versus the benchmark looked weak. 1-month excess return 4.38%; 3-month excess return -8.27%; 6-month excess return -13.02%.,"Model view: the setup leaned constructive. Confidence was around 94%. Technical state is constructive, with price above the 50-day and 200-day averages. RSI is in a steady zone near 54.9. MACD remains on the bullish side. Volatility is relatively contained at roughly 13.1%. No recent matched news was found for this ticker/date. Relative strength versus the benchmark looked weak. 1-month excess return 4.38%; 3-month excess return -8.27%; 6-month excess return -13.02%."
2025-09-09,BRK-B,0,1.0,0.9276881237998671,miss,logistic_regression,target_5d_updown,"Technical state is constructive, with price above the 50-day and 200-day averages. RSI is in a steady zone near 53.7. MACD remains on the bullish side. Volatility is relatively contained at roughly 13.2%.",No recent matched news was found for this ticker/date.,Relative strength versus the benchmark looked weak. 1-month excess return 3.79%; 3-month excess return -8.60%; 6-month excess return -16.87%.,"Model view: the setup leaned constructive. Confidence was around 93%. Technical state is constructive, with price above the 50-day and 200-day averages. RSI is in a steady zone near 53.7. MACD remains on the bullish side. Volatility is relatively contained at roughly 13.2%. No recent matched news was found for this ticker/date. Relative strength versus the benchmark looked weak. 1-month excess return 3.79%; 3-month excess return -8.60%; 6-month excess return -16.87%."
2025-09-10,BRK-B,1,1.0,0.8948288455661103,hit,logistic_regression,target_5d_updown,"Technical state is constructive, with price above the 50-day and 200-day averages. RSI is in a steady zone near 50.9. MACD remains on the bearish side. Volatility is relatively contained at roughly 13.0%.",No recent matched news was found for this ticker/date.,Relative strength versus the benchmark looked weak. 1-month excess return 2.86%; 3-month excess return -8.38%; 6-month excess return -18.53%.,"Model view: the setup leaned constructive. Confidence was around 89%. Technical state is constructive, with price above the 50-day and 200-day averages. RSI is in a steady zone near 50.9. MACD remains on the bearish side. Volatility is relatively contained at roughly 13.0%. No recent matched news was found for this ticker/date. Relative strength versus the benchmark looked weak. 1-month excess return 2.86%; 3-month excess return -8.38%; 6-month excess return -18.53%."
2025-09-11,BRK-B,0,1.0,0.7152994765172936,miss,logistic_regression,target_5d_updown,"Technical state is constructive, with price above the 50-day and 200-day averages. RSI is in a steady zone near 57.2. MACD remains on the bearish side. Volatility is relatively contained at roughly 12.9%.",No recent matched news was found for this ticker/date.,Relative strength versus the benchmark looked weak. 1-month excess return 3.30%; 3-month excess return -7.56%; 6-month excess return -17.48%.,"Model view: the setup leaned constructive. Confidence was around 72%. Technical state is constructive, with price above the 50-day and 200-day averages. RSI is in a steady zone near 57.2. MACD remains on the bearish side. Volatility is relatively contained at roughly 12.9%. No recent matched news was found for this ticker/date. Relative strength versus the benchmark looked weak. 1-month excess return 3.30%; 3-month excess return -7.56%; 6-month excess return -17.48%."
2025-09-12,BRK-B,0,1.0,0.8719854950766921,miss,logistic_regression,target_5d_updown,"Technical state is constructive, with price above the 50-day and 200-day averages. RSI is in a steady zone near 53.8. MACD remains on the bearish side. Volatility is relatively contained at roughly 13.2%.",No recent matched news was found for this ticker/date.,Relative strength versus the benchmark looked weak. 1-month excess return 1.49%; 3-month excess return -8.22%; 6-month excess return -21.29%.,"Model view: the setup leaned constructive. Confidence was around 87%. Technical state is constructive, with price above the 50-day and 200-day averages. RSI is in a steady zone near 53.8. MACD remains on the bearish side. Volatility is relatively contained at roughly 13.2%. No recent matched news was found for this ticker/date. Relative strength versus the benchmark looked weak. 1-month excess return 1.49%; 3-month excess return -8.22%; 6-month excess return -21.29%."
2025-09-15,BRK-B,1,1.0,0.7781397850328625,hit,logistic_regression,target_5d_updown,"Technical state is constructive, with price above the 50-day and 200-day averages. RSI is in a steady zone near 51.4. MACD remains on the bearish side. Volatility is relatively contained at roughly 13.2%.",No recent matched news was found for this ticker/date.,Relative strength versus the benchmark looked weak. 1-month excess return 0.08%; 3-month excess return -9.90%; 6-month excess return -21.90%.,"Model view: the setup leaned constructive. Confidence was around 78%. Technical state is constructive, with price above the 50-day and 200-day averages. RSI is in a steady zone near 51.4. MACD remains on the bearish side. Volatility is relatively contained at roughly 13.2%. No recent matched news was found for this ticker/date. Relative strength versus the benchmark looked weak. 1-month excess return 0.08%; 3-month excess return -9.90%; 6-month excess return -21.90%."
2025-09-16,BRK-B,1,1.0,0.8432168159579569,hit,logistic_regression,target_5d_updown,"Technical state is constructive, with price above the 50-day and 200-day averages. RSI is in a steady zone near 50.8. MACD remains on the bearish side. Volatility is relatively contained at roughly 13.3%.",No recent matched news was found for this ticker/date.,Relative strength versus the benchmark looked weak. 1-month excess return 0.32%; 3-month excess return -9.36%; 6-month excess return -22.50%.,"Model view: the setup leaned constructive. Confidence was around 84%. Technical state is constructive, with price above the 50-day and 200-day averages. RSI is in a steady zone near 50.8. MACD remains on the bearish side. Volatility is relatively contained at roughly 13.3%. No recent matched news was found for this ticker/date. Relative strength versus the benchmark looked weak. 1-month excess return 0.32%; 3-month excess return -9.36%; 6-month excess return -22.50%."
2025-09-17,BRK-B,1,1.0,0.7274299530979839,hit,logistic_regression,target_5d_updown,"Technical state is constructive, with price above the 50-day and 200-day averages. RSI is in a steady zone near 52.3. MACD remains on the bearish side. Volatility is relatively contained at roughly 12.4%.",No recent matched news was found for this ticker/date.,Relative strength versus the benchmark looked weak. 1-month excess return 0.40%; 3-month excess return -8.50%; 6-month excess return -23.37%.,"Model view: the setup leaned constructive. Confidence was around 73%. Technical state is constructive, with price above the 50-day and 200-day averages. RSI is in a steady zone near 52.3. MACD remains on the bearish side. Volatility is relatively contained at roughly 12.4%. No recent matched news was found for this ticker/date. Relative strength versus the benchmark looked weak. 1-month excess return 0.40%; 3-month excess return -8.50%; 6-month excess return -23.37%."
2025-09-18,BRK-B,1,1.0,0.7798078970858612,hit,logistic_regression,target_5d_updown,"Technical state is constructive, with price above the 50-day and 200-day averages. RSI is in a steady zone near 50.1. MACD remains on the bearish side. Volatility is relatively contained at roughly 12.2%.",No recent matched news was found for this ticker/date.,Relative strength versus the benchmark looked weak. 1-month excess return -2.47%; 3-month excess return -9.76%; 6-month excess return -23.42%.,"Model view: the setup leaned constructive. Confidence was around 78%. Technical state is constructive, with price above the 50-day and 200-day averages. RSI is in a steady zone near 50.1. MACD remains on the bearish side. Volatility is relatively contained at roughly 12.2%. No recent matched news was found for this ticker/date. Relative strength versus the benchmark looked weak. 1-month excess return -2.47%; 3-month excess return -9.76%; 6-month excess return -23.42%."
2025-09-19,BRK-B,1,1.0,0.7629027886041415,hit,logistic_regression,target_5d_updown,"Technical state is constructive, with price above the 50-day and 200-day averages. RSI is in a steady zone near 52.8. MACD remains on the bearish side. Volatility is relatively contained at roughly 12.3%.",No recent matched news was found for this ticker/date.,Relative strength versus the benchmark looked weak. 1-month excess return -3.44%; 3-month excess return -10.05%; 6-month excess return -24.41%.,"Model view: the setup leaned constructive. Confidence was around 76%. Technical state is constructive, with price above the 50-day and 200-day averages. RSI is in a steady zone near 52.8. MACD remains on the bearish side. Volatility is relatively contained at roughly 12.3%. No recent matched news was found for this ticker/date. Relative strength versus the benchmark looked weak. 1-month excess return -3.44%; 3-month excess return -10.05%; 6-month excess return -24.41%."
2025-09-22,BRK-B,1,1.0,0.61568777233821,hit,logistic_regression,target_5d_updown,"Technical state is constructive, with price above the 50-day and 200-day averages. RSI is in a steady zone near 53.8. MACD remains on the bearish side. Volatility is relatively contained at roughly 12.4%.",No recent matched news was found for this ticker/date.,Relative strength versus the benchmark looked weak. 1-month excess return -4.17%; 3-month excess return -9.88%; 6-month excess return -23.57%.,"Model view: the setup leaned constructive. Confidence was around 62%. Technical state is constructive, with price above the 50-day and 200-day averages. RSI is in a steady zone near 53.8. MACD remains on the bearish side. Volatility is relatively contained at roughly 12.4%. No recent matched news was found for this ticker/date. Relative strength versus the benchmark looked weak. 1-month excess return -4.17%; 3-month excess return -9.88%; 6-month excess return -23.57%."
2025-09-23,BRK-B,1,1.0,0.8112142661900834,hit,logistic_regression,target_5d_updown,"Technical state is constructive, with price above the 50-day and 200-day averages. RSI is in a steady zone near 54.3. MACD remains on the bearish side. Volatility is relatively contained at roughly 12.1%.",No recent matched news was found for this ticker/date.,Relative strength versus the benchmark looked weak. 1-month excess return -2.05%; 3-month excess return -9.19%; 6-month excess return -21.56%.,"Model view: the setup leaned constructive. Confidence was around 81%. Technical state is constructive, with price above the 50-day and 200-day averages. RSI is in a steady zone near 54.3. MACD remains on the bearish side. Volatility is relatively contained at roughly 12.1%. No recent matched news was found for this ticker/date. Relative strength versus the benchmark looked weak. 1-month excess return -2.05%; 3-month excess return -9.19%; 6-month excess return -21.56%."
2025-09-24,BRK-B,1,1.0,0.6745873562905136,hit,logistic_regression,target_5d_updown,"Technical state is constructive, with price above the 50-day and 200-day averages. RSI is in a steady zone near 57.8. MACD remains on the bearish side. Volatility is relatively contained at roughly 11.5%.",No recent matched news was found for this ticker/date.,Relative strength versus the benchmark looked weak. 1-month excess return -0.94%; 3-month excess return -6.66%; 6-month excess return -20.87%.,"Model view: the setup leaned constructive. Confidence was around 67%. Technical state is constructive, with price above the 50-day and 200-day averages. RSI is in a steady zone near 57.8. MACD remains on the bearish side. Volatility is relatively contained at roughly 11.5%. No recent matched news was found for this ticker/date. Relative strength versus the benchmark looked weak. 1-month excess return -0.94%; 3-month excess return -6.66%; 6-month excess return -20.87%."
2025-09-25,BRK-B,1,1.0,0.8186716462913849,hit,logistic_regression,target_5d_updown,"Technical state is constructive, with price above the 50-day and 200-day averages. RSI is in a steady zone near 54.6. MACD remains on the bearish side. Volatility is relatively contained at roughly 11.4%.",No recent matched news was found for this ticker/date.,Relative strength versus the benchmark looked weak. 1-month excess return -1.72%; 3-month excess return -5.48%; 6-month excess return -22.83%.,"Model view: the setup leaned constructive. Confidence was around 82%. Technical state is constructive, with price above the 50-day and 200-day averages. RSI is in a steady zone near 54.6. MACD remains on the bearish side. Volatility is relatively contained at roughly 11.4%. No recent matched news was found for this ticker/date. Relative strength versus the benchmark looked weak. 1-month excess return -1.72%; 3-month excess return -5.48%; 6-month excess return -22.83%."
2025-09-26,BRK-B,0,1.0,0.6213319283346292,miss,logistic_regression,target_5d_updown,"Technical state is constructive, with price above the 50-day and 200-day averages. RSI is in a steady zone near 60.3. MACD remains on the bearish side. Volatility is relatively contained at roughly 11.6%.",No recent matched news was found for this ticker/date.,Relative strength versus the benchmark looked weak. 1-month excess return -1.78%; 3-month excess return -4.67%; 6-month excess return -23.52%.,"Model view: the setup leaned constructive. Confidence was around 62%. Technical state is constructive, with price above the 50-day and 200-day averages. RSI is in a steady zone near 60.3. MACD remains on the bearish side. Volatility is relatively contained at roughly 11.6%. No recent matched news was found for this ticker/date. Relative strength versus the benchmark looked weak. 1-month excess return -1.78%; 3-month excess return -4.67%; 6-month excess return -23.52%."
2025-09-29,BRK-B,1,1.0,0.6806467297342561,hit,logistic_regression,target_5d_updown,"Technical state is constructive, with price above the 50-day and 200-day averages. RSI is in a steady zone near 59.0. MACD remains on the bearish side. Volatility is relatively contained at roughly 11.3%.",No recent matched news was found for this ticker/date.,Relative strength versus the benchmark looked weak. 1-month excess return -2.40%; 3-month excess return -4.64%; 6-month excess return -24.59%.,"Model view: the setup leaned constructive. Confidence was around 68%. Technical state is constructive, with price above the 50-day and 200-day averages. RSI is in a steady zone near 59.0. MACD remains on the bearish side. Volatility is relatively contained at roughly 11.3%. No recent matched news was found for this ticker/date. Relative strength versus the benchmark looked weak. 1-month excess return -2.40%; 3-month excess return -4.64%; 6-month excess return -24.59%."
2025-09-30,BRK-B,0,1.0,0.5731868035490539,miss,logistic_regression,target_5d_updown,"Technical state is constructive, with price above the 50-day and 200-day averages. RSI is in a steady zone near 62.7. MACD remains on the bullish side. Volatility is relatively contained at roughly 11.6%.",No recent matched news was found for this ticker/date.,Relative strength versus the benchmark looked weak. 1-month excess return -3.30%; 3-month excess return -5.18%; 6-month excess return -24.76%.,"Model view: the setup leaned constructive. Confidence was around 57%. Technical state is constructive, with price above the 50-day and 200-day averages. RSI is in a steady zone near 62.7. MACD remains on the bullish side. Volatility is relatively contained at roughly 11.6%. No recent matched news was found for this ticker/date. Relative strength versus the benchmark looked weak. 1-month excess return -3.30%; 3-month excess return -5.18%; 6-month excess return -24.76%."
2025-10-01,BRK-B,1,1.0,0.8772731367119009,hit,logistic_regression,target_5d_updown,"Technical state is constructive, with price above the 50-day and 200-day averages. RSI is in a steady zone near 55.7. MACD remains on the bullish side. Volatility is relatively contained at roughly 12.0%.",No recent matched news was found for this ticker/date.,Relative strength versus the benchmark looked weak. 1-month excess return -4.98%; 3-month excess return -4.08%; 6-month excess return -25.68%.,"Model view: the setup leaned constructive. Confidence was around 88%. Technical state is constructive, with price above the 50-day and 200-day averages. RSI is in a steady zone near 55.7. MACD remains on the bullish side. Volatility is relatively contained at roughly 12.0%. No recent matched news was found for this ticker/date. Relative strength versus the benchmark looked weak. 1-month excess return -4.98%; 3-month excess return -4.08%; 6-month excess return -25.68%."
2025-10-02,BRK-B,1,1.0,0.9292657747865813,hit,logistic_regression,target_5d_updown,"Technical state is constructive, with price above the 50-day and 200-day averages. RSI is in a steady zone near 52.6. MACD remains on the bearish side. Volatility is relatively contained at roughly 11.3%.",No recent matched news was found for this ticker/date.,Relative strength versus the benchmark looked weak. 1-month excess return -5.09%; 3-month excess return -4.71%; 6-month excess return -26.34%.,"Model view: the setup leaned constructive. Confidence was around 93%. Technical state is constructive, with price above the 50-day and 200-day averages. RSI is in a steady zone near 52.6. MACD remains on the bearish side. Volatility is relatively contained at roughly 11.3%. No recent matched news was found for this ticker/date. Relative strength versus the benchmark looked weak. 1-month excess return -5.09%; 3-month excess return -4.71%; 6-month excess return -26.34%."
2025-10-03,BRK-B,0,1.0,0.9508302964013953,miss,logistic_regression,target_5d_updown,"Technical state is constructive, with price above the 50-day and 200-day averages. RSI is in a steady zone near 55.9. MACD remains on the bearish side. Volatility is relatively contained at roughly 10.5%.",No recent matched news was found for this ticker/date.,Relative strength versus the benchmark looked weak. 1-month excess return -4.75%; 3-month excess return -3.50%; 6-month excess return -30.44%.,"Model view: the setup leaned constructive. Confidence was around 95%. Technical state is constructive, with price above the 50-day and 200-day averages. RSI is in a steady zone near 55.9. MACD remains on the bearish side. Volatility is relatively contained at roughly 10.5%. No recent matched news was found for this ticker/date. Relative strength versus the benchmark looked weak. 1-month excess return -4.75%; 3-month excess return -3.50%; 6-month excess return -30.44%."
2025-10-06,BRK-B,0,1.0,0.917950104915379,miss,logistic_regression,target_5d_updown,"Technical state is constructive, with price above the 50-day and 200-day averages. RSI is in a steady zone near 57.4. MACD remains on the bearish side. Volatility is relatively contained at roughly 9.5%.",No recent matched news was found for this ticker/date.,Relative strength versus the benchmark looked weak. 1-month excess return -3.72%; 3-month excess return -3.55%; 6-month excess return -31.31%.,"Model view: the setup leaned constructive. Confidence was around 92%. Technical state is constructive, with price above the 50-day and 200-day averages. RSI is in a steady zone near 57.4. MACD remains on the bearish side. Volatility is relatively contained at roughly 9.5%. No recent matched news was found for this ticker/date. Relative strength versus the benchmark looked weak. 1-month excess return -3.72%; 3-month excess return -3.55%; 6-month excess return -31.31%."
2025-10-07,BRK-B,0,1.0,0.895990162610191,miss,logistic_regression,target_5d_updown,"Technical state is constructive, with price above the 50-day and 200-day averages. RSI is in a steady zone near 59.9. MACD remains on the bullish side. Volatility is relatively contained at roughly 9.5%.",No recent matched news was found for this ticker/date.,Relative strength versus the benchmark looked weak. 1-month excess return -1.41%; 3-month excess return -2.37%; 6-month excess return -30.28%.,"Model view: the setup leaned constructive. Confidence was around 90%. Technical state is constructive, with price above the 50-day and 200-day averages. RSI is in a steady zone near 59.9. MACD remains on the bullish side. Volatility is relatively contained at roughly 9.5%. No recent matched news was found for this ticker/date. Relative strength versus the benchmark looked weak. 1-month excess return -1.41%; 3-month excess return -2.37%; 6-month excess return -30.28%."
2025-10-08,BRK-B,0,1.0,0.9640126562357357,miss,logistic_regression,target_5d_updown,"Technical state is constructive, with price above the 50-day and 200-day averages. RSI is in a steady zone near 56.0. MACD remains on the bullish side. Volatility is relatively contained at roughly 9.5%.",No recent matched news was found for this ticker/date.,Relative strength versus the benchmark looked weak. 1-month excess return -2.04%; 3-month excess return -3.05%; 6-month excess return -34.01%.,"Model view: the setup leaned constructive. Confidence was around 96%. Technical state is constructive, with price above the 50-day and 200-day averages. RSI is in a steady zone near 56.0. MACD remains on the bullish side. Volatility is relatively contained at roughly 9.5%. No recent matched news was found for this ticker/date. Relative strength versus the benchmark looked weak. 1-month excess return -2.04%; 3-month excess return -3.05%; 6-month excess return -34.01%."
2025-10-09,BRK-B,0,1.0,0.8604085701427091,miss,logistic_regression,target_5d_updown,"Technical state is constructive, with price above the 50-day and 200-day averages. RSI is in a steady zone near 51.5. MACD remains on the bearish side. Volatility is relatively contained at roughly 8.5%.",No recent matched news was found for this ticker/date.,Relative strength versus the benchmark looked weak. 1-month excess return -1.55%; 3-month excess return -3.27%; 6-month excess return -28.37%.,"Model view: the setup leaned constructive. Confidence was around 86%. Technical state is constructive, with price above the 50-day and 200-day averages. RSI is in a steady zone near 51.5. MACD remains on the bearish side. Volatility is relatively contained at roughly 8.5%. No recent matched news was found for this ticker/date. Relative strength versus the benchmark looked weak. 1-month excess return -1.55%; 3-month excess return -3.27%; 6-month excess return -28.37%."
2025-10-10,BRK-B,1,1.0,0.9957709725874783,hit,logistic_regression,target_5d_updown,"Technical state is soft, with price below the 50-day and 200-day averages. MACD remains on the bearish side. Volatility is relatively contained at roughly 9.9%.",No recent matched news was found for this ticker/date.,Relative strength versus the benchmark looked weak. 1-month excess return -0.89%; 3-month excess return -1.86%; 6-month excess return -29.74%.,"Model view: the setup leaned constructive. Confidence was around 100%. Technical state is soft, with price below the 50-day and 200-day averages. MACD remains on the bearish side. Volatility is relatively contained at roughly 9.9%. No recent matched news was found for this ticker/date. Relative strength versus the benchmark looked weak. 1-month excess return -0.89%; 3-month excess return -1.86%; 6-month excess return -29.74%."
2025-10-13,BRK-B,1,1.0,0.9845888912687799,hit,logistic_regression,target_5d_updown,"Technical state is mixed, with price not fully aligned across the major moving averages. MACD remains on the bearish side. Volatility is relatively contained at roughly 10.0%.",No recent matched news was found for this ticker/date.,Relative strength versus the benchmark looked weak. 1-month excess return -1.22%; 3-month excess return -1.96%; 6-month excess return -30.41%.,"Model view: the setup leaned constructive. Confidence was around 98%. Technical state is mixed, with price not fully aligned across the major moving averages. MACD remains on the bearish side. Volatility is relatively contained at roughly 10.0%. No recent matched news was found for this ticker/date. Relative strength versus the benchmark looked weak. 1-month excess return -1.22%; 3-month excess return -1.96%; 6-month excess return -30.41%."
2025-10-14,BRK-B,0,1.0,0.9899789816247077,miss,logistic_regression,target_5d_updown,"Technical state is constructive, with price above the 50-day and 200-day averages. RSI is in a steady zone near 51.1. MACD remains on the bearish side. Volatility is relatively contained at roughly 10.4%.",No recent matched news was found for this ticker/date.,Relative strength versus the benchmark looked weak. 1-month excess return 0.71%; 3-month excess return -0.87%; 6-month excess return -29.20%.,"Model view: the setup leaned constructive. Confidence was around 99%. Technical state is constructive, with price above the 50-day and 200-day averages. RSI is in a steady zone near 51.1. MACD remains on the bearish side. Volatility is relatively contained at roughly 10.4%. No recent matched news was found for this ticker/date. Relative strength versus the benchmark looked weak. 1-month excess return 0.71%; 3-month excess return -0.87%; 6-month excess return -29.20%."
2025-10-15,BRK-B,0,1.0,0.9894454771844214,miss,logistic_regression,target_5d_updown,"Technical state is constructive, with price above the 50-day and 200-day averages. RSI is in a steady zone near 51.6. MACD remains on the bearish side. Volatility is relatively contained at roughly 10.4%.",No recent matched news was found for this ticker/date.,Relative strength versus the benchmark looked weak. 1-month excess return 0.34%; 3-month excess return -1.08%; 6-month excess return -29.77%.,"Model view: the setup leaned constructive. Confidence was around 99%. Technical state is constructive, with price above the 50-day and 200-day averages. RSI is in a steady zone near 51.6. MACD remains on the bearish side. Volatility is relatively contained at roughly 10.4%. No recent matched news was found for this ticker/date. Relative strength versus the benchmark looked weak. 1-month excess return 0.34%; 3-month excess return -1.08%; 6-month excess return -29.77%."
2025-10-16,BRK-B,1,1.0,0.9979634551833811,hit,logistic_regression,target_5d_updown,"Technical state is soft, with price below the 50-day and 200-day averages. MACD remains on the bearish side. Volatility is relatively contained at roughly 11.7%.",No recent matched news was found for this ticker/date.,Relative strength versus the benchmark looked weak. 1-month excess return -0.93%; 3-month excess return -2.11%; 6-month excess return -31.05%.,"Model view: the setup leaned constructive. Confidence was around 100%. Technical state is soft, with price below the 50-day and 200-day averages. MACD remains on the bearish side. Volatility is relatively contained at roughly 11.7%. No recent matched news was found for this ticker/date. Relative strength versus the benchmark looked weak. 1-month excess return -0.93%; 3-month excess return -2.11%; 6-month excess return -31.05%."
2025-10-17,BRK-B,0,1.0,0.9971152508837492,miss,logistic_regression,target_5d_updown,"Technical state is mixed, with price not fully aligned across the major moving averages. MACD remains on the bearish side. Volatility is relatively contained at roughly 11.9%.",No recent matched news was found for this ticker/date.,Relative strength versus the benchmark looked weak. 1-month excess return 0.09%; 3-month excess return -1.88%; 6-month excess return -31.19%.,"Model view: the setup leaned constructive. Confidence was around 100%. Technical state is mixed, with price not fully aligned across the major moving averages. MACD remains on the bearish side. Volatility is relatively contained at roughly 11.9%. No recent matched news was found for this ticker/date. Relative strength versus the benchmark looked weak. 1-month excess return 0.09%; 3-month excess return -1.88%; 6-month excess return -31.19%."
2025-10-20,BRK-B,0,1.0,0.9948246332165198,miss,logistic_regression,target_5d_updown,"Technical state is constructive, with price above the 50-day and 200-day averages. MACD remains on the bearish side. Volatility is relatively contained at roughly 11.9%.",No recent matched news was found for this ticker/date.,Relative strength versus the benchmark looked weak. 1-month excess return -0.63%; 3-month excess return -3.45%; 6-month excess return -33.19%.,"Model view: the setup leaned constructive. Confidence was around 99%. Technical state is constructive, with price above the 50-day and 200-day averages. MACD remains on the bearish side. Volatility is relatively contained at roughly 11.9%. No recent matched news was found for this ticker/date. Relative strength versus the benchmark looked weak. 1-month excess return -0.63%; 3-month excess return -3.45%; 6-month excess return -33.19%."
2025-10-21,BRK-B,0,1.0,0.9986750018128667,miss,logistic_regression,target_5d_updown,"Technical state is soft, with price below the 50-day and 200-day averages. MACD remains on the bearish side. Volatility is relatively contained at roughly 12.1%.",No recent matched news was found for this ticker/date.,Relative strength versus the benchmark looked weak. 1-month excess return -0.87%; 3-month excess return -4.08%; 6-month excess return -33.09%.,"Model view: the setup leaned constructive. Confidence was around 100%. Technical state is soft, with price below the 50-day and 200-day averages. MACD remains on the bearish side. Volatility is relatively contained at roughly 12.1%. No recent matched news was found for this ticker/date. Relative strength versus the benchmark looked weak. 1-month excess return -0.87%; 3-month excess return -4.08%; 6-month excess return -33.09%."
2025-10-22,BRK-B,0,1.0,0.9984344951296992,miss,logistic_regression,target_5d_updown,"Technical state is soft, with price below the 50-day and 200-day averages. MACD remains on the bearish side. Volatility is relatively contained at roughly 11.9%.",No recent matched news was found for this ticker/date.,Relative strength versus the benchmark looked weak. 1-month excess return -0.86%; 3-month excess return -2.93%; 6-month excess return -31.42%.,"Model view: the setup leaned constructive. Confidence was around 100%. Technical state is soft, with price below the 50-day and 200-day averages. MACD remains on the bearish side. Volatility is relatively contained at roughly 11.9%. No recent matched news was found for this ticker/date. Relative strength versus the benchmark looked weak. 1-month excess return -0.86%; 3-month excess return -2.93%; 6-month excess return -31.42%."
2025-10-23,BRK-B,0,1.0,0.9966193571055184,miss,logistic_regression,target_5d_updown,"Technical state is soft, with price below the 50-day and 200-day averages. MACD remains on the bearish side. Volatility is relatively contained at roughly 11.8%.",No recent matched news was found for this ticker/date.,Relative strength versus the benchmark looked weak. 1-month excess return -2.70%; 3-month excess return -4.18%; 6-month excess return -30.70%.,"Model view: the setup leaned constructive. Confidence was around 100%. Technical state is soft, with price below the 50-day and 200-day averages. MACD remains on the bearish side. Volatility is relatively contained at roughly 11.8%. No recent matched news was found for this ticker/date. Relative strength versus the benchmark looked weak. 1-month excess return -2.70%; 3-month excess return -4.18%; 6-month excess return -30.70%."
2025-10-24,BRK-B,0,1.0,0.9919693167398853,miss,logistic_regression,target_5d_updown,"Technical state is soft, with price below the 50-day and 200-day averages. MACD remains on the bearish side. Volatility is relatively contained at roughly 11.3%.",No recent matched news was found for this ticker/date.,Relative strength versus the benchmark looked weak. 1-month excess return -3.21%; 3-month excess return -4.18%; 6-month excess return -30.33%.,"Model view: the setup leaned constructive. Confidence was around 99%. Technical state is soft, with price below the 50-day and 200-day averages. MACD remains on the bearish side. Volatility is relatively contained at roughly 11.3%. No recent matched news was found for this ticker/date. Relative strength versus the benchmark looked weak. 1-month excess return -3.21%; 3-month excess return -4.18%; 6-month excess return -30.33%."
2025-10-27,BRK-B,0,1.0,0.9955011390550459,miss,logistic_regression,target_5d_updown,"Technical state is soft, with price below the 50-day and 200-day averages. MACD remains on the bearish side. Volatility is relatively contained at roughly 11.6%.",No recent matched news was found for this ticker/date.,Relative strength versus the benchmark looked weak. 1-month excess return -5.64%; 3-month excess return -5.48%; 6-month excess return -32.48%.,"Model view: the setup leaned constructive. Confidence was around 100%. Technical state is soft, with price below the 50-day and 200-day averages. MACD remains on the bearish side. Volatility is relatively contained at roughly 11.6%. No recent matched news was found for this ticker/date. Relative strength versus the benchmark looked weak. 1-month excess return -5.64%; 3-month excess return -5.48%; 6-month excess return -32.48%."
2025-10-28,BRK-B,1,1.0,0.9986402453208374,hit,logistic_regression,target_5d_updown,"Technical state is soft, with price below the 50-day and 200-day averages. RSI is weak near 36.6. MACD remains on the bearish side. Volatility is relatively contained at roughly 12.0%.",No recent matched news was found for this ticker/date.,Relative strength versus the benchmark looked weak. 1-month excess return -7.10%; 3-month excess return -7.17%; 6-month excess return -33.92%.,"Model view: the setup leaned constructive. Confidence was around 100%. Technical state is soft, with price below the 50-day and 200-day averages. RSI is weak near 36.6. MACD remains on the bearish side. Volatility is relatively contained at roughly 12.0%. No recent matched news was found for this ticker/date. Relative strength versus the benchmark looked weak. 1-month excess return -7.10%; 3-month excess return -7.17%; 6-month excess return -33.92%."
2025-10-29,BRK-B,1,1.0,0.9996739745454365,hit,logistic_regression,target_5d_updown,"Technical state is soft, with price below the 50-day and 200-day averages. RSI is weak near 32.1. MACD remains on the bearish side. Volatility is relatively contained at roughly 12.2%.",No recent matched news was found for this ticker/date.,Relative strength versus the benchmark looked weak. 1-month excess return -8.56%; 3-month excess return -7.94%; 6-month excess return -34.76%.,"Model view: the setup leaned constructive. Confidence was around 100%. Technical state is soft, with price below the 50-day and 200-day averages. RSI is weak near 32.1. MACD remains on the bearish side. Volatility is relatively contained at roughly 12.2%. No recent matched news was found for this ticker/date. Relative strength versus the benchmark looked weak. 1-month excess return -8.56%; 3-month excess return -7.94%; 6-month excess return -34.76%."
2025-10-30,BRK-B,1,1.0,0.9994721786943415,hit,logistic_regression,target_5d_updown,"Technical state is soft, with price below the 50-day and 200-day averages. RSI is weak near 36.2. MACD remains on the bearish side. Volatility is relatively contained at roughly 12.5%.",No recent matched news was found for this ticker/date.,Relative strength versus the benchmark looked weak. 1-month excess return -5.69%; 3-month excess return -8.21%; 6-month excess return -31.55%.,"Model view: the setup leaned constructive. Confidence was around 100%. Technical state is soft, with price below the 50-day and 200-day averages. RSI is weak near 36.2. MACD remains on the bearish side. Volatility is relatively contained at roughly 12.5%. No recent matched news was found for this ticker/date. Relative strength versus the benchmark looked weak. 1-month excess return -5.69%; 3-month excess return -8.21%; 6-month excess return -31.55%."
2025-10-31,BRK-B,1,1.0,0.9996793061037611,hit,logistic_regression,target_5d_updown,"Technical state is soft, with price below the 50-day and 200-day averages. RSI is weak near 35.4. MACD remains on the bearish side. Volatility is relatively contained at roughly 12.2%.",No recent matched news was found for this ticker/date.,Relative strength versus the benchmark looked weak. 1-month excess return -5.62%; 3-month excess return -4.07%; 6-month excess return -31.95%.,"Model view: the setup leaned constructive. Confidence was around 100%. Technical state is soft, with price below the 50-day and 200-day averages. RSI is weak near 35.4. MACD remains on the bearish side. Volatility is relatively contained at roughly 12.2%. No recent matched news was found for this ticker/date. Relative strength versus the benchmark looked weak. 1-month excess return -5.62%; 3-month excess return -4.07%; 6-month excess return -31.95%."
2025-11-03,BRK-B,1,1.0,0.9987931350998531,hit,logistic_regression,target_5d_updown,"Technical state is soft, with price below the 50-day and 200-day averages. RSI is weak near 33.8. MACD remains on the bearish side. Volatility is relatively contained at roughly 12.1%.",No recent matched news was found for this ticker/date.,Relative strength versus the benchmark looked weak. 1-month excess return -6.73%; 3-month excess return -6.34%; 6-month excess return -28.41%.,"Model view: the setup leaned constructive. Confidence was around 100%. Technical state is soft, with price below the 50-day and 200-day averages. RSI is weak near 33.8. MACD remains on the bearish side. Volatility is relatively contained at roughly 12.1%. No recent matched news was found for this ticker/date. Relative strength versus the benchmark looked weak. 1-month excess return -6.73%; 3-month excess return -6.34%; 6-month excess return -28.41%."
2025-11-04,BRK-B,1,1.0,0.9863963884239176,hit,logistic_regression,target_5d_updown,"Technical state is soft, with price below the 50-day and 200-day averages. MACD remains on the bearish side.",No recent matched news was found for this ticker/date.,Relative strength versus the benchmark looked weak. 1-month excess return -3.05%; 3-month excess return -2.77%; 6-month excess return -25.73%.,"Model view: the setup leaned constructive. Confidence was around 99%. Technical state is soft, with price below the 50-day and 200-day averages. MACD remains on the bearish side. No recent matched news was found for this ticker/date. Relative strength versus the benchmark looked weak. 1-month excess return -3.05%; 3-month excess return -2.77%; 6-month excess return -25.73%."
2025-11-05,BRK-B,1,1.0,0.9796057077340155,hit,logistic_regression,target_5d_updown,"Technical state is soft, with price below the 50-day and 200-day averages. RSI is in a steady zone near 50.4. MACD remains on the bearish side.",No recent matched news was found for this ticker/date.,Relative strength versus the benchmark looked weak. 1-month excess return -3.94%; 3-month excess return -1.24%; 6-month excess return -26.42%.,"Model view: the setup leaned constructive. Confidence was around 98%. Technical state is soft, with price below the 50-day and 200-day averages. RSI is in a steady zone near 50.4. MACD remains on the bearish side. No recent matched news was found for this ticker/date. Relative strength versus the benchmark looked weak. 1-month excess return -3.94%; 3-month excess return -1.24%; 6-month excess return -26.42%."
2025-11-06,BRK-B,1,1.0,0.97468470405456,hit,logistic_regression,target_5d_updown,"Technical state is soft, with price below the 50-day and 200-day averages. RSI is in a steady zone near 54.7. MACD remains on the bullish side.",No recent matched news was found for this ticker/date.,Relative strength versus the benchmark looked weak. 1-month excess return -0.93%; 3-month excess return 0.76%; 6-month excess return -22.57%.,"Model view: the setup leaned constructive. Confidence was around 97%. Technical state is soft, with price below the 50-day and 200-day averages. RSI is in a steady zone near 54.7. MACD remains on the bullish side. No recent matched news was found for this ticker/date. Relative strength versus the benchmark looked weak. 1-month excess return -0.93%; 3-month excess return 0.76%; 6-month excess return -22.57%."
2025-11-07,BRK-B,1,1.0,0.9544958469979702,hit,logistic_regression,target_5d_updown,"Technical state is constructive, with price above the 50-day and 200-day averages. RSI is in a steady zone near 59.9. MACD remains on the bullish side.",No recent matched news was found for this ticker/date.,Relative strength versus the benchmark looked mixed. 1-month excess return 0.50%; 3-month excess return 1.85%; 6-month excess return -21.80%.,"Model view: the setup leaned constructive. Confidence was around 95%. Technical state is constructive, with price above the 50-day and 200-day averages. RSI is in a steady zone near 59.9. MACD remains on the bullish side. No recent matched news was found for this ticker/date. Relative strength versus the benchmark looked mixed. 1-month excess return 0.50%; 3-month excess return 1.85%; 6-month excess return -21.80%."
2025-11-10,BRK-B,1,1.0,0.9520706018062668,hit,logistic_regression,target_5d_updown,"Technical state is constructive, with price above the 50-day and 200-day averages. RSI is in a steady zone near 57.4. MACD remains on the bullish side.",No recent matched news was found for this ticker/date.,Relative strength versus the benchmark looked weak. 1-month excess return -2.72%; 3-month excess return -0.39%; 6-month excess return -20.26%.,"Model view: the setup leaned constructive. Confidence was around 95%. Technical state is constructive, with price above the 50-day and 200-day averages. RSI is in a steady zone near 57.4. MACD remains on the bullish side. No recent matched news was found for this ticker/date. Relative strength versus the benchmark looked weak. 1-month excess return -2.72%; 3-month excess return -0.39%; 6-month excess return -20.26%."
2025-11-11,BRK-B,1,1.0,0.9794878069041802,hit,logistic_regression,target_5d_updown,"Technical state is constructive, with price above the 50-day and 200-day averages. RSI is in a steady zone near 57.5. MACD remains on the bullish side. Volatility is relatively contained at roughly 14.9%.",No recent matched news was found for this ticker/date.,Relative strength versus the benchmark looked weak. 1-month excess return -1.96%; 3-month excess return -1.78%; 6-month excess return -19.29%.,"Model view: the setup leaned constructive. Confidence was around 98%. Technical state is constructive, with price above the 50-day and 200-day averages. RSI is in a steady zone near 57.5. MACD remains on the bullish side. Volatility is relatively contained at roughly 14.9%. No recent matched news was found for this ticker/date. Relative strength versus the benchmark looked weak. 1-month excess return -1.96%; 3-month excess return -1.78%; 6-month excess return -19.29%."
2025-11-12,BRK-B,0,1.0,0.9330529770150111,miss,logistic_regression,target_5d_updown,"Technical state is constructive, with price above the 50-day and 200-day averages. RSI is in a steady zone near 62.1. MACD remains on the bullish side.",No recent matched news was found for this ticker/date.,Relative strength versus the benchmark looked weak. 1-month excess return -1.90%; 3-month excess return -1.13%; 6-month excess return -16.51%.,"Model view: the setup leaned constructive. Confidence was around 93%. Technical state is constructive, with price above the 50-day and 200-day averages. RSI is in a steady zone near 62.1. MACD remains on the bullish side. No recent matched news was found for this ticker/date. Relative strength versus the benchmark looked weak. 1-month excess return -1.90%; 3-month excess return -1.13%; 6-month excess return -16.51%."
2025-11-13,BRK-B,0,1.0,0.9577247364558552,miss,logistic_regression,target_5d_updown,"Technical state is constructive, with price above the 50-day and 200-day averages. MACD remains on the bullish side.",No recent matched news was found for this ticker/date.,Relative strength versus the benchmark looked mixed. 1-month excess return 2.30%; 3-month excess return 3.06%; 6-month excess return -12.72%.,"Model view: the setup leaned constructive. Confidence was around 96%. Technical state is constructive, with price above the 50-day and 200-day averages. MACD remains on the bullish side. No recent matched news was found for this ticker/date. Relative strength versus the benchmark looked mixed. 1-month excess return 2.30%; 3-month excess return 3.06%; 6-month excess return -12.72%."
2025-11-14,BRK-B,0,1.0,0.9643100232140004,miss,logistic_regression,target_5d_updown,"Technical state is constructive, with price above the 50-day and 200-day averages. RSI is in a steady zone near 64.2. MACD remains on the bullish side.",No recent matched news was found for this ticker/date.,Relative strength versus the benchmark looked mixed. 1-month excess return 2.40%; 3-month excess return 1.88%; 6-month excess return -14.15%.,"Model view: the setup leaned constructive. Confidence was around 96%. Technical state is constructive, with price above the 50-day and 200-day averages. RSI is in a steady zone near 64.2. MACD remains on the bullish side. No recent matched news was found for this ticker/date. Relative strength versus the benchmark looked mixed. 1-month excess return 2.40%; 3-month excess return 1.88%; 6-month excess return -14.15%."
2025-11-17,BRK-B,1,1.0,0.9568197067939725,hit,logistic_regression,target_5d_updown,"Technical state is constructive, with price above the 50-day and 200-day averages. RSI is in a steady zone near 57.9. MACD remains on the bullish side.",No recent matched news was found for this ticker/date.,Relative strength versus the benchmark looked weak. 1-month excess return 1.99%; 3-month excess return -0.37%; 6-month excess return -13.71%.,"Model view: the setup leaned constructive. Confidence was around 96%. Technical state is constructive, with price above the 50-day and 200-day averages. RSI is in a steady zone near 57.9. MACD remains on the bullish side. No recent matched news was found for this ticker/date. Relative strength versus the benchmark looked weak. 1-month excess return 1.99%; 3-month excess return -0.37%; 6-month excess return -13.71%."
2025-11-18,BRK-B,1,1.0,0.9147122400472852,hit,logistic_regression,target_5d_updown,"Technical state is constructive, with price above the 50-day and 200-day averages. RSI is in a steady zone near 58.8. MACD remains on the bullish side.",No recent matched news was found for this ticker/date.,Relative strength versus the benchmark looked weak. 1-month excess return 3.73%; 3-month excess return -0.27%; 6-month excess return -12.26%.,"Model view: the setup leaned constructive. Confidence was around 91%. Technical state is constructive, with price above the 50-day and 200-day averages. RSI is in a steady zone near 58.8. MACD remains on the bullish side. No recent matched news was found for this ticker/date. Relative strength versus the benchmark looked weak. 1-month excess return 3.73%; 3-month excess return -0.27%; 6-month excess return -12.26%."
2025-11-19,BRK-B,1,1.0,0.946074403293283,hit,logistic_regression,target_5d_updown,"Technical state is constructive, with price above the 50-day and 200-day averages. RSI is in a steady zone near 55.4. MACD remains on the bullish side.",No recent matched news was found for this ticker/date.,Relative strength versus the benchmark looked weak. 1-month excess return 3.31%; 3-month excess return -1.67%; 6-month excess return -14.84%.,"Model view: the setup leaned constructive. Confidence was around 95%. Technical state is constructive, with price above the 50-day and 200-day averages. RSI is in a steady zone near 55.4. MACD remains on the bullish side. No recent matched news was found for this ticker/date. Relative strength versus the benchmark looked weak. 1-month excess return 3.31%; 3-month excess return -1.67%; 6-month excess return -14.84%."
2025-11-20,BRK-B,1,1.0,0.9945762164278797,hit,logistic_regression,target_5d_updown,"Technical state is constructive, with price above the 50-day and 200-day averages. RSI is in a steady zone near 55.2. MACD remains on the bullish side.",No recent matched news was found for this ticker/date.,Relative strength versus the benchmark looked mixed. 1-month excess return 4.17%; 3-month excess return 1.34%; 6-month excess return -12.42%.,"Model view: the setup leaned constructive. Confidence was around 99%. Technical state is constructive, with price above the 50-day and 200-day averages. RSI is in a steady zone near 55.2. MACD remains on the bullish side. No recent matched news was found for this ticker/date. Relative strength versus the benchmark looked mixed. 1-month excess return 4.17%; 3-month excess return 1.34%; 6-month excess return -12.42%."
2025-11-21,BRK-B,1,1.0,0.9651856869859383,hit,logistic_regression,target_5d_updown,"Technical state is constructive, with price above the 50-day and 200-day averages. RSI is in a steady zone near 57.9. MACD remains on the bullish side.",No recent matched news was found for this ticker/date.,Relative strength versus the benchmark looked mixed. 1-month excess return 4.70%; 3-month excess return 1.10%; 6-month excess return -13.70%.,"Model view: the setup leaned constructive. Confidence was around 97%. Technical state is constructive, with price above the 50-day and 200-day averages. RSI is in a steady zone near 57.9. MACD remains on the bullish side. No recent matched news was found for this ticker/date. Relative strength versus the benchmark looked mixed. 1-month excess return 4.70%; 3-month excess return 1.10%; 6-month excess return -13.70%."
2025-11-24,BRK-B,0,1.0,0.8294493182302131,miss,logistic_regression,target_5d_updown,"Technical state is constructive, with price above the 50-day and 200-day averages. RSI is in a steady zone near 61.0. MACD remains on the bullish side.",No recent matched news was found for this ticker/date.,Relative strength versus the benchmark looked weak. 1-month excess return 4.41%; 3-month excess return -0.52%; 6-month excess return -13.44%.,"Model view: the setup leaned constructive. Confidence was around 83%. Technical state is constructive, with price above the 50-day and 200-day averages. RSI is in a steady zone near 61.0. MACD remains on the bullish side. No recent matched news was found for this ticker/date. Relative strength versus the benchmark looked weak. 1-month excess return 4.41%; 3-month excess return -0.52%; 6-month excess return -13.44%."
2025-11-25,BRK-B,0,1.0,0.8928887242032044,miss,logistic_regression,target_5d_updown,"Technical state is constructive, with price above the 50-day and 200-day averages. RSI is in a steady zone near 61.7. MACD remains on the bullish side.",No recent matched news was found for this ticker/date.,Relative strength versus the benchmark looked weak. 1-month excess return 5.68%; 3-month excess return -1.82%; 6-month excess return -13.80%.,"Model view: the setup leaned constructive. Confidence was around 89%. Technical state is constructive, with price above the 50-day and 200-day averages. RSI is in a steady zone near 61.7. MACD remains on the bullish side. No recent matched news was found for this ticker/date. Relative strength versus the benchmark looked weak. 1-month excess return 5.68%; 3-month excess return -1.82%; 6-month excess return -13.80%."
2025-11-26,BRK-B,0,1.0,0.8261511879809723,miss,logistic_regression,target_5d_updown,"Technical state is constructive, with price above the 50-day and 200-day averages. RSI is in a steady zone near 63.9. MACD remains on the bullish side. Volatility is relatively contained at roughly 14.5%.",No recent matched news was found for this ticker/date.,Relative strength versus the benchmark looked weak. 1-month excess return 7.25%; 3-month excess return -2.49%; 6-month excess return -14.24%.,"Model view: the setup leaned constructive. Confidence was around 83%. Technical state is constructive, with price above the 50-day and 200-day averages. RSI is in a steady zone near 63.9. MACD remains on the bullish side. Volatility is relatively contained at roughly 14.5%. No recent matched news was found for this ticker/date. Relative strength versus the benchmark looked weak. 1-month excess return 7.25%; 3-month excess return -2.49%; 6-month excess return -14.24%."
2025-11-28,BRK-B,0,1.0,0.7536589717637522,miss,logistic_regression,target_5d_updown,"Technical state is constructive, with price above the 50-day and 200-day averages. MACD remains on the bullish side. Volatility is relatively contained at roughly 14.5%.",No recent matched news was found for this ticker/date.,Relative strength versus the benchmark looked weak. 1-month excess return 8.56%; 3-month excess return -3.80%; 6-month excess return -14.04%.,"Model view: the setup leaned constructive. Confidence was around 75%. Technical state is constructive, with price above the 50-day and 200-day averages. MACD remains on the bullish side. Volatility is relatively contained at roughly 14.5%. No recent matched news was found for this ticker/date. Relative strength versus the benchmark looked weak. 1-month excess return 8.56%; 3-month excess return -3.80%; 6-month excess return -14.04%."
2025-12-01,BRK-B,0,1.0,0.8881349433662549,miss,logistic_regression,target_5d_updown,"Technical state is constructive, with price above the 50-day and 200-day averages. RSI is in a steady zone near 58.6. MACD remains on the bullish side.",No recent matched news was found for this ticker/date.,Relative strength versus the benchmark looked weak. 1-month excess return 6.23%; 3-month excess return -4.77%; 6-month excess return -13.65%.,"Model view: the setup leaned constructive. Confidence was around 89%. Technical state is constructive, with price above the 50-day and 200-day averages. RSI is in a steady zone near 58.6. MACD remains on the bullish side. No recent matched news was found for this ticker/date. Relative strength versus the benchmark looked weak. 1-month excess return 6.23%; 3-month excess return -4.77%; 6-month excess return -13.65%."
2025-12-02,BRK-B,0,1.0,0.8956301660338047,miss,logistic_regression,target_5d_updown,"Technical state is constructive, with price above the 50-day and 200-day averages. RSI is in a steady zone near 56.2. MACD remains on the bullish side.",No recent matched news was found for this ticker/date.,Relative strength versus the benchmark looked weak. 1-month excess return 6.17%; 3-month excess return -4.86%; 6-month excess return -12.57%.,"Model view: the setup leaned constructive. Confidence was around 90%. Technical state is constructive, with price above the 50-day and 200-day averages. RSI is in a steady zone near 56.2. MACD remains on the bullish side. No recent matched news was found for this ticker/date. Relative strength versus the benchmark looked weak. 1-month excess return 6.17%; 3-month excess return -4.86%; 6-month excess return -12.57%."
2025-12-03,BRK-B,0,1.0,0.8119047425315664,miss,logistic_regression,target_5d_updown,"Technical state is constructive, with price above the 50-day and 200-day averages. RSI is in a steady zone near 52.5. MACD remains on the bearish side. Volatility is relatively contained at roughly 13.1%.",No recent matched news was found for this ticker/date.,Relative strength versus the benchmark looked weak. 1-month excess return 5.79%; 3-month excess return -6.05%; 6-month excess return -12.25%.,"Model view: the setup leaned constructive. Confidence was around 81%. Technical state is constructive, with price above the 50-day and 200-day averages. RSI is in a steady zone near 52.5. MACD remains on the bearish side. Volatility is relatively contained at roughly 13.1%. No recent matched news was found for this ticker/date. Relative strength versus the benchmark looked weak. 1-month excess return 5.79%; 3-month excess return -6.05%; 6-month excess return -12.25%."
2025-12-04,BRK-B,0,1.0,0.7747062157073502,miss,logistic_regression,target_5d_updown,"Technical state is constructive, with price above the 50-day and 200-day averages. RSI is in a steady zone near 52.0. MACD remains on the bearish side. Volatility is relatively contained at roughly 13.1%.",No recent matched news was found for this ticker/date.,Relative strength versus the benchmark looked weak. 1-month excess return 1.85%; 3-month excess return -5.08%; 6-month excess return -12.48%.,"Model view: the setup leaned constructive. Confidence was around 77%. Technical state is constructive, with price above the 50-day and 200-day averages. RSI is in a steady zone near 52.0. MACD remains on the bearish side. Volatility is relatively contained at roughly 13.1%. No recent matched news was found for this ticker/date. Relative strength versus the benchmark looked weak. 1-month excess return 1.85%; 3-month excess return -5.08%; 6-month excess return -12.48%."
2025-12-05,BRK-B,0,1.0,0.6735774088784017,miss,logistic_regression,target_5d_updown,"Technical state is constructive, with price above the 50-day and 200-day averages. RSI is in a steady zone near 53.3. MACD remains on the bearish side. Volatility is relatively contained at roughly 12.8%.",No recent matched news was found for this ticker/date.,Relative strength versus the benchmark looked weak. 1-month excess return 1.96%; 3-month excess return -3.56%; 6-month excess return -12.30%.,"Model view: the setup leaned constructive. Confidence was around 67%. Technical state is constructive, with price above the 50-day and 200-day averages. RSI is in a steady zone near 53.3. MACD remains on the bearish side. Volatility is relatively contained at roughly 12.8%. No recent matched news was found for this ticker/date. Relative strength versus the benchmark looked weak. 1-month excess return 1.96%; 3-month excess return -3.56%; 6-month excess return -12.30%."
2025-12-08,BRK-B,1,1.0,0.7960012087202146,hit,logistic_regression,target_5d_updown,"Technical state is mixed, with price not fully aligned across the major moving averages. MACD remains on the bearish side. Volatility is relatively contained at roughly 13.3%.",No recent matched news was found for this ticker/date.,Relative strength versus the benchmark looked weak. 1-month excess return -1.18%; 3-month excess return -4.21%; 6-month excess return -13.24%.,"Model view: the setup leaned constructive. Confidence was around 80%. Technical state is mixed, with price not fully aligned across the major moving averages. MACD remains on the bearish side. Volatility is relatively contained at roughly 13.3%. No recent matched news was found for this ticker/date. Relative strength versus the benchmark looked weak. 1-month excess return -1.18%; 3-month excess return -4.21%; 6-month excess return -13.24%."
2025-12-09,BRK-B,1,1.0,0.9219089225798761,hit,logistic_regression,target_5d_updown,"Technical state is soft, with price below the 50-day and 200-day averages. RSI is weak near 39.5. MACD remains on the bearish side. Volatility is relatively contained at roughly 13.8%.",No recent matched news was found for this ticker/date.,Relative strength versus the benchmark looked weak. 1-month excess return -3.35%; 3-month excess return -4.46%; 6-month excess return -13.23%.,"Model view: the setup leaned constructive. Confidence was around 92%. Technical state is soft, with price below the 50-day and 200-day averages. RSI is weak near 39.5. MACD remains on the bearish side. Volatility is relatively contained at roughly 13.8%. No recent matched news was found for this ticker/date. Relative strength versus the benchmark looked weak. 1-month excess return -3.35%; 3-month excess return -4.46%; 6-month excess return -13.23%."
2025-12-10,BRK-B,1,1.0,0.9188204225600178,hit,logistic_regression,target_5d_updown,"Technical state is soft, with price below the 50-day and 200-day averages. RSI is weak near 38.6. MACD remains on the bearish side. Volatility is relatively contained at roughly 13.8%.",No recent matched news was found for this ticker/date.,Relative strength versus the benchmark looked weak. 1-month excess return -2.23%; 3-month excess return -5.87%; 6-month excess return -13.87%.,"Model view: the setup leaned constructive. Confidence was around 92%. Technical state is soft, with price below the 50-day and 200-day averages. RSI is weak near 38.6. MACD remains on the bearish side. Volatility is relatively contained at roughly 13.8%. No recent matched news was found for this ticker/date. Relative strength versus the benchmark looked weak. 1-month excess return -2.23%; 3-month excess return -5.87%; 6-month excess return -13.87%."
2025-12-11,BRK-B,1,1.0,0.7481905012707033,hit,logistic_regression,target_5d_updown,"Technical state is soft, with price below the 50-day and 200-day averages. MACD remains on the bearish side. Volatility is relatively contained at roughly 13.9%.",No recent matched news was found for this ticker/date.,Relative strength versus the benchmark looked weak. 1-month excess return -1.17%; 3-month excess return -4.42%; 6-month excess return -13.07%.,"Model view: the setup leaned constructive. Confidence was around 75%. Technical state is soft, with price below the 50-day and 200-day averages. MACD remains on the bearish side. Volatility is relatively contained at roughly 13.9%. No recent matched news was found for this ticker/date. Relative strength versus the benchmark looked weak. 1-month excess return -1.17%; 3-month excess return -4.42%; 6-month excess return -13.07%."
2025-12-12,BRK-B,0,1.0,0.6767559978432717,miss,logistic_regression,target_5d_updown,"Technical state is constructive, with price above the 50-day and 200-day averages. MACD remains on the bearish side. Volatility is relatively contained at roughly 11.6%.",No recent matched news was found for this ticker/date.,Relative strength versus the benchmark looked weak. 1-month excess return -0.36%; 3-month excess return -1.55%; 6-month excess return -11.77%.,"Model view: the setup leaned constructive. Confidence was around 68%. Technical state is constructive, with price above the 50-day and 200-day averages. MACD remains on the bearish side. Volatility is relatively contained at roughly 11.6%. No recent matched news was found for this ticker/date. Relative strength versus the benchmark looked weak. 1-month excess return -0.36%; 3-month excess return -1.55%; 6-month excess return -11.77%."
2025-12-15,BRK-B,0,0.0,0.7664541260136459,hit,logistic_regression,target_5d_updown,"Technical state is constructive, with price above the 50-day and 200-day averages. RSI is in a steady zone near 56.5. MACD remains on the bearish side. Volatility is relatively contained at roughly 12.5%.",No recent matched news was found for this ticker/date.,Relative strength versus the benchmark looked weak. 1-month excess return -2.60%; 3-month excess return -0.02%; 6-month excess return -9.68%.,"Model view: the setup leaned cautious. Confidence was around 77%. Technical state is constructive, with price above the 50-day and 200-day averages. RSI is in a steady zone near 56.5. MACD remains on the bearish side. Volatility is relatively contained at roughly 12.5%. No recent matched news was found for this ticker/date. Relative strength versus the benchmark looked weak. 1-month excess return -2.60%; 3-month excess return -0.02%; 6-month excess return -9.68%."
2025-12-16,BRK-B,1,0.0,0.625886556569997,miss,logistic_regression,target_5d_updown,"Technical state is constructive, with price above the 50-day and 200-day averages. MACD remains on the bearish side. Volatility is relatively contained at roughly 12.7%.",No recent matched news was found for this ticker/date.,Relative strength versus the benchmark looked weak. 1-month excess return -2.82%; 3-month excess return -1.46%; 6-month excess return -10.24%.,"Model view: the setup leaned cautious. Confidence was around 63%. Technical state is constructive, with price above the 50-day and 200-day averages. MACD remains on the bearish side. Volatility is relatively contained at roughly 12.7%. No recent matched news was found for this ticker/date. Relative strength versus the benchmark looked weak. 1-month excess return -2.82%; 3-month excess return -1.46%; 6-month excess return -10.24%."
2025-12-17,BRK-B,0,0.0,0.6765938559852358,hit,logistic_regression,target_5d_updown,"Technical state is constructive, with price above the 50-day and 200-day averages. RSI is in a steady zone near 53.8. MACD remains on the bearish side. Volatility is relatively contained at roughly 13.1%.",No recent matched news was found for this ticker/date.,Relative strength versus the benchmark looked weak. 1-month excess return -0.67%; 3-month excess return 1.43%; 6-month excess return -8.46%.,"Model view: the setup leaned cautious. Confidence was around 68%. Technical state is constructive, with price above the 50-day and 200-day averages. RSI is in a steady zone near 53.8. MACD remains on the bearish side. Volatility is relatively contained at roughly 13.1%. No recent matched news was found for this ticker/date. Relative strength versus the benchmark looked weak. 1-month excess return -0.67%; 3-month excess return 1.43%; 6-month excess return -8.46%."
2025-12-18,BRK-B,0,0.0,0.9189366853242681,hit,logistic_regression,target_5d_updown,"Technical state is constructive, with price above the 50-day and 200-day averages. RSI is in a steady zone near 52.8. MACD remains on the bearish side. Volatility is relatively contained at roughly 12.9%.",No recent matched news was found for this ticker/date.,Relative strength versus the benchmark looked weak. 1-month excess return -2.67%; 3-month excess return 0.47%; 6-month excess return -9.74%.,"Model view: the setup leaned cautious. Confidence was around 92%. Technical state is constructive, with price above the 50-day and 200-day averages. RSI is in a steady zone near 52.8. MACD remains on the bearish side. Volatility is relatively contained at roughly 12.9%. No recent matched news was found for this ticker/date. Relative strength versus the benchmark looked weak. 1-month excess return -2.67%; 3-month excess return 0.47%; 6-month excess return -9.74%."
2025-12-19,BRK-B,1,0.0,0.5247220885504273,miss,logistic_regression,target_5d_updown,"Technical state is soft, with price below the 50-day and 200-day averages. MACD remains on the bearish side. Volatility is relatively contained at roughly 14.4%.",No recent matched news was found for this ticker/date.,Relative strength versus the benchmark looked weak. 1-month excess return -4.36%; 3-month excess return -1.92%; 6-month excess return -12.02%.,"Model view: the setup leaned cautious. Confidence was around 52%. Technical state is soft, with price below the 50-day and 200-day averages. MACD remains on the bearish side. Volatility is relatively contained at roughly 14.4%. No recent matched news was found for this ticker/date. Relative strength versus the benchmark looked weak. 1-month excess return -4.36%; 3-month excess return -1.92%; 6-month excess return -12.02%."
2025-12-22,BRK-B,1,0.0,0.7644663459528177,miss,logistic_regression,target_5d_updown,"Technical state is constructive, with price above the 50-day and 200-day averages. MACD remains on the bearish side. Volatility is relatively contained at roughly 14.8%.",No recent matched news was found for this ticker/date.,Relative strength versus the benchmark looked weak. 1-month excess return -5.20%; 3-month excess return -1.79%; 6-month excess return -11.25%.,"Model view: the setup leaned cautious. Confidence was around 76%. Technical state is constructive, with price above the 50-day and 200-day averages. MACD remains on the bearish side. Volatility is relatively contained at roughly 14.8%. No recent matched news was found for this ticker/date. Relative strength versus the benchmark looked weak. 1-month excess return -5.20%; 3-month excess return -1.79%; 6-month excess return -11.25%."
2025-12-23,BRK-B,1,0.0,0.8818095918547103,miss,logistic_regression,target_5d_updown,"Technical state is constructive, with price above the 50-day and 200-day averages. RSI is in a steady zone near 50.3. MACD remains on the bearish side. Volatility is relatively contained at roughly 14.5%.",No recent matched news was found for this ticker/date.,Relative strength versus the benchmark looked weak. 1-month excess return -5.11%; 3-month excess return -3.11%; 6-month excess return -10.09%.,"Model view: the setup leaned cautious. Confidence was around 88%. Technical state is constructive, with price above the 50-day and 200-day averages. RSI is in a steady zone near 50.3. MACD remains on the bearish side. Volatility is relatively contained at roughly 14.5%. No recent matched news was found for this ticker/date. Relative strength versus the benchmark looked weak. 1-month excess return -5.11%; 3-month excess return -3.11%; 6-month excess return -10.09%."
2025-12-24,BRK-B,0,0.0,0.840377400290836,hit,logistic_regression,target_5d_updown,"Technical state is constructive, with price above the 50-day and 200-day averages. RSI is in a steady zone near 51.1. MACD remains on the bearish side. Volatility is relatively contained at roughly 14.5%.",No recent matched news was found for this ticker/date.,Relative strength versus the benchmark looked weak. 1-month excess return -4.50%; 3-month excess return -3.36%; 6-month excess return -9.16%.,"Model view: the setup leaned cautious. Confidence was around 84%. Technical state is constructive, with price above the 50-day and 200-day averages. RSI is in a steady zone near 51.1. MACD remains on the bearish side. Volatility is relatively contained at roughly 14.5%. No recent matched news was found for this ticker/date. Relative strength versus the benchmark looked weak. 1-month excess return -4.50%; 3-month excess return -3.36%; 6-month excess return -9.16%."
2025-12-26,BRK-B,1,0.0,0.7606980813579816,miss,logistic_regression,target_5d_updown,"Technical state is constructive, with price above the 50-day and 200-day averages. MACD remains on the bearish side. Volatility is relatively contained at roughly 14.5%.",No recent matched news was found for this ticker/date.,Relative strength versus the benchmark looked weak. 1-month excess return -4.30%; 3-month excess return -4.39%; 6-month excess return -9.38%.,"Model view: the setup leaned cautious. Confidence was around 76%. Technical state is constructive, with price above the 50-day and 200-day averages. MACD remains on the bearish side. Volatility is relatively contained at roughly 14.5%. No recent matched news was found for this ticker/date. Relative strength versus the benchmark looked weak. 1-month excess return -4.30%; 3-month excess return -4.39%; 6-month excess return -9.38%."
2025-12-29,BRK-B,0,0.0,0.8134068521114235,hit,logistic_regression,target_5d_updown,"Technical state is constructive, with price above the 50-day and 200-day averages. RSI is in a steady zone near 50.9. MACD remains on the bearish side. Volatility is relatively contained at roughly 14.5%.",No recent matched news was found for this ticker/date.,Relative strength versus the benchmark looked weak. 1-month excess return -3.22%; 3-month excess return -3.32%; 6-month excess return -8.22%.,"Model view: the setup leaned cautious. Confidence was around 81%. Technical state is constructive, with price above the 50-day and 200-day averages. RSI is in a steady zone near 50.9. MACD remains on the bearish side. Volatility is relatively contained at roughly 14.5%. No recent matched news was found for this ticker/date. Relative strength versus the benchmark looked weak. 1-month excess return -3.22%; 3-month excess return -3.32%; 6-month excess return -8.22%."
2025-12-30,BRK-B,0,0.0,0.8202216291917914,hit,logistic_regression,target_5d_updown,"Technical state is constructive, with price above the 50-day and 200-day averages. RSI is in a steady zone near 53.5. MACD remains on the bullish side. Volatility is relatively contained at roughly 14.3%.",No recent matched news was found for this ticker/date.,Relative strength versus the benchmark looked weak. 1-month excess return -2.49%; 3-month excess return -2.97%; 6-month excess return -8.38%.,"Model view: the setup leaned cautious. Confidence was around 82%. Technical state is constructive, with price above the 50-day and 200-day averages. RSI is in a steady zone near 53.5. MACD remains on the bullish side. Volatility is relatively contained at roughly 14.3%. No recent matched news was found for this ticker/date. Relative strength versus the benchmark looked weak. 1-month excess return -2.49%; 3-month excess return -2.97%; 6-month excess return -8.38%."
2025-12-31,BRK-B,0,0.0,0.8303369079127534,hit,logistic_regression,target_5d_updown,"Technical state is constructive, with price above the 50-day and 200-day averages. RSI is in a steady zone near 52.3. MACD remains on the bullish side. Volatility is relatively contained at roughly 14.2%.",No recent matched news was found for this ticker/date.,Relative strength versus the benchmark looked weak. 1-month excess return -1.42%; 3-month excess return -1.15%; 6-month excess return -5.35%.,"Model view: the setup leaned cautious. Confidence was around 83%. Technical state is constructive, with price above the 50-day and 200-day averages. RSI is in a steady zone near 52.3. MACD remains on the bullish side. Volatility is relatively contained at roughly 14.2%. No recent matched news was found for this ticker/date. Relative strength versus the benchmark looked weak. 1-month excess return -1.42%; 3-month excess return -1.15%; 6-month excess return -5.35%."
2026-01-02,BRK-B,1,0.0,0.7215463737952927,miss,logistic_regression,target_5d_updown,"Technical state is soft, with price below the 50-day and 200-day averages. MACD remains on the bearish side. Volatility is relatively contained at roughly 14.6%.",No recent matched news was found for this ticker/date.,Relative strength versus the benchmark looked weak. 1-month excess return -2.21%; 3-month excess return -1.93%; 6-month excess return -6.78%.,"Model view: the setup leaned cautious. Confidence was around 72%. Technical state is soft, with price below the 50-day and 200-day averages. MACD remains on the bearish side. Volatility is relatively contained at roughly 14.6%. No recent matched news was found for this ticker/date. Relative strength versus the benchmark looked weak. 1-month excess return -2.21%; 3-month excess return -1.93%; 6-month excess return -6.78%."
2026-01-05,BRK-B,1,0.0,0.8374435806685817,miss,logistic_regression,target_5d_updown,"Technical state is constructive, with price above the 50-day and 200-day averages. MACD remains on the bearish side. Volatility is relatively contained at roughly 14.7%.",No recent matched news was found for this ticker/date.,Relative strength versus the benchmark looked weak. 1-month excess return -1.60%; 3-month excess return -2.84%; 6-month excess return -6.55%.,"Model view: the setup leaned cautious. Confidence was around 84%. Technical state is constructive, with price above the 50-day and 200-day averages. MACD remains on the bearish side. Volatility is relatively contained at roughly 14.7%. No recent matched news was found for this ticker/date. Relative strength versus the benchmark looked weak. 1-month excess return -1.60%; 3-month excess return -2.84%; 6-month excess return -6.55%."
2026-01-06,BRK-B,0,0.0,0.8387714094684926,hit,logistic_regression,target_5d_updown,"Technical state is constructive, with price above the 50-day and 200-day averages. MACD remains on the bearish side. Volatility is relatively contained at roughly 14.7%.",No recent matched news was found for this ticker/date.,Relative strength versus the benchmark looked weak. 1-month excess return -1.93%; 3-month excess return -3.24%; 6-month excess return -7.05%.,"Model view: the setup leaned cautious. Confidence was around 84%. Technical state is constructive, with price above the 50-day and 200-day averages. MACD remains on the bearish side. Volatility is relatively contained at roughly 14.7%. No recent matched news was found for this ticker/date. Relative strength versus the benchmark looked weak. 1-month excess return -1.93%; 3-month excess return -3.24%; 6-month excess return -7.05%."
2026-01-07,BRK-B,0,0.0,0.7028886705059509,hit,logistic_regression,target_5d_updown,"Technical state is soft, with price below the 50-day and 200-day averages. MACD remains on the bearish side. Volatility is relatively contained at roughly 14.0%.",No recent matched news was found for this ticker/date.,Relative strength versus the benchmark looked weak. 1-month excess return -2.22%; 3-month excess return -4.31%; 6-month excess return -6.96%.,"Model view: the setup leaned cautious. Confidence was around 70%. Technical state is soft, with price below the 50-day and 200-day averages. MACD remains on the bearish side. Volatility is relatively contained at roughly 14.0%. No recent matched news was found for this ticker/date. Relative strength versus the benchmark looked weak. 1-month excess return -2.22%; 3-month excess return -4.31%; 6-month excess return -6.96%."
2026-01-08,BRK-B,0,0.0,0.8410933157644596,hit,logistic_regression,target_5d_updown,"Technical state is constructive, with price above the 50-day and 200-day averages. MACD remains on the bearish side. Volatility is relatively contained at roughly 13.5%.",No recent matched news was found for this ticker/date.,Relative strength versus the benchmark looked weak. 1-month excess return -0.36%; 3-month excess return -2.49%; 6-month excess return -5.72%.,"Model view: the setup leaned cautious. Confidence was around 84%. Technical state is constructive, with price above the 50-day and 200-day averages. MACD remains on the bearish side. Volatility is relatively contained at roughly 13.5%. No recent matched news was found for this ticker/date. Relative strength versus the benchmark looked weak. 1-month excess return -0.36%; 3-month excess return -2.49%; 6-month excess return -5.72%."
2026-01-09,BRK-B,0,0.0,0.8916643338743181,hit,logistic_regression,target_5d_updown,"Technical state is mixed, with price not fully aligned across the major moving averages. MACD remains on the bearish side. Volatility is relatively contained at roughly 13.5%.",No recent matched news was found for this ticker/date.,Relative strength versus the benchmark looked weak. 1-month excess return -0.06%; 3-month excess return -2.96%; 6-month excess return -6.47%.,"Model view: the setup leaned cautious. Confidence was around 89%. Technical state is mixed, with price not fully aligned across the major moving averages. MACD remains on the bearish side. Volatility is relatively contained at roughly 13.5%. No recent matched news was found for this ticker/date. Relative strength versus the benchmark looked weak. 1-month excess return -0.06%; 3-month excess return -2.96%; 6-month excess return -6.47%."
2026-01-12,BRK-B,0,0.0,0.9165237025634532,hit,logistic_regression,target_5d_updown,"Technical state is mixed, with price not fully aligned across the major moving averages. MACD remains on the bearish side. Volatility is relatively contained at roughly 12.9%.",No recent matched news was found for this ticker/date.,Relative strength versus the benchmark looked weak. 1-month excess return 0.54%; 3-month excess return -4.52%; 6-month excess return -6.62%.,"Model view: the setup leaned cautious. Confidence was around 92%. Technical state is mixed, with price not fully aligned across the major moving averages. MACD remains on the bearish side. Volatility is relatively contained at roughly 12.9%. No recent matched news was found for this ticker/date. Relative strength versus the benchmark looked weak. 1-month excess return 0.54%; 3-month excess return -4.52%; 6-month excess return -6.62%."
2026-01-13,BRK-B,0,0.0,0.8517731553758644,hit,logistic_regression,target_5d_updown,"Technical state is soft, with price below the 50-day and 200-day averages. MACD remains on the bearish side. Volatility is relatively contained at roughly 12.9%.",No recent matched news was found for this ticker/date.,Relative strength versus the benchmark looked weak. 1-month excess return -0.80%; 3-month excess return -3.99%; 6-month excess return -6.23%.,"Model view: the setup leaned cautious. Confidence was around 85%. Technical state is soft, with price below the 50-day and 200-day averages. MACD remains on the bearish side. Volatility is relatively contained at roughly 12.9%. No recent matched news was found for this ticker/date. Relative strength versus the benchmark looked weak. 1-month excess return -0.80%; 3-month excess return -3.99%; 6-month excess return -6.23%."
2026-01-14,BRK-B,0,0.0,0.8461217939869492,hit,logistic_regression,target_5d_updown,"Technical state is soft, with price below the 50-day and 200-day averages. MACD remains on the bearish side. Volatility is relatively contained at roughly 11.8%.",No recent matched news was found for this ticker/date.,Relative strength versus the benchmark looked weak. 1-month excess return -2.56%; 3-month excess return -4.87%; 6-month excess return -6.03%.,"Model view: the setup leaned cautious. Confidence was around 85%. Technical state is soft, with price below the 50-day and 200-day averages. MACD remains on the bearish side. Volatility is relatively contained at roughly 11.8%. No recent matched news was found for this ticker/date. Relative strength versus the benchmark looked weak. 1-month excess return -2.56%; 3-month excess return -4.87%; 6-month excess return -6.03%."
2026-01-15,BRK-B,0,0.0,0.8178525156068337,hit,logistic_regression,target_5d_updown,"Technical state is soft, with price below the 50-day and 200-day averages. MACD remains on the bearish side. Volatility is relatively contained at roughly 11.0%.",No recent matched news was found for this ticker/date.,Relative strength versus the benchmark looked weak. 1-month excess return -4.42%; 3-month excess return -4.88%; 6-month excess return -6.24%.,"Model view: the setup leaned cautious. Confidence was around 82%. Technical state is soft, with price below the 50-day and 200-day averages. MACD remains on the bearish side. Volatility is relatively contained at roughly 11.0%. No recent matched news was found for this ticker/date. Relative strength versus the benchmark looked weak. 1-month excess return -4.42%; 3-month excess return -4.88%; 6-month excess return -6.24%."
2026-01-16,BRK-B,0,0.0,0.7549479669784305,hit,logistic_regression,target_5d_updown,"Technical state is soft, with price below the 50-day and 200-day averages. MACD remains on the bearish side. Volatility is relatively contained at roughly 10.4%.",No recent matched news was found for this ticker/date.,Relative strength versus the benchmark looked weak. 1-month excess return -3.21%; 3-month excess return -3.81%; 6-month excess return -6.14%.,"Model view: the setup leaned cautious. Confidence was around 75%. Technical state is soft, with price below the 50-day and 200-day averages. MACD remains on the bearish side. Volatility is relatively contained at roughly 10.4%. No recent matched news was found for this ticker/date. Relative strength versus the benchmark looked weak. 1-month excess return -3.21%; 3-month excess return -3.81%; 6-month excess return -6.14%."
2026-01-20,BRK-B,0,1.0,0.710573345080569,miss,logistic_regression,target_5d_updown,"Technical state is soft, with price below the 50-day and 200-day averages. RSI is weak near 34.3. MACD remains on the bearish side. Volatility is relatively contained at roughly 11.7%.",No recent matched news was found for this ticker/date.,Relative strength versus the benchmark looked weak. 1-month excess return -4.68%; 3-month excess return -3.46%; 6-month excess return -5.51%.,"Model view: the setup leaned constructive. Confidence was around 71%. Technical state is soft, with price below the 50-day and 200-day averages. RSI is weak near 34.3. MACD remains on the bearish side. Volatility is relatively contained at roughly 11.7%. No recent matched news was found for this ticker/date. Relative strength versus the benchmark looked weak. 1-month excess return -4.68%; 3-month excess return -3.46%; 6-month excess return -5.51%."
2026-01-21,BRK-B,0,1.0,0.5399754360257943,miss,logistic_regression,target_5d_updown,"Technical state is soft, with price below the 50-day and 200-day averages. RSI is weak near 32.9. MACD remains on the bearish side. Volatility is relatively contained at roughly 10.1%.",No recent matched news was found for this ticker/date.,Relative strength versus the benchmark looked weak. 1-month excess return -5.22%; 3-month excess return -4.20%; 6-month excess return -7.86%.,"Model view: the setup leaned constructive. Confidence was around 54%. Technical state is soft, with price below the 50-day and 200-day averages. RSI is weak near 32.9. MACD remains on the bearish side. Volatility is relatively contained at roughly 10.1%. No recent matched news was found for this ticker/date. Relative strength versus the benchmark looked weak. 1-month excess return -5.22%; 3-month excess return -4.20%; 6-month excess return -7.86%."
2026-01-22,BRK-B,0,1.0,0.5723151763814601,miss,logistic_regression,target_5d_updown,"Technical state is soft, with price below the 50-day and 200-day averages. RSI is weak near 34.1. MACD remains on the bearish side. Volatility is relatively contained at roughly 9.1%.",No recent matched news was found for this ticker/date.,Relative strength versus the benchmark looked weak. 1-month excess return -2.99%; 3-month excess return -4.05%; 6-month excess return -8.31%.,"Model view: the setup leaned constructive. Confidence was around 57%. Technical state is soft, with price below the 50-day and 200-day averages. RSI is weak near 34.1. MACD remains on the bearish side. Volatility is relatively contained at roughly 9.1%. No recent matched news was found for this ticker/date. Relative strength versus the benchmark looked weak. 1-month excess return -2.99%; 3-month excess return -4.05%; 6-month excess return -8.31%."
2026-01-23,BRK-B,1,1.0,0.7483930897934983,hit,logistic_regression,target_5d_updown,"Technical state is soft, with price below the 50-day and 200-day averages. RSI is weak near 29.4. MACD remains on the bearish side. Volatility is relatively contained at roughly 9.7%.",No recent matched news was found for this ticker/date.,Relative strength versus the benchmark looked weak. 1-month excess return -4.85%; 3-month excess return -5.85%; 6-month excess return -9.01%.,"Model view: the setup leaned constructive. Confidence was around 75%. Technical state is soft, with price below the 50-day and 200-day averages. RSI is weak near 29.4. MACD remains on the bearish side. Volatility is relatively contained at roughly 9.7%. No recent matched news was found for this ticker/date. Relative strength versus the benchmark looked weak. 1-month excess return -4.85%; 3-month excess return -5.85%; 6-month excess return -9.01%."
2026-01-26,BRK-B,1,1.0,0.6599701935237586,hit,logistic_regression,target_5d_updown,"Technical state is soft, with price below the 50-day and 200-day averages. RSI is weak near 37.0. MACD remains on the bearish side. Volatility is relatively contained at roughly 10.5%.",No recent matched news was found for this ticker/date.,Relative strength versus the benchmark looked weak. 1-month excess return -4.10%; 3-month excess return -4.55%; 6-month excess return -8.92%.,"Model view: the setup leaned constructive. Confidence was around 66%. Technical state is soft, with price below the 50-day and 200-day averages. RSI is weak near 37.0. MACD remains on the bearish side. Volatility is relatively contained at roughly 10.5%. No recent matched news was found for this ticker/date. Relative strength versus the benchmark looked weak. 1-month excess return -4.10%; 3-month excess return -4.55%; 6-month excess return -8.92%."
2026-01-27,BRK-B,1,1.0,0.9000545746134767,hit,logistic_regression,target_5d_updown,"Technical state is soft, with price below the 50-day and 200-day averages. RSI is weak near 30.2. MACD remains on the bearish side. Volatility is relatively contained at roughly 11.9%.",No recent matched news was found for this ticker/date.,Relative strength versus the benchmark looked weak. 1-month excess return -6.09%; 3-month excess return -6.30%; 6-month excess return -10.73%.,"Model view: the setup leaned constructive. Confidence was around 90%. Technical state is soft, with price below the 50-day and 200-day averages. RSI is weak near 30.2. MACD remains on the bearish side. Volatility is relatively contained at roughly 11.9%. No recent matched news was found for this ticker/date. Relative strength versus the benchmark looked weak. 1-month excess return -6.09%; 3-month excess return -6.30%; 6-month excess return -10.73%."
2026-01-28,BRK-B,1,1.0,0.9441896129968691,hit,logistic_regression,target_5d_updown,"Technical state is soft, with price below the 50-day and 200-day averages. RSI is weak near 29.4. MACD remains on the bearish side. Volatility is relatively contained at roughly 11.5%.",No recent matched news was found for this ticker/date.,Relative strength versus the benchmark looked weak. 1-month excess return -5.73%; 3-month excess return -4.51%; 6-month excess return -10.18%.,"Model view: the setup leaned constructive. Confidence was around 94%. Technical state is soft, with price below the 50-day and 200-day averages. RSI is weak near 29.4. MACD remains on the bearish side. Volatility is relatively contained at roughly 11.5%. No recent matched news was found for this ticker/date. Relative strength versus the benchmark looked weak. 1-month excess return -5.73%; 3-month excess return -4.51%; 6-month excess return -10.18%."
2026-01-29,BRK-B,1,1.0,0.9321736585121811,hit,logistic_regression,target_5d_updown,"Technical state is soft, with price below the 50-day and 200-day averages. RSI is weak near 34.5. MACD remains on the bearish side. Volatility is relatively contained at roughly 11.7%.",No recent matched news was found for this ticker/date.,Relative strength versus the benchmark looked weak. 1-month excess return -5.74%; 3-month excess return -2.01%; 6-month excess return -9.27%.,"Model view: the setup leaned constructive. Confidence was around 93%. Technical state is soft, with price below the 50-day and 200-day averages. RSI is weak near 34.5. MACD remains on the bearish side. Volatility is relatively contained at roughly 11.7%. No recent matched news was found for this ticker/date. Relative strength versus the benchmark looked weak. 1-month excess return -5.74%; 3-month excess return -2.01%; 6-month excess return -9.27%."
2026-01-30,BRK-B,1,1.0,0.8638970526273316,hit,logistic_regression,target_5d_updown,"Technical state is soft, with price below the 50-day and 200-day averages. RSI is weak near 39.9. MACD remains on the bearish side. Volatility is relatively contained at roughly 12.3%.",No recent matched news was found for this ticker/date.,Relative strength versus the benchmark looked weak. 1-month excess return -5.31%; 3-month excess return 0.33%; 6-month excess return -7.67%.,"Model view: the setup leaned constructive. Confidence was around 86%. Technical state is soft, with price below the 50-day and 200-day averages. RSI is weak near 39.9. MACD remains on the bearish side. Volatility is relatively contained at roughly 12.3%. No recent matched news was found for this ticker/date. Relative strength versus the benchmark looked weak. 1-month excess return -5.31%; 3-month excess return 0.33%; 6-month excess return -7.67%."
2026-02-02,BRK-B,1,1.0,0.7626889369280072,hit,logistic_regression,target_5d_updown,"Technical state is soft, with price below the 50-day and 200-day averages. MACD remains on the bearish side. Volatility is relatively contained at roughly 13.1%.",No recent matched news was found for this ticker/date.,Relative strength versus the benchmark looked weak. 1-month excess return -5.06%; 3-month excess return -0.48%; 6-month excess return -8.88%.,"Model view: the setup leaned constructive. Confidence was around 76%. Technical state is soft, with price below the 50-day and 200-day averages. MACD remains on the bearish side. Volatility is relatively contained at roughly 13.1%. No recent matched news was found for this ticker/date. Relative strength versus the benchmark looked weak. 1-month excess return -5.06%; 3-month excess return -0.48%; 6-month excess return -8.88%."
2026-02-03,BRK-B,1,0.0,0.6006299410608634,miss,logistic_regression,target_5d_updown,"Technical state is soft, with price below the 50-day and 200-day averages. RSI is in a steady zone near 54.5. MACD remains on the bullish side. Volatility is relatively contained at roughly 13.9%.",No recent matched news was found for this ticker/date.,Relative strength versus the benchmark looked weak. 1-month excess return -1.56%; 3-month excess return 2.26%; 6-month excess return -1.77%.,"Model view: the setup leaned cautious. Confidence was around 60%. Technical state is soft, with price below the 50-day and 200-day averages. RSI is in a steady zone near 54.5. MACD remains on the bullish side. Volatility is relatively contained at roughly 13.9%. No recent matched news was found for this ticker/date. Relative strength versus the benchmark looked weak. 1-month excess return -1.56%; 3-month excess return 2.26%; 6-month excess return -1.77%."
2026-02-04,BRK-B,0,0.0,0.8312773239527163,hit,logistic_regression,target_5d_updown,"Technical state is constructive, with price above the 50-day and 200-day averages. RSI is in a steady zone near 62.4. MACD remains on the bullish side.",No recent matched news was found for this ticker/date.,Relative strength versus the benchmark looked mixed. 1-month excess return 1.31%; 3-month excess return 5.50%; 6-month excess return -0.74%.,"Model view: the setup leaned cautious. Confidence was around 83%. Technical state is constructive, with price above the 50-day and 200-day averages. RSI is in a steady zone near 62.4. MACD remains on the bullish side. No recent matched news was found for this ticker/date. Relative strength versus the benchmark looked mixed. 1-month excess return 1.31%; 3-month excess return 5.50%; 6-month excess return -0.74%."
2026-02-05,BRK-B,0,0.0,0.7741203483899131,hit,logistic_regression,target_5d_updown,"Technical state is constructive, with price above the 50-day and 200-day averages. RSI is in a steady zone near 62.4. MACD remains on the bullish side.",No recent matched news was found for this ticker/date.,Relative strength versus the benchmark looked favorable. 1-month excess return 3.03%; 3-month excess return 2.99%; 6-month excess return 0.33%.,"Model view: the setup leaned cautious. Confidence was around 77%. Technical state is constructive, with price above the 50-day and 200-day averages. RSI is in a steady zone near 62.4. MACD remains on the bullish side. No recent matched news was found for this ticker/date. Relative strength versus the benchmark looked favorable. 1-month excess return 3.03%; 3-month excess return 2.99%; 6-month excess return 0.33%."
2026-02-06,BRK-B,0,0.0,0.9368205075739604,hit,logistic_regression,target_5d_updown,"Technical state is constructive, with price above the 50-day and 200-day averages. MACD remains on the bullish side.",No recent matched news was found for this ticker/date.,Relative strength versus the benchmark looked favorable. 1-month excess return 2.24%; 3-month excess return 1.97%; 6-month excess return 0.82%.,"Model view: the setup leaned cautious. Confidence was around 94%. Technical state is constructive, with price above the 50-day and 200-day averages. MACD remains on the bullish side. No recent matched news was found for this ticker/date. Relative strength versus the benchmark looked favorable. 1-month excess return 2.24%; 3-month excess return 1.97%; 6-month excess return 0.82%."
2026-02-09,BRK-B,1,1.0,0.5893997488439593,hit,logistic_regression,target_5d_updown,"Technical state is constructive, with price above the 50-day and 200-day averages. RSI is in a steady zone near 54.6. MACD remains on the bullish side.",No recent matched news was found for this ticker/date.,Relative strength versus the benchmark looked weak. 1-month excess return -1.00%; 3-month excess return -2.57%; 6-month excess return -1.94%.,"Model view: the setup leaned constructive. Confidence was around 59%. Technical state is constructive, with price above the 50-day and 200-day averages. RSI is in a steady zone near 54.6. MACD remains on the bullish side. No recent matched news was found for this ticker/date. Relative strength versus the benchmark looked weak. 1-month excess return -1.00%; 3-month excess return -2.57%; 6-month excess return -1.94%."
2026-02-10,BRK-B,0,1.0,0.5170731884261606,miss,logistic_regression,target_5d_updown,"Technical state is constructive, with price above the 50-day and 200-day averages. RSI is in a steady zone near 56.3. MACD remains on the bullish side.",No recent matched news was found for this ticker/date.,Relative strength versus the benchmark looked weak. 1-month excess return 0.53%; 3-month excess return -2.92%; 6-month excess return -1.22%.,"Model view: the setup leaned constructive. Confidence was around 52%. Technical state is constructive, with price above the 50-day and 200-day averages. RSI is in a steady zone near 56.3. MACD remains on the bullish side. No recent matched news was found for this ticker/date. Relative strength versus the benchmark looked weak. 1-month excess return 0.53%; 3-month excess return -2.92%; 6-month excess return -1.22%."
2026-02-11,BRK-B,0,1.0,0.621857409170797,miss,logistic_regression,target_5d_updown,"Technical state is constructive, with price above the 50-day and 200-day averages. RSI is in a steady zone near 56.0. MACD remains on the bullish side.",No recent matched news was found for this ticker/date.,Relative strength versus the benchmark looked weak. 1-month excess return 0.74%; 3-month excess return -0.97%; 6-month excess return -1.41%.,"Model view: the setup leaned constructive. Confidence was around 62%. Technical state is constructive, with price above the 50-day and 200-day averages. RSI is in a steady zone near 56.0. MACD remains on the bullish side. No recent matched news was found for this ticker/date. Relative strength versus the benchmark looked weak. 1-month excess return 0.74%; 3-month excess return -0.97%; 6-month excess return -1.41%."
2026-02-12,BRK-B,0,1.0,0.7026017405211527,miss,logistic_regression,target_5d_updown,"Technical state is constructive, with price above the 50-day and 200-day averages. RSI is in a steady zone near 56.0. MACD remains on the bullish side.",No recent matched news was found for this ticker/date.,Relative strength versus the benchmark looked mixed. 1-month excess return 2.77%; 3-month excess return 0.82%; 6-month excess return -0.92%.,"Model view: the setup leaned constructive. Confidence was around 70%. Technical state is constructive, with price above the 50-day and 200-day averages. RSI is in a steady zone near 56.0. MACD remains on the bullish side. No recent matched news was found for this ticker/date. Relative strength versus the benchmark looked mixed. 1-month excess return 2.77%; 3-month excess return 0.82%; 6-month excess return -0.92%."
2026-02-13,BRK-B,0,1.0,0.7257598155562663,miss,logistic_regression,target_5d_updown,"Technical state is constructive, with price above the 50-day and 200-day averages. RSI is in a steady zone near 53.2. MACD remains on the bullish side.",No recent matched news was found for this ticker/date.,Relative strength versus the benchmark looked weak. 1-month excess return 2.16%; 3-month excess return -0.75%; 6-month excess return -1.92%.,"Model view: the setup leaned constructive. Confidence was around 73%. Technical state is constructive, with price above the 50-day and 200-day averages. RSI is in a steady zone near 53.2. MACD remains on the bullish side. No recent matched news was found for this ticker/date. Relative strength versus the benchmark looked weak. 1-month excess return 2.16%; 3-month excess return -0.75%; 6-month excess return -1.92%."
2026-02-17,BRK-B,0,0.0,0.5787462198609682,hit,logistic_regression,target_5d_updown,"Technical state is constructive, with price above the 50-day and 200-day averages. RSI is in a steady zone near 58.5. MACD remains on the bullish side.",No recent matched news was found for this ticker/date.,Relative strength versus the benchmark looked weak. 1-month excess return 3.55%; 3-month excess return -3.51%; 6-month excess return -0.66%.,"Model view: the setup leaned cautious. Confidence was around 58%. Technical state is constructive, with price above the 50-day and 200-day averages. RSI is in a steady zone near 58.5. MACD remains on the bullish side. No recent matched news was found for this ticker/date. Relative strength versus the benchmark looked weak. 1-month excess return 3.55%; 3-month excess return -3.51%; 6-month excess return -0.66%."
2026-02-18,BRK-B,0,1.0,0.5601556368603607,miss,logistic_regression,target_5d_updown,"Technical state is constructive, with price above the 50-day and 200-day averages. RSI is in a steady zone near 53.7. MACD remains on the bullish side.",No recent matched news was found for this ticker/date.,Relative strength versus the benchmark looked weak. 1-month excess return 1.95%; 3-month excess return -4.10%; 6-month excess return -2.43%.,"Model view: the setup leaned constructive. Confidence was around 56%. Technical state is constructive, with price above the 50-day and 200-day averages. RSI is in a steady zone near 53.7. MACD remains on the bullish side. No recent matched news was found for this ticker/date. Relative strength versus the benchmark looked weak. 1-month excess return 1.95%; 3-month excess return -4.10%; 6-month excess return -2.43%."
2026-02-19,BRK-B,1,1.0,0.6366599579689189,hit,logistic_regression,target_5d_updown,"Technical state is constructive, with price above the 50-day and 200-day averages. RSI is in a steady zone near 51.4. MACD remains on the bullish side.",No recent matched news was found for this ticker/date.,Relative strength versus the benchmark looked weak. 1-month excess return 1.36%; 3-month excess return -4.11%; 6-month excess return -4.64%.,"Model view: the setup leaned constructive. Confidence was around 64%. Technical state is constructive, with price above the 50-day and 200-day averages. RSI is in a steady zone near 51.4. MACD remains on the bullish side. No recent matched news was found for this ticker/date. Relative strength versus the benchmark looked weak. 1-month excess return 1.36%; 3-month excess return -4.11%; 6-month excess return -4.64%."
2026-02-20,BRK-B,1,1.0,0.5603452981330242,hit,logistic_regression,target_5d_updown,"Technical state is constructive, with price above the 50-day and 200-day averages. RSI is in a steady zone near 52.7. MACD remains on the bullish side.",No recent matched news was found for this ticker/date.,Relative strength versus the benchmark looked weak. 1-month excess return 2.38%; 3-month excess return -5.67%; 6-month excess return -6.14%.,"Model view: the setup leaned constructive. Confidence was around 56%. Technical state is constructive, with price above the 50-day and 200-day averages. RSI is in a steady zone near 52.7. MACD remains on the bullish side. No recent matched news was found for this ticker/date. Relative strength versus the benchmark looked weak. 1-month excess return 2.38%; 3-month excess return -5.67%; 6-month excess return -6.14%."
2026-02-23,BRK-B,0,1.0,0.7439428468914036,miss,logistic_regression,target_5d_updown,"Technical state is mixed, with price not fully aligned across the major moving averages. MACD remains on the bullish side.",No recent matched news was found for this ticker/date.,Relative strength versus the benchmark looked weak. 1-month excess return 2.92%; 3-month excess return -4.46%; 6-month excess return -6.30%.,"Model view: the setup leaned constructive. Confidence was around 74%. Technical state is mixed, with price not fully aligned across the major moving averages. MACD remains on the bullish side. No recent matched news was found for this ticker/date. Relative strength versus the benchmark looked weak. 1-month excess return 2.92%; 3-month excess return -4.46%; 6-month excess return -6.30%."
2026-02-24,BRK-B,0,1.0,0.5547078589555089,miss,logistic_regression,target_5d_updown,"Technical state is mixed, with price not fully aligned across the major moving averages. MACD remains on the bearish side.",No recent matched news was found for this ticker/date.,Relative strength versus the benchmark looked weak. 1-month excess return 3.50%; 3-month excess return -6.69%; 6-month excess return -5.45%.,"Model view: the setup leaned constructive. Confidence was around 55%. Technical state is mixed, with price not fully aligned across the major moving averages. MACD remains on the bearish side. No recent matched news was found for this ticker/date. Relative strength versus the benchmark looked weak. 1-month excess return 3.50%; 3-month excess return -6.69%; 6-month excess return -5.45%."
2026-02-25,BRK-B,0,1.0,0.5325651013671492,miss,logistic_regression,target_5d_updown,"Technical state is mixed, with price not fully aligned across the major moving averages. MACD remains on the bearish side. Volatility is relatively contained at roughly 14.7%.",No recent matched news was found for this ticker/date.,Relative strength versus the benchmark looked weak. 1-month excess return 2.11%; 3-month excess return -7.21%; 6-month excess return -6.32%.,"Model view: the setup leaned constructive. Confidence was around 53%. Technical state is mixed, with price not fully aligned across the major moving averages. MACD remains on the bearish side. Volatility is relatively contained at roughly 14.7%. No recent matched news was found for this ticker/date. Relative strength versus the benchmark looked weak. 1-month excess return 2.11%; 3-month excess return -7.21%; 6-month excess return -6.32%."
2026-02-26,BRK-B,0,0.0,0.6005827364067142,hit,logistic_regression,target_5d_updown,"Technical state is constructive, with price above the 50-day and 200-day averages. RSI is in a steady zone near 57.4. MACD remains on the bullish side.",No recent matched news was found for this ticker/date.,Relative strength versus the benchmark looked weak. 1-month excess return 6.80%; 3-month excess return -4.10%; 6-month excess return -4.77%.,"Model view: the setup leaned cautious. Confidence was around 60%. Technical state is constructive, with price above the 50-day and 200-day averages. RSI is in a steady zone near 57.4. MACD remains on the bullish side. No recent matched news was found for this ticker/date. Relative strength versus the benchmark looked weak. 1-month excess return 6.80%; 3-month excess return -4.10%; 6-month excess return -4.77%."
2026-02-27,BRK-B,0,0.0,0.6392001806663685,hit,logistic_regression,target_5d_updown,"Technical state is constructive, with price above the 50-day and 200-day averages. RSI is in a steady zone near 59.4. MACD remains on the bullish side.",No recent matched news was found for this ticker/date.,Relative strength versus the benchmark looked weak. 1-month excess return 7.98%; 3-month excess return -2.38%; 6-month excess return -4.30%.,"Model view: the setup leaned cautious. Confidence was around 64%. Technical state is constructive, with price above the 50-day and 200-day averages. RSI is in a steady zone near 59.4. MACD remains on the bullish side. No recent matched news was found for this ticker/date. Relative strength versus the benchmark looked weak. 1-month excess return 7.98%; 3-month excess return -2.38%; 6-month excess return -4.30%."
2026-03-02,BRK-B,1,1.0,0.9863115695491339,hit,logistic_regression,target_5d_updown,"Technical state is soft, with price below the 50-day and 200-day averages. RSI is weak near 38.1. MACD remains on the bearish side.",No recent matched news was found for this ticker/date.,Relative strength versus the benchmark looked weak. 1-month excess return 1.80%; 3-month excess return -7.09%; 6-month excess return -9.77%.,"Model view: the setup leaned constructive. Confidence was around 99%. Technical state is soft, with price below the 50-day and 200-day averages. RSI is weak near 38.1. MACD remains on the bearish side. No recent matched news was found for this ticker/date. Relative strength versus the benchmark looked weak. 1-month excess return 1.80%; 3-month excess return -7.09%; 6-month excess return -9.77%."
2026-03-03,BRK-B,1,1.0,0.9926105996262318,hit,logistic_regression,target_5d_updown,"Technical state is soft, with price below the 50-day and 200-day averages. RSI is weak near 39.2. MACD remains on the bearish side.",No recent matched news was found for this ticker/date.,Relative strength versus the benchmark looked weak. 1-month excess return 1.82%; 3-month excess return -5.89%; 6-month excess return -9.80%.,"Model view: the setup leaned constructive. Confidence was around 99%. Technical state is soft, with price below the 50-day and 200-day averages. RSI is weak near 39.2. MACD remains on the bearish side. No recent matched news was found for this ticker/date. Relative strength versus the benchmark looked weak. 1-month excess return 1.82%; 3-month excess return -5.89%; 6-month excess return -9.80%."
2026-03-04,BRK-B,1,1.0,0.9696393991497478,hit,logistic_regression,target_5d_updown,"Technical state is soft, with price below the 50-day and 200-day averages. MACD remains on the bearish side.",No recent matched news was found for this ticker/date.,Relative strength versus the benchmark looked weak. 1-month excess return 1.52%; 3-month excess return -4.89%; 6-month excess return -9.77%.,"Model view: the setup leaned constructive. Confidence was around 97%. Technical state is soft, with price below the 50-day and 200-day averages. MACD remains on the bearish side. No recent matched news was found for this ticker/date. Relative strength versus the benchmark looked weak. 1-month excess return 1.52%; 3-month excess return -4.89%; 6-month excess return -9.77%."
2026-03-05,BRK-B,0,1.0,0.9018112061313948,miss,logistic_regression,target_5d_updown,"Technical state is constructive, with price above the 50-day and 200-day averages. RSI is in a steady zone near 54.3. MACD remains on the bearish side.",No recent matched news was found for this ticker/date.,Relative strength versus the benchmark looked weak. 1-month excess return 2.51%; 3-month excess return -1.27%; 6-month excess return -6.15%.,"Model view: the setup leaned constructive. Confidence was around 90%. Technical state is constructive, with price above the 50-day and 200-day averages. RSI is in a steady zone near 54.3. MACD remains on the bearish side. No recent matched news was found for this ticker/date. Relative strength versus the benchmark looked weak. 1-month excess return 2.51%; 3-month excess return -1.27%; 6-month excess return -6.15%."
2026-03-06,BRK-B,0,1.0,0.9563372172539599,miss,logistic_regression,target_5d_updown,"Technical state is constructive, with price above the 50-day and 200-day averages. RSI is in a steady zone near 53.2. MACD remains on the bearish side.",No recent matched news was found for this ticker/date.,Relative strength versus the benchmark looked mixed. 1-month excess return 1.02%; 3-month excess return 0.73%; 6-month excess return -5.23%.,"Model view: the setup leaned constructive. Confidence was around 96%. Technical state is constructive, with price above the 50-day and 200-day averages. RSI is in a steady zone near 53.2. MACD remains on the bearish side. No recent matched news was found for this ticker/date. Relative strength versus the benchmark looked mixed. 1-month excess return 1.02%; 3-month excess return 0.73%; 6-month excess return -5.23%."
2026-03-09,BRK-B,0,1.0,0.8605069692626968,miss,logistic_regression,target_5d_updown,"Technical state is constructive, with price above the 50-day and 200-day averages. RSI is in a steady zone near 51.8. MACD remains on the bearish side.",No recent matched news was found for this ticker/date.,Relative strength versus the benchmark looked weak. 1-month excess return -1.44%; 3-month excess return -0.32%; 6-month excess return -5.36%.,"Model view: the setup leaned constructive. Confidence was around 86%. Technical state is constructive, with price above the 50-day and 200-day averages. RSI is in a steady zone near 51.8. MACD remains on the bearish side. No recent matched news was found for this ticker/date. Relative strength versus the benchmark looked weak. 1-month excess return -1.44%; 3-month excess return -0.32%; 6-month excess return -5.36%."
2026-03-10,BRK-B,0,1.0,0.9227649343547318,miss,logistic_regression,target_5d_updown,"Technical state is mixed, with price not fully aligned across the major moving averages. MACD remains on the bearish side.",No recent matched news was found for this ticker/date.,Relative strength versus the benchmark looked weak. 1-month excess return -0.77%; 3-month excess return -0.79%; 6-month excess return -4.32%.,"Model view: the setup leaned constructive. Confidence was around 92%. Technical state is mixed, with price not fully aligned across the major moving averages. MACD remains on the bearish side. No recent matched news was found for this ticker/date. Relative strength versus the benchmark looked weak. 1-month excess return -0.77%; 3-month excess return -0.79%; 6-month excess return -4.32%."
2026-03-11,BRK-B,0,1.0,0.8954535569920621,miss,logistic_regression,target_5d_updown,"Technical state is mixed, with price not fully aligned across the major moving averages. MACD remains on the bearish side.",No recent matched news was found for this ticker/date.,Relative strength versus the benchmark looked mixed. 1-month excess return 1.63%; 3-month excess return 0.31%; 6-month excess return -3.85%.,"Model view: the setup leaned constructive. Confidence was around 90%. Technical state is mixed, with price not fully aligned across the major moving averages. MACD remains on the bearish side. No recent matched news was found for this ticker/date. Relative strength versus the benchmark looked mixed. 1-month excess return 1.63%; 3-month excess return 0.31%; 6-month excess return -3.85%."
2026-03-12,BRK-B,0,1.0,0.9635690069124314,miss,logistic_regression,target_5d_updown,"Technical state is mixed, with price not fully aligned across the major moving averages. MACD remains on the bearish side.",No recent matched news was found for this ticker/date.,Relative strength versus the benchmark looked mixed. 1-month excess return 2.08%; 3-month excess return 2.58%; 6-month excess return -1.77%.,"Model view: the setup leaned constructive. Confidence was around 96%. Technical state is mixed, with price not fully aligned across the major moving averages. MACD remains on the bearish side. No recent matched news was found for this ticker/date. Relative strength versus the benchmark looked mixed. 1-month excess return 2.08%; 3-month excess return 2.58%; 6-month excess return -1.77%."
2026-03-13,BRK-B,0,1.0,0.9763124607271572,miss,logistic_regression,target_5d_updown,"Technical state is soft, with price below the 50-day and 200-day averages. MACD remains on the bearish side.",No recent matched news was found for this ticker/date.,Relative strength versus the benchmark looked mixed. 1-month excess return 2.29%; 3-month excess return 3.57%; 6-month excess return -2.13%.,"Model view: the setup leaned constructive. Confidence was around 98%. Technical state is soft, with price below the 50-day and 200-day averages. MACD remains on the bearish side. No recent matched news was found for this ticker/date. Relative strength versus the benchmark looked mixed. 1-month excess return 2.29%; 3-month excess return 3.57%; 6-month excess return -2.13%."
2026-03-16,BRK-B,0,1.0,0.9287691092786211,miss,logistic_regression,target_5d_updown,"Technical state is mixed, with price not fully aligned across the major moving averages. MACD remains on the bearish side.",No recent matched news was found for this ticker/date.,Relative strength versus the benchmark looked mixed. 1-month excess return 0.24%; 3-month excess return 2.19%; 6-month excess return -2.09%.,"Model view: the setup leaned constructive. Confidence was around 93%. Technical state is mixed, with price not fully aligned across the major moving averages. MACD remains on the bearish side. No recent matched news was found for this ticker/date. Relative strength versus the benchmark looked mixed. 1-month excess return 0.24%; 3-month excess return 2.19%; 6-month excess return -2.09%."
2026-03-17,BRK-B,0,1.0,0.9349740067546464,miss,logistic_regression,target_5d_updown,"Technical state is mixed, with price not fully aligned across the major moving averages. MACD remains on the bearish side.",No recent matched news was found for this ticker/date.,Relative strength versus the benchmark looked mixed. 1-month excess return 0.60%; 3-month excess return 0.20%; 6-month excess return -1.32%.,"Model view: the setup leaned constructive. Confidence was around 93%. Technical state is mixed, with price not fully aligned across the major moving averages. MACD remains on the bearish side. No recent matched news was found for this ticker/date. Relative strength versus the benchmark looked mixed. 1-month excess return 0.60%; 3-month excess return 0.20%; 6-month excess return -1.32%."
2026-03-18,BRK-B,0,1.0,0.9943561130995773,miss,logistic_regression,target_5d_updown,"Technical state is soft, with price below the 50-day and 200-day averages. MACD remains on the bearish side.",No recent matched news was found for this ticker/date.,Relative strength versus the benchmark looked weak. 1-month excess return -0.64%; 3-month excess return -1.52%; 6-month excess return -1.59%.,"Model view: the setup leaned constructive. Confidence was around 99%. Technical state is soft, with price below the 50-day and 200-day averages. MACD remains on the bearish side. No recent matched news was found for this ticker/date. Relative strength versus the benchmark looked weak. 1-month excess return -0.64%; 3-month excess return -1.52%; 6-month excess return -1.59%."
2026-03-19,BRK-B,0,1.0,0.9949814414733099,miss,logistic_regression,target_5d_updown,"Technical state is soft, with price below the 50-day and 200-day averages. RSI is weak near 39.2. MACD remains on the bearish side.",No recent matched news was found for this ticker/date.,Relative strength versus the benchmark looked weak. 1-month excess return 0.34%; 3-month excess return -0.88%; 6-month excess return -2.31%.,"Model view: the setup leaned constructive. Confidence was around 99%. Technical state is soft, with price below the 50-day and 200-day averages. RSI is weak near 39.2. MACD remains on the bearish side. No recent matched news was found for this ticker/date. Relative strength versus the benchmark looked weak. 1-month excess return 0.34%; 3-month excess return -0.88%; 6-month excess return -2.31%."
2026-03-20,BRK-B,0,1.0,0.9965847330882786,miss,logistic_regression,target_5d_updown,"Technical state is soft, with price below the 50-day and 200-day averages. RSI is weak near 38.8. MACD remains on the bearish side.",No recent matched news was found for this ticker/date.,Relative strength versus the benchmark looked weak. 1-month excess return 1.80%; 3-month excess return -1.48%; 6-month excess return -0.14%.,"Model view: the setup leaned constructive. Confidence was around 100%. Technical state is soft, with price below the 50-day and 200-day averages. RSI is weak near 38.8. MACD remains on the bearish side. No recent matched news was found for this ticker/date. Relative strength versus the benchmark looked weak. 1-month excess return 1.80%; 3-month excess return -1.48%; 6-month excess return -0.14%."
2026-03-23,BRK-B,0,1.0,0.99594283570363,miss,logistic_regression,target_5d_updown,"Technical state is soft, with price below the 50-day and 200-day averages. RSI is weak near 38.0. MACD remains on the bearish side.",No recent matched news was found for this ticker/date.,Relative strength versus the benchmark looked weak. 1-month excess return 1.01%; 3-month excess return -1.82%; 6-month excess return -1.41%.,"Model view: the setup leaned constructive. Confidence was around 100%. Technical state is soft, with price below the 50-day and 200-day averages. RSI is weak near 38.0. MACD remains on the bearish side. No recent matched news was found for this ticker/date. Relative strength versus the benchmark looked weak. 1-month excess return 1.01%; 3-month excess return -1.82%; 6-month excess return -1.41%."
2026-03-24,BRK-B,0,1.0,0.9964443178914278,miss,logistic_regression,target_5d_updown,"Technical state is soft, with price below the 50-day and 200-day averages. RSI is weak near 37.5. MACD remains on the bearish side.",No recent matched news was found for this ticker/date.,Relative strength versus the benchmark looked mixed. 1-month excess return 1.04%; 3-month excess return 0.94%; 6-month excess return -0.90%.,"Model view: the setup leaned constructive. Confidence was around 100%. Technical state is soft, with price below the 50-day and 200-day averages. RSI is weak near 37.5. MACD remains on the bearish side. No recent matched news was found for this ticker/date. Relative strength versus the benchmark looked mixed. 1-month excess return 1.04%; 3-month excess return 0.94%; 6-month excess return -0.90%."
2026-03-25,BRK-B,1,1.0,0.997929985388009,hit,logistic_regression,target_5d_updown,"Technical state is soft, with price below the 50-day and 200-day averages. RSI is weak near 34.9. MACD remains on the bearish side.",No recent matched news was found for this ticker/date.,Relative strength versus the benchmark looked weak. 1-month excess return 0.49%; 3-month excess return -0.93%; 6-month excess return -2.66%.,"Model view: the setup leaned constructive. Confidence was around 100%. Technical state is soft, with price below the 50-day and 200-day averages. RSI is weak near 34.9. MACD remains on the bearish side. No recent matched news was found for this ticker/date. Relative strength versus the benchmark looked weak. 1-month excess return 0.49%; 3-month excess return -0.93%; 6-month excess return -2.66%."
2026-03-26,BRK-B,1,1.0,0.9991100336420621,hit,logistic_regression,target_5d_updown,"Technical state is soft, with price below the 50-day and 200-day averages. RSI is weak near 34.2. MACD remains on the bearish side.",No recent matched news was found for this ticker/date.,Relative strength versus the benchmark looked mixed. 1-month excess return 2.89%; 3-month excess return 0.92%; 6-month excess return -2.00%.,"Model view: the setup leaned constructive. Confidence was around 100%. Technical state is soft, with price below the 50-day and 200-day averages. RSI is weak near 34.2. MACD remains on the bearish side. No recent matched news was found for this ticker/date. Relative strength versus the benchmark looked mixed. 1-month excess return 2.89%; 3-month excess return 0.92%; 6-month excess return -2.00%."
2026-03-27,BRK-B,1,1.0,0.9997545037977169,hit,logistic_regression,target_5d_updown,"Technical state is soft, with price below the 50-day and 200-day averages. RSI is weak near 29.3. MACD remains on the bearish side.",No recent matched news was found for this ticker/date.,Relative strength versus the benchmark looked mixed. 1-month excess return 1.24%; 3-month excess return 1.61%; 6-month excess return -1.45%.,"Model view: the setup leaned constructive. Confidence was around 100%. Technical state is soft, with price below the 50-day and 200-day averages. RSI is weak near 29.3. MACD remains on the bearish side. No recent matched news was found for this ticker/date. Relative strength versus the benchmark looked mixed. 1-month excess return 1.24%; 3-month excess return 1.61%; 6-month excess return -1.45%."
2026-03-30,BRK-B,1,1.0,0.9968270387825211,hit,logistic_regression,target_5d_updown,"Technical state is soft, with price below the 50-day and 200-day averages. RSI is weak near 38.0. MACD remains on the bearish side.",No recent matched news was found for this ticker/date.,Relative strength versus the benchmark looked mixed. 1-month excess return 1.94%; 3-month excess return 3.75%; 6-month excess return -0.28%.,"Model view: the setup leaned constructive. Confidence was around 100%. Technical state is soft, with price below the 50-day and 200-day averages. RSI is weak near 38.0. MACD remains on the bearish side. No recent matched news was found for this ticker/date. Relative strength versus the benchmark looked mixed. 1-month excess return 1.94%; 3-month excess return 3.75%; 6-month excess return -0.28%."
2026-03-31,BRK-B,1,1.0,0.9778437058511074,hit,logistic_regression,target_5d_updown,"Technical state is soft, with price below the 50-day and 200-day averages. MACD remains on the bearish side.",No recent matched news was found for this ticker/date.,Relative strength versus the benchmark looked mixed. 1-month excess return 5.14%; 3-month excess return 1.18%; 6-month excess return -1.95%.,"Model view: the setup leaned constructive. Confidence was around 98%. Technical state is soft, with price below the 50-day and 200-day averages. MACD remains on the bearish side. No recent matched news was found for this ticker/date. Relative strength versus the benchmark looked mixed. 1-month excess return 5.14%; 3-month excess return 1.18%; 6-month excess return -1.95%."
2026-04-01,BRK-B,1,1.0,0.9889160997902826,hit,logistic_regression,target_5d_updown,"Technical state is soft, with price below the 50-day and 200-day averages. MACD remains on the bearish side. Volatility is relatively contained at roughly 14.7%.",No recent matched news was found for this ticker/date.,Relative strength versus the benchmark looked weak. 1-month excess return 3.15%; 3-month excess return -0.35%; 6-month excess return -3.18%.,"Model view: the setup leaned constructive. Confidence was around 99%. Technical state is soft, with price below the 50-day and 200-day averages. MACD remains on the bearish side. Volatility is relatively contained at roughly 14.7%. No recent matched news was found for this ticker/date. Relative strength versus the benchmark looked weak. 1-month excess return 3.15%; 3-month excess return -0.35%; 6-month excess return -3.18%."
2026-04-02,BRK-B,1,1.0,0.9845784805224399,hit,logistic_regression,target_5d_updown,"Technical state is soft, with price below the 50-day and 200-day averages. MACD remains on the bearish side. Volatility is relatively contained at roughly 10.5%.",No recent matched news was found for this ticker/date.,Relative strength versus the benchmark looked weak. 1-month excess return 2.24%; 3-month excess return -1.18%; 6-month excess return -2.30%.,"Model view: the setup leaned constructive. Confidence was around 98%. Technical state is soft, with price below the 50-day and 200-day averages. MACD remains on the bearish side. Volatility is relatively contained at roughly 10.5%. No recent matched news was found for this ticker/date. Relative strength versus the benchmark looked weak. 1-month excess return 2.24%; 3-month excess return -1.18%; 6-month excess return -2.30%."
2026-04-06,BRK-B,1,1.0,0.9902832707471436,hit,logistic_regression,target_5d_updown,"Technical state is soft, with price below the 50-day and 200-day averages. MACD remains on the bearish side. Volatility is relatively contained at roughly 10.5%.",No recent matched news was found for this ticker/date.,Relative strength versus the benchmark looked weak. 1-month excess return -1.43%; 3-month excess return -0.52%; 6-month excess return -2.38%.,"Model view: the setup leaned constructive. Confidence was around 99%. Technical state is soft, with price below the 50-day and 200-day averages. MACD remains on the bearish side. Volatility is relatively contained at roughly 10.5%. No recent matched news was found for this ticker/date. Relative strength versus the benchmark looked weak. 1-month excess return -1.43%; 3-month excess return -0.52%; 6-month excess return -2.38%."
2026-04-07,BRK-B,0,1.0,0.977540854156266,miss,logistic_regression,target_5d_updown,"Technical state is soft, with price below the 50-day and 200-day averages. MACD remains on the bullish side. Volatility is relatively contained at roughly 10.7%.",No recent matched news was found for this ticker/date.,Relative strength versus the benchmark looked weak. 1-month excess return -2.19%; 3-month excess return 0.08%; 6-month excess return -2.64%.,"Model view: the setup leaned constructive. Confidence was around 98%. Technical state is soft, with price below the 50-day and 200-day averages. MACD remains on the bullish side. Volatility is relatively contained at roughly 10.7%. No recent matched news was found for this ticker/date. Relative strength versus the benchmark looked weak. 1-month excess return -2.19%; 3-month excess return 0.08%; 6-month excess return -2.64%."
2026-04-08,BRK-B,0,1.0,0.8724699468005922,miss,logistic_regression,target_5d_updown,"Technical state is soft, with price below the 50-day and 200-day averages. MACD remains on the bullish side. Volatility is relatively contained at roughly 10.8%.",No recent matched news was found for this ticker/date.,Relative strength versus the benchmark looked weak. 1-month excess return -3.12%; 3-month excess return -1.53%; 6-month excess return -4.69%.,"Model view: the setup leaned constructive. Confidence was around 87%. Technical state is soft, with price below the 50-day and 200-day averages. MACD remains on the bullish side. Volatility is relatively contained at roughly 10.8%. No recent matched news was found for this ticker/date. Relative strength versus the benchmark looked weak. 1-month excess return -3.12%; 3-month excess return -1.53%; 6-month excess return -4.69%."
2026-04-09,BRK-B,0,1.0,0.8185001000403491,miss,logistic_regression,target_5d_updown,"Technical state is soft, with price below the 50-day and 200-day averages. RSI is in a steady zone near 52.5. MACD remains on the bullish side. Volatility is relatively contained at roughly 11.7%.",No recent matched news was found for this ticker/date.,Relative strength versus the benchmark looked weak. 1-month excess return -2.18%; 3-month excess return -0.76%; 6-month excess return -5.00%.,"Model view: the setup leaned constructive. Confidence was around 82%. Technical state is soft, with price below the 50-day and 200-day averages. RSI is in a steady zone near 52.5. MACD remains on the bullish side. Volatility is relatively contained at roughly 11.7%. No recent matched news was found for this ticker/date. Relative strength versus the benchmark looked weak. 1-month excess return -2.18%; 3-month excess return -0.76%; 6-month excess return -5.00%."
2026-04-10,BRK-B,0,1.0,0.9239082553517226,miss,logistic_regression,target_5d_updown,"Technical state is soft, with price below the 50-day and 200-day averages. MACD remains on the bullish side. Volatility is relatively contained at roughly 12.2%.",No recent matched news was found for this ticker/date.,Relative strength versus the benchmark looked weak. 1-month excess return -3.18%; 3-month excess return -2.48%; 6-month excess return -4.93%.,"Model view: the setup leaned constructive. Confidence was around 92%. Technical state is soft, with price below the 50-day and 200-day averages. MACD remains on the bullish side. Volatility is relatively contained at roughly 12.2%. No recent matched news was found for this ticker/date. Relative strength versus the benchmark looked weak. 1-month excess return -3.18%; 3-month excess return -2.48%; 6-month excess return -4.93%."
2026-04-13,BRK-B,0,1.0,0.9618646725080524,miss,logistic_regression,target_5d_updown,"Technical state is soft, with price below the 50-day and 200-day averages. MACD remains on the bullish side. Volatility is relatively contained at roughly 12.2%.",No recent matched news was found for this ticker/date.,Relative strength versus the benchmark looked weak. 1-month excess return -5.35%; 3-month excess return -2.60%; 6-month excess return -5.54%.,"Model view: the setup leaned constructive. Confidence was around 96%. Technical state is soft, with price below the 50-day and 200-day averages. MACD remains on the bullish side. Volatility is relatively contained at roughly 12.2%. No recent matched news was found for this ticker/date. Relative strength versus the benchmark looked weak. 1-month excess return -5.35%; 3-month excess return -2.60%; 6-month excess return -5.54%."
2026-04-14,BRK-B,0,1.0,0.9430201710571265,miss,logistic_regression,target_5d_updown,"Technical state is soft, with price below the 50-day and 200-day averages. MACD remains on the bullish side. Volatility is relatively contained at roughly 12.1%.",No recent matched news was found for this ticker/date.,Relative strength versus the benchmark looked weak. 1-month excess return -7.35%; 3-month excess return -4.08%; 6-month excess return -8.67%.,"Model view: the setup leaned constructive. Confidence was around 94%. Technical state is soft, with price below the 50-day and 200-day averages. MACD remains on the bullish side. Volatility is relatively contained at roughly 12.1%. No recent matched news was found for this ticker/date. Relative strength versus the benchmark looked weak. 1-month excess return -7.35%; 3-month excess return -4.08%; 6-month excess return -8.67%."
2026-04-15,BRK-B,0,1.0,0.9775724745798996,miss,logistic_regression,target_5d_updown,"Technical state is soft, with price below the 50-day and 200-day averages. MACD remains on the bullish side. Volatility is relatively contained at roughly 12.2%.",No recent matched news was found for this ticker/date.,Relative strength versus the benchmark looked weak. 1-month excess return -8.28%; 3-month excess return -5.12%; 6-month excess return -9.18%.,"Model view: the setup leaned constructive. Confidence was around 98%. Technical state is soft, with price below the 50-day and 200-day averages. MACD remains on the bullish side. Volatility is relatively contained at roughly 12.2%. No recent matched news was found for this ticker/date. Relative strength versus the benchmark looked weak. 1-month excess return -8.28%; 3-month excess return -5.12%; 6-month excess return -9.18%."
2026-04-16,BRK-B,0,1.0,0.9832964044658459,miss,logistic_regression,target_5d_updown,"Technical state is soft, with price below the 50-day and 200-day averages. MACD remains on the bullish side. Volatility is relatively contained at roughly 11.0%.",No recent matched news was found for this ticker/date.,Relative strength versus the benchmark looked weak. 1-month excess return -8.08%; 3-month excess return -5.22%; 6-month excess return -10.14%.,"Model view: the setup leaned constructive. Confidence was around 98%. Technical state is soft, with price below the 50-day and 200-day averages. MACD remains on the bullish side. Volatility is relatively contained at roughly 11.0%. No recent matched news was found for this ticker/date. Relative strength versus the benchmark looked weak. 1-month excess return -8.08%; 3-month excess return -5.22%; 6-month excess return -10.14%."
2026-04-17,BRK-B,0,1.0,0.9682295294986851,miss,logistic_regression,target_5d_updown,"Technical state is soft, with price below the 50-day and 200-day averages. MACD remains on the bullish side. Volatility is relatively contained at roughly 10.8%.",No recent matched news was found for this ticker/date.,Relative strength versus the benchmark looked weak. 1-month excess return -9.34%; 3-month excess return -6.20%; 6-month excess return -11.16%.,"Model view: the setup leaned constructive. Confidence was around 97%. Technical state is soft, with price below the 50-day and 200-day averages. MACD remains on the bullish side. Volatility is relatively contained at roughly 10.8%. No recent matched news was found for this ticker/date. Relative strength versus the benchmark looked weak. 1-month excess return -9.34%; 3-month excess return -6.20%; 6-month excess return -11.16%."
