prediction_date,ticker,predicted_value,confidence_score,actual_future_result,hit_miss,model_name,target_name,task_type,evaluation_window,technical_state_summary,news_sentiment_summary,benchmark_strength_summary,explanation
2022-02-17,IQV,-1.0714990727917777,,3.3707390273189253,miss,linear_regression,target_5d_return,regression,1,"Technical state is soft, with price below the 50-day and 200-day averages. RSI is weak near 34.4. MACD remains on the bearish side. Volatility is elevated at roughly 36.0%.",No recent matched news was found for this ticker/date.,Relative strength versus the benchmark looked weak. 1-month excess return -2.55%; 3-month excess return -7.78%; 6-month excess return -11.17%.,"Model view: the forward return estimate was mildly negative at about -1.07%. Confidence was not explicitly available for this prediction. Technical state is soft, with price below the 50-day and 200-day averages. RSI is weak near 34.4. MACD remains on the bearish side. Volatility is elevated at roughly 36.0%. No recent matched news was found for this ticker/date. Relative strength versus the benchmark looked weak. 1-month excess return -2.55%; 3-month excess return -7.78%; 6-month excess return -11.17%."
2022-02-18,IQV,-2.1409254578464716,,0.8104397468352564,miss,linear_regression,target_5d_return,regression,1,"Technical state is soft, with price below the 50-day and 200-day averages. RSI is weak near 36.4. MACD remains on the bearish side. Volatility is elevated at roughly 36.1%.",No recent matched news was found for this ticker/date.,Relative strength versus the benchmark looked weak. 1-month excess return -3.81%; 3-month excess return -6.84%; 6-month excess return -8.34%.,"Model view: the forward return estimate was mildly negative at about -2.14%. Confidence was not explicitly available for this prediction. Technical state is soft, with price below the 50-day and 200-day averages. RSI is weak near 36.4. MACD remains on the bearish side. Volatility is elevated at roughly 36.1%. No recent matched news was found for this ticker/date. Relative strength versus the benchmark looked weak. 1-month excess return -3.81%; 3-month excess return -6.84%; 6-month excess return -8.34%."
2022-02-22,IQV,-2.0169500887008955,,0.6049611748526029,miss,linear_regression,target_5d_return,regression,1,"Technical state is soft, with price below the 50-day and 200-day averages. RSI is weak near 35.3. MACD remains on the bearish side. Volatility is elevated at roughly 35.7%.",No recent matched news was found for this ticker/date.,Relative strength versus the benchmark looked weak. 1-month excess return -4.08%; 3-month excess return -7.17%; 6-month excess return -7.01%.,"Model view: the forward return estimate was mildly negative at about -2.02%. Confidence was not explicitly available for this prediction. Technical state is soft, with price below the 50-day and 200-day averages. RSI is weak near 35.3. MACD remains on the bearish side. Volatility is elevated at roughly 35.7%. No recent matched news was found for this ticker/date. Relative strength versus the benchmark looked weak. 1-month excess return -4.08%; 3-month excess return -7.17%; 6-month excess return -7.01%."
2022-02-23,IQV,0.24223162697234762,,4.164422274466539,hit,linear_regression,target_5d_return,regression,1,"Technical state is soft, with price below the 50-day and 200-day averages. RSI is weak near 33.3. MACD remains on the bearish side. Volatility is elevated at roughly 34.6%.",No recent matched news was found for this ticker/date.,Relative strength versus the benchmark looked weak. 1-month excess return -4.37%; 3-month excess return -6.81%; 6-month excess return -7.31%.,"Model view: the forward return estimate was mildly positive at about 0.24%. Confidence was not explicitly available for this prediction. Technical state is soft, with price below the 50-day and 200-day averages. RSI is weak near 33.3. MACD remains on the bearish side. Volatility is elevated at roughly 34.6%. No recent matched news was found for this ticker/date. Relative strength versus the benchmark looked weak. 1-month excess return -4.37%; 3-month excess return -6.81%; 6-month excess return -7.31%."
2022-02-24,IQV,-4.649079603916072,,2.1446990284518685,miss,linear_regression,target_5d_return,regression,1,"Technical state is soft, with price below the 50-day and 200-day averages. RSI is weak near 39.2. MACD remains on the bearish side. Volatility is elevated at roughly 35.5%.",No recent matched news was found for this ticker/date.,Relative strength versus the benchmark looked weak. 1-month excess return -1.86%; 3-month excess return -5.35%; 6-month excess return -7.12%.,"Model view: the forward return estimate was mildly negative at about -4.65%. Confidence was not explicitly available for this prediction. Technical state is soft, with price below the 50-day and 200-day averages. RSI is weak near 39.2. MACD remains on the bearish side. Volatility is elevated at roughly 35.5%. No recent matched news was found for this ticker/date. Relative strength versus the benchmark looked weak. 1-month excess return -1.86%; 3-month excess return -5.35%; 6-month excess return -7.12%."
2022-02-25,IQV,-4.743510287446434,,-2.9873094273542677,hit,linear_regression,target_5d_return,regression,1,"Technical state is soft, with price below the 50-day and 200-day averages. MACD remains on the bearish side. Volatility is elevated at roughly 36.5%.",No recent matched news was found for this ticker/date.,Relative strength versus the benchmark looked weak. 1-month excess return -0.38%; 3-month excess return -5.06%; 6-month excess return -7.56%.,"Model view: the forward return estimate was mildly negative at about -4.74%. Confidence was not explicitly available for this prediction. Technical state is soft, with price below the 50-day and 200-day averages. MACD remains on the bearish side. Volatility is elevated at roughly 36.5%. No recent matched news was found for this ticker/date. Relative strength versus the benchmark looked weak. 1-month excess return -0.38%; 3-month excess return -5.06%; 6-month excess return -7.56%."
2022-02-28,IQV,-1.8010902456383957,,-5.849118607978276,hit,linear_regression,target_5d_return,regression,1,"Technical state is soft, with price below the 50-day and 200-day averages. MACD remains on the bearish side. Volatility is elevated at roughly 35.4%.",No recent matched news was found for this ticker/date.,Relative strength versus the benchmark looked weak. 1-month excess return -2.03%; 3-month excess return -7.27%; 6-month excess return -8.32%.,"Model view: the forward return estimate was mildly negative at about -1.80%. Confidence was not explicitly available for this prediction. Technical state is soft, with price below the 50-day and 200-day averages. MACD remains on the bearish side. Volatility is elevated at roughly 35.4%. No recent matched news was found for this ticker/date. Relative strength versus the benchmark looked weak. 1-month excess return -2.03%; 3-month excess return -7.27%; 6-month excess return -8.32%."
2022-03-01,IQV,1.1313561171019404,,-7.580215131309775,miss,linear_regression,target_5d_return,regression,1,"Technical state is soft, with price below the 50-day and 200-day averages. MACD remains on the bearish side. Volatility is elevated at roughly 34.0%.",No recent matched news was found for this ticker/date.,Relative strength versus the benchmark looked weak. 1-month excess return -1.91%; 3-month excess return -7.10%; 6-month excess return -8.00%.,"Model view: the forward return estimate was mildly positive at about 1.13%. Confidence was not explicitly available for this prediction. Technical state is soft, with price below the 50-day and 200-day averages. MACD remains on the bearish side. Volatility is elevated at roughly 34.0%. No recent matched news was found for this ticker/date. Relative strength versus the benchmark looked weak. 1-month excess return -1.91%; 3-month excess return -7.10%; 6-month excess return -8.00%."
2022-03-02,IQV,0.032676823102611705,,-5.663376804171094,miss,linear_regression,target_5d_return,regression,1,"Technical state is soft, with price below the 50-day and 200-day averages. MACD remains on the bullish side. Volatility is elevated at roughly 34.7%.",No recent matched news was found for this ticker/date.,Relative strength versus the benchmark looked weak. 1-month excess return -2.44%; 3-month excess return -6.40%; 6-month excess return -7.53%.,"Model view: the forward return estimate was mildly positive at about 0.03%. Confidence was not explicitly available for this prediction. Technical state is soft, with price below the 50-day and 200-day averages. MACD remains on the bullish side. Volatility is elevated at roughly 34.7%. No recent matched news was found for this ticker/date. Relative strength versus the benchmark looked weak. 1-month excess return -2.44%; 3-month excess return -6.40%; 6-month excess return -7.53%."
2022-03-03,IQV,3.2479995150245524,,-7.040319243924598,miss,linear_regression,target_5d_return,regression,1,"Technical state is soft, with price below the 50-day and 200-day averages. MACD remains on the bullish side. Volatility is elevated at roughly 32.7%.",No recent matched news was found for this ticker/date.,Relative strength versus the benchmark looked weak. 1-month excess return -1.76%; 3-month excess return -6.69%; 6-month excess return -7.42%.,"Model view: the forward return estimate was mildly positive at about 3.25%. Confidence was not explicitly available for this prediction. Technical state is soft, with price below the 50-day and 200-day averages. MACD remains on the bullish side. Volatility is elevated at roughly 32.7%. No recent matched news was found for this ticker/date. Relative strength versus the benchmark looked weak. 1-month excess return -1.76%; 3-month excess return -6.69%; 6-month excess return -7.42%."
2022-03-04,IQV,3.135589281456173,,-5.898678145219572,miss,linear_regression,target_5d_return,regression,1,"Technical state is soft, with price below the 50-day and 200-day averages. MACD remains on the bullish side. Volatility is elevated at roughly 33.4%.",No recent matched news was found for this ticker/date.,Relative strength versus the benchmark looked weak. 1-month excess return -5.31%; 3-month excess return -8.08%; 6-month excess return -9.76%.,"Model view: the forward return estimate was mildly positive at about 3.14%. Confidence was not explicitly available for this prediction. Technical state is soft, with price below the 50-day and 200-day averages. MACD remains on the bullish side. Volatility is elevated at roughly 33.4%. No recent matched news was found for this ticker/date. Relative strength versus the benchmark looked weak. 1-month excess return -5.31%; 3-month excess return -8.08%; 6-month excess return -9.76%."
2022-03-07,IQV,4.809554613543258,,-2.570851670853569,miss,linear_regression,target_5d_return,regression,1,"Technical state is soft, with price below the 50-day and 200-day averages. RSI is weak near 34.3. MACD remains on the bearish side. Volatility is elevated at roughly 36.4%.",No recent matched news was found for this ticker/date.,Relative strength versus the benchmark looked weak. 1-month excess return -7.32%; 3-month excess return -9.71%; 6-month excess return -10.26%.,"Model view: the forward return estimate was mildly positive at about 4.81%. Confidence was not explicitly available for this prediction. Technical state is soft, with price below the 50-day and 200-day averages. RSI is weak near 34.3. MACD remains on the bearish side. Volatility is elevated at roughly 36.4%. No recent matched news was found for this ticker/date. Relative strength versus the benchmark looked weak. 1-month excess return -7.32%; 3-month excess return -9.71%; 6-month excess return -10.26%."
2022-03-08,IQV,5.164430565880397,,2.1134104292549027,hit,linear_regression,target_5d_return,regression,1,"Technical state is soft, with price below the 50-day and 200-day averages. RSI is weak near 31.1. MACD remains on the bearish side. Volatility is elevated at roughly 37.0%.",No recent matched news was found for this ticker/date.,Relative strength versus the benchmark looked weak. 1-month excess return -8.51%; 3-month excess return -10.70%; 6-month excess return -12.59%.,"Model view: the forward return estimate was mildly positive at about 5.16%. Confidence was not explicitly available for this prediction. Technical state is soft, with price below the 50-day and 200-day averages. RSI is weak near 31.1. MACD remains on the bearish side. Volatility is elevated at roughly 37.0%. No recent matched news was found for this ticker/date. Relative strength versus the benchmark looked weak. 1-month excess return -8.51%; 3-month excess return -10.70%; 6-month excess return -12.59%."
2022-03-09,IQV,5.085490355823292,,0.4835534538244701,hit,linear_regression,target_5d_return,regression,1,"Technical state is soft, with price below the 50-day and 200-day averages. RSI is weak near 39.6. MACD remains on the bearish side. Volatility is elevated at roughly 40.7%.",No recent matched news was found for this ticker/date.,Relative strength versus the benchmark looked weak. 1-month excess return -6.42%; 3-month excess return -10.17%; 6-month excess return -11.06%.,"Model view: the forward return estimate was mildly positive at about 5.09%. Confidence was not explicitly available for this prediction. Technical state is soft, with price below the 50-day and 200-day averages. RSI is weak near 39.6. MACD remains on the bearish side. Volatility is elevated at roughly 40.7%. No recent matched news was found for this ticker/date. Relative strength versus the benchmark looked weak. 1-month excess return -6.42%; 3-month excess return -10.17%; 6-month excess return -11.06%."
2022-03-10,IQV,7.626789657829501,,2.904030137760971,hit,linear_regression,target_5d_return,regression,1,"Technical state is soft, with price below the 50-day and 200-day averages. RSI is weak near 38.3. MACD remains on the bearish side. Volatility is elevated at roughly 38.0%.",No recent matched news was found for this ticker/date.,Relative strength versus the benchmark looked weak. 1-month excess return -6.67%; 3-month excess return -10.91%; 6-month excess return -11.73%.,"Model view: the forward return estimate was mildly positive at about 7.63%. Confidence was not explicitly available for this prediction. Technical state is soft, with price below the 50-day and 200-day averages. RSI is weak near 38.3. MACD remains on the bearish side. Volatility is elevated at roughly 38.0%. No recent matched news was found for this ticker/date. Relative strength versus the benchmark looked weak. 1-month excess return -6.67%; 3-month excess return -10.91%; 6-month excess return -11.73%."
2022-03-11,IQV,10.739832690990209,,6.577408834610976,hit,linear_regression,target_5d_return,regression,1,"Technical state is soft, with price below the 50-day and 200-day averages. RSI is weak near 36.3. MACD remains on the bearish side. Volatility is elevated at roughly 37.8%.",No recent matched news was found for this ticker/date.,Relative strength versus the benchmark looked weak. 1-month excess return -8.24%; 3-month excess return -10.70%; 6-month excess return -12.28%.,"Model view: the forward return estimate was mildly positive at about 10.74%. Confidence was not explicitly available for this prediction. Technical state is soft, with price below the 50-day and 200-day averages. RSI is weak near 36.3. MACD remains on the bearish side. Volatility is elevated at roughly 37.8%. No recent matched news was found for this ticker/date. Relative strength versus the benchmark looked weak. 1-month excess return -8.24%; 3-month excess return -10.70%; 6-month excess return -12.28%."
2022-03-14,IQV,9.911424820764676,,7.522859992566144,hit,linear_regression,target_5d_return,regression,1,"Technical state is soft, with price below the 50-day and 200-day averages. RSI is weak near 34.9. MACD remains on the bearish side. Volatility is elevated at roughly 37.3%.",No recent matched news was found for this ticker/date.,Relative strength versus the benchmark looked weak. 1-month excess return -8.49%; 3-month excess return -10.47%; 6-month excess return -10.78%.,"Model view: the forward return estimate was mildly positive at about 9.91%. Confidence was not explicitly available for this prediction. Technical state is soft, with price below the 50-day and 200-day averages. RSI is weak near 34.9. MACD remains on the bearish side. Volatility is elevated at roughly 37.3%. No recent matched news was found for this ticker/date. Relative strength versus the benchmark looked weak. 1-month excess return -8.49%; 3-month excess return -10.47%; 6-month excess return -10.78%."
2022-03-15,IQV,9.308138012855427,,6.474116796697449,hit,linear_regression,target_5d_return,regression,1,"Technical state is soft, with price below the 50-day and 200-day averages. RSI is weak near 38.9. MACD remains on the bearish side. Volatility is elevated at roughly 38.1%.",No recent matched news was found for this ticker/date.,Relative strength versus the benchmark looked weak. 1-month excess return -8.72%; 3-month excess return -11.60%; 6-month excess return -12.44%.,"Model view: the forward return estimate was mildly positive at about 9.31%. Confidence was not explicitly available for this prediction. Technical state is soft, with price below the 50-day and 200-day averages. RSI is weak near 38.9. MACD remains on the bearish side. Volatility is elevated at roughly 38.1%. No recent matched news was found for this ticker/date. Relative strength versus the benchmark looked weak. 1-month excess return -8.72%; 3-month excess return -11.60%; 6-month excess return -12.44%."
2022-03-16,IQV,8.507070076082233,,0.01815648311485063,hit,linear_regression,target_5d_return,regression,1,"Technical state is soft, with price below the 50-day and 200-day averages. MACD remains on the bearish side. Volatility is elevated at roughly 36.2%.",No recent matched news was found for this ticker/date.,Relative strength versus the benchmark looked weak. 1-month excess return -7.41%; 3-month excess return -10.13%; 6-month excess return -12.06%.,"Model view: the forward return estimate was mildly positive at about 8.51%. Confidence was not explicitly available for this prediction. Technical state is soft, with price below the 50-day and 200-day averages. MACD remains on the bearish side. Volatility is elevated at roughly 36.2%. No recent matched news was found for this ticker/date. Relative strength versus the benchmark looked weak. 1-month excess return -7.41%; 3-month excess return -10.13%; 6-month excess return -12.06%."
2022-03-17,IQV,7.569073209901485,,0.6181641238427904,hit,linear_regression,target_5d_return,regression,1,"Technical state is soft, with price below the 50-day and 200-day averages. MACD remains on the bullish side. Volatility is elevated at roughly 36.0%.",No recent matched news was found for this ticker/date.,Relative strength versus the benchmark looked weak. 1-month excess return -1.22%; 3-month excess return -10.41%; 6-month excess return -12.04%.,"Model view: the forward return estimate was mildly positive at about 7.57%. Confidence was not explicitly available for this prediction. Technical state is soft, with price below the 50-day and 200-day averages. MACD remains on the bullish side. Volatility is elevated at roughly 36.0%. No recent matched news was found for this ticker/date. Relative strength versus the benchmark looked weak. 1-month excess return -1.22%; 3-month excess return -10.41%; 6-month excess return -12.04%."
2022-03-18,IQV,7.35066631346029,,-1.2738333956884285,miss,linear_regression,target_5d_return,regression,1,"Technical state is soft, with price below the 50-day and 200-day averages. RSI is in a steady zone near 50.4. MACD remains on the bullish side. Volatility is elevated at roughly 35.7%.",No recent matched news was found for this ticker/date.,Relative strength versus the benchmark looked weak. 1-month excess return -1.78%; 3-month excess return -10.14%; 6-month excess return -11.88%.,"Model view: the forward return estimate was mildly positive at about 7.35%. Confidence was not explicitly available for this prediction. Technical state is soft, with price below the 50-day and 200-day averages. RSI is in a steady zone near 50.4. MACD remains on the bullish side. Volatility is elevated at roughly 35.7%. No recent matched news was found for this ticker/date. Relative strength versus the benchmark looked weak. 1-month excess return -1.78%; 3-month excess return -10.14%; 6-month excess return -11.88%."
2022-03-21,IQV,8.043146876668256,,-0.12336378278670068,miss,linear_regression,target_5d_return,regression,1,"Technical state is soft, with price below the 50-day and 200-day averages. MACD remains on the bullish side. Volatility is elevated at roughly 35.6%.",No recent matched news was found for this ticker/date.,Relative strength versus the benchmark looked weak. 1-month excess return -1.73%; 3-month excess return -11.72%; 6-month excess return -12.72%.,"Model view: the forward return estimate was mildly positive at about 8.04%. Confidence was not explicitly available for this prediction. Technical state is soft, with price below the 50-day and 200-day averages. MACD remains on the bullish side. Volatility is elevated at roughly 35.6%. No recent matched news was found for this ticker/date. Relative strength versus the benchmark looked weak. 1-month excess return -1.73%; 3-month excess return -11.72%; 6-month excess return -12.72%."
2022-03-22,IQV,8.193100579962373,,2.0355583851824344,hit,linear_regression,target_5d_return,regression,1,"Technical state is soft, with price below the 50-day and 200-day averages. RSI is in a steady zone near 51.6. MACD remains on the bullish side. Volatility is elevated at roughly 35.6%.",No recent matched news was found for this ticker/date.,Relative strength versus the benchmark looked weak. 1-month excess return -3.56%; 3-month excess return -12.35%; 6-month excess return -14.32%.,"Model view: the forward return estimate was mildly positive at about 8.19%. Confidence was not explicitly available for this prediction. Technical state is soft, with price below the 50-day and 200-day averages. RSI is in a steady zone near 51.6. MACD remains on the bullish side. Volatility is elevated at roughly 35.6%. No recent matched news was found for this ticker/date. Relative strength versus the benchmark looked weak. 1-month excess return -3.56%; 3-month excess return -12.35%; 6-month excess return -14.32%."
2022-03-23,IQV,8.433320137661905,,4.997508005825635,hit,linear_regression,target_5d_return,regression,1,"Technical state is soft, with price below the 50-day and 200-day averages. MACD remains on the bullish side. Volatility is elevated at roughly 37.8%.",No recent matched news was found for this ticker/date.,Relative strength versus the benchmark looked weak. 1-month excess return -6.36%; 3-month excess return -14.14%; 6-month excess return -16.53%.,"Model view: the forward return estimate was mildly positive at about 8.43%. Confidence was not explicitly available for this prediction. Technical state is soft, with price below the 50-day and 200-day averages. MACD remains on the bullish side. Volatility is elevated at roughly 37.8%. No recent matched news was found for this ticker/date. Relative strength versus the benchmark looked weak. 1-month excess return -6.36%; 3-month excess return -14.14%; 6-month excess return -16.53%."
2022-03-24,IQV,7.710322043363116,,2.933849051702442,hit,linear_regression,target_5d_return,regression,1,"Technical state is soft, with price below the 50-day and 200-day averages. MACD remains on the bullish side. Volatility is elevated at roughly 37.4%.",No recent matched news was found for this ticker/date.,Relative strength versus the benchmark looked weak. 1-month excess return -6.07%; 3-month excess return -15.13%; 6-month excess return -15.64%.,"Model view: the forward return estimate was mildly positive at about 7.71%. Confidence was not explicitly available for this prediction. Technical state is soft, with price below the 50-day and 200-day averages. MACD remains on the bullish side. Volatility is elevated at roughly 37.4%. No recent matched news was found for this ticker/date. Relative strength versus the benchmark looked weak. 1-month excess return -6.07%; 3-month excess return -15.13%; 6-month excess return -15.64%."
2022-03-25,IQV,10.137264959042536,,6.918492361542072,hit,linear_regression,target_5d_return,regression,1,"Technical state is soft, with price below the 50-day and 200-day averages. MACD remains on the bullish side. Volatility is elevated at roughly 36.3%.",No recent matched news was found for this ticker/date.,Relative strength versus the benchmark looked weak. 1-month excess return -7.30%; 3-month excess return -15.34%; 6-month excess return -15.71%.,"Model view: the forward return estimate was mildly positive at about 10.14%. Confidence was not explicitly available for this prediction. Technical state is soft, with price below the 50-day and 200-day averages. MACD remains on the bullish side. Volatility is elevated at roughly 36.3%. No recent matched news was found for this ticker/date. Relative strength versus the benchmark looked weak. 1-month excess return -7.30%; 3-month excess return -15.34%; 6-month excess return -15.71%."
2022-03-28,IQV,11.813791231416577,,5.209756685959865,hit,linear_regression,target_5d_return,regression,1,"Technical state is soft, with price below the 50-day and 200-day averages. RSI is in a steady zone near 50.2. MACD remains on the bullish side. Volatility is elevated at roughly 36.0%.",No recent matched news was found for this ticker/date.,Relative strength versus the benchmark looked weak. 1-month excess return -7.25%; 3-month excess return -15.11%; 6-month excess return -11.26%.,"Model view: the forward return estimate was mildly positive at about 11.81%. Confidence was not explicitly available for this prediction. Technical state is soft, with price below the 50-day and 200-day averages. RSI is in a steady zone near 50.2. MACD remains on the bullish side. Volatility is elevated at roughly 36.0%. No recent matched news was found for this ticker/date. Relative strength versus the benchmark looked weak. 1-month excess return -7.25%; 3-month excess return -15.11%; 6-month excess return -11.26%."
2022-03-29,IQV,11.585892165178876,,2.0420413319246267,hit,linear_regression,target_5d_return,regression,1,"Technical state is mixed, with price not fully aligned across the major moving averages. RSI is in a steady zone near 56.2. MACD remains on the bullish side. Volatility is elevated at roughly 37.4%.",No recent matched news was found for this ticker/date.,Relative strength versus the benchmark looked weak. 1-month excess return -4.21%; 3-month excess return -13.52%; 6-month excess return -9.35%.,"Model view: the forward return estimate was mildly positive at about 11.59%. Confidence was not explicitly available for this prediction. Technical state is mixed, with price not fully aligned across the major moving averages. RSI is in a steady zone near 56.2. MACD remains on the bullish side. Volatility is elevated at roughly 37.4%. No recent matched news was found for this ticker/date. Relative strength versus the benchmark looked weak. 1-month excess return -4.21%; 3-month excess return -13.52%; 6-month excess return -9.35%."
2022-03-30,IQV,11.93091230265328,,3.8820661608196527,hit,linear_regression,target_5d_return,regression,1,"Technical state is soft, with price below the 50-day and 200-day averages. RSI is in a steady zone near 53.9. MACD remains on the bullish side. Volatility is elevated at roughly 37.0%.",No recent matched news was found for this ticker/date.,Relative strength versus the benchmark looked weak. 1-month excess return -5.12%; 3-month excess return -14.09%; 6-month excess return -10.33%.,"Model view: the forward return estimate was mildly positive at about 11.93%. Confidence was not explicitly available for this prediction. Technical state is soft, with price below the 50-day and 200-day averages. RSI is in a steady zone near 53.9. MACD remains on the bullish side. Volatility is elevated at roughly 37.0%. No recent matched news was found for this ticker/date. Relative strength versus the benchmark looked weak. 1-month excess return -5.12%; 3-month excess return -14.09%; 6-month excess return -10.33%."
2022-03-31,IQV,14.299385307392566,,7.81540224934647,hit,linear_regression,target_5d_return,regression,1,"Technical state is soft, with price below the 50-day and 200-day averages. RSI is in a steady zone near 53.7. MACD remains on the bullish side. Volatility is elevated at roughly 36.9%.",No recent matched news was found for this ticker/date.,Relative strength versus the benchmark looked weak. 1-month excess return -3.62%; 3-month excess return -13.03%; 6-month excess return -8.74%.,"Model view: the forward return estimate was mildly positive at about 14.30%. Confidence was not explicitly available for this prediction. Technical state is soft, with price below the 50-day and 200-day averages. RSI is in a steady zone near 53.7. MACD remains on the bullish side. Volatility is elevated at roughly 36.9%. No recent matched news was found for this ticker/date. Relative strength versus the benchmark looked weak. 1-month excess return -3.62%; 3-month excess return -13.03%; 6-month excess return -8.74%."
2022-04-01,IQV,11.803546940166223,,4.9852256873407885,hit,linear_regression,target_5d_return,regression,1,"Technical state is mixed, with price not fully aligned across the major moving averages. RSI is in a steady zone near 61.1. MACD remains on the bullish side. Volatility is elevated at roughly 38.0%.",No recent matched news was found for this ticker/date.,Relative strength versus the benchmark looked weak. 1-month excess return -0.96%; 3-month excess return -10.19%; 6-month excess return -4.82%.,"Model view: the forward return estimate was mildly positive at about 11.80%. Confidence was not explicitly available for this prediction. Technical state is mixed, with price not fully aligned across the major moving averages. RSI is in a steady zone near 61.1. MACD remains on the bullish side. Volatility is elevated at roughly 38.0%. No recent matched news was found for this ticker/date. Relative strength versus the benchmark looked weak. 1-month excess return -0.96%; 3-month excess return -10.19%; 6-month excess return -4.82%."
2022-04-04,IQV,10.486549596736651,,1.8784049172071438,hit,linear_regression,target_5d_return,regression,1,"Technical state is mixed, with price not fully aligned across the major moving averages. RSI is in a steady zone near 59.1. MACD remains on the bullish side. Volatility is elevated at roughly 33.7%.",No recent matched news was found for this ticker/date.,Relative strength versus the benchmark looked weak. 1-month excess return -0.60%; 3-month excess return -8.41%; 6-month excess return -6.53%.,"Model view: the forward return estimate was mildly positive at about 10.49%. Confidence was not explicitly available for this prediction. Technical state is mixed, with price not fully aligned across the major moving averages. RSI is in a steady zone near 59.1. MACD remains on the bullish side. Volatility is elevated at roughly 33.7%. No recent matched news was found for this ticker/date. Relative strength versus the benchmark looked weak. 1-month excess return -0.60%; 3-month excess return -8.41%; 6-month excess return -6.53%."
2022-04-05,IQV,8.228370140392313,,-0.2894791238628125,miss,linear_regression,target_5d_return,regression,1,"Technical state is mixed, with price not fully aligned across the major moving averages. RSI is in a steady zone near 58.9. MACD remains on the bullish side. Volatility is elevated at roughly 31.4%.",No recent matched news was found for this ticker/date.,Relative strength versus the benchmark looked weak. 1-month excess return 2.48%; 3-month excess return -5.56%; 6-month excess return -4.59%.,"Model view: the forward return estimate was mildly positive at about 8.23%. Confidence was not explicitly available for this prediction. Technical state is mixed, with price not fully aligned across the major moving averages. RSI is in a steady zone near 58.9. MACD remains on the bullish side. Volatility is elevated at roughly 31.4%. No recent matched news was found for this ticker/date. Relative strength versus the benchmark looked weak. 1-month excess return 2.48%; 3-month excess return -5.56%; 6-month excess return -4.59%."
2022-04-06,IQV,8.637812677547188,,-0.41198729945535195,miss,linear_regression,target_5d_return,regression,1,"Technical state is mixed, with price not fully aligned across the major moving averages. RSI is in a steady zone near 60.5. MACD remains on the bullish side.",No recent matched news was found for this ticker/date.,Relative strength versus the benchmark looked weak. 1-month excess return 6.87%; 3-month excess return -3.46%; 6-month excess return -2.29%.,"Model view: the forward return estimate was mildly positive at about 8.64%. Confidence was not explicitly available for this prediction. Technical state is mixed, with price not fully aligned across the major moving averages. RSI is in a steady zone near 60.5. MACD remains on the bullish side. No recent matched news was found for this ticker/date. Relative strength versus the benchmark looked weak. 1-month excess return 6.87%; 3-month excess return -3.46%; 6-month excess return -2.29%."
2022-04-07,IQV,6.08237761527783,,-4.332478780746351,miss,linear_regression,target_5d_return,regression,1,"Technical state is mixed, with price not fully aligned across the major moving averages. MACD remains on the bullish side. Volatility is elevated at roughly 30.3%.",No recent matched news was found for this ticker/date.,Relative strength versus the benchmark looked weak. 1-month excess return 8.72%; 3-month excess return -0.96%; 6-month excess return -0.06%.,"Model view: the forward return estimate was mildly positive at about 6.08%. Confidence was not explicitly available for this prediction. Technical state is mixed, with price not fully aligned across the major moving averages. MACD remains on the bullish side. Volatility is elevated at roughly 30.3%. No recent matched news was found for this ticker/date. Relative strength versus the benchmark looked weak. 1-month excess return 8.72%; 3-month excess return -0.96%; 6-month excess return -0.06%."
2022-04-08,IQV,4.091394406701203,,-7.095007480611104,miss,linear_regression,target_5d_return,regression,1,"Technical state is constructive, with price above the 50-day and 200-day averages. MACD remains on the bullish side.",No recent matched news was found for this ticker/date.,Relative strength versus the benchmark looked favorable. 1-month excess return 11.08%; 3-month excess return 2.18%; 6-month excess return 1.91%.,"Model view: the forward return estimate was mildly positive at about 4.09%. Confidence was not explicitly available for this prediction. Technical state is constructive, with price above the 50-day and 200-day averages. MACD remains on the bullish side. No recent matched news was found for this ticker/date. Relative strength versus the benchmark looked favorable. 1-month excess return 11.08%; 3-month excess return 2.18%; 6-month excess return 1.91%."
2022-04-11,IQV,5.405975848717996,,-2.103054037453178,miss,linear_regression,target_5d_return,regression,1,"Technical state is mixed, with price not fully aligned across the major moving averages. RSI is in a steady zone near 58.1. MACD remains on the bullish side. Volatility is elevated at roughly 32.6%.",No recent matched news was found for this ticker/date.,Relative strength versus the benchmark looked weak. 1-month excess return 9.03%; 3-month excess return -0.02%; 6-month excess return -0.09%.,"Model view: the forward return estimate was mildly positive at about 5.41%. Confidence was not explicitly available for this prediction. Technical state is mixed, with price not fully aligned across the major moving averages. RSI is in a steady zone near 58.1. MACD remains on the bullish side. Volatility is elevated at roughly 32.6%. No recent matched news was found for this ticker/date. Relative strength versus the benchmark looked weak. 1-month excess return 9.03%; 3-month excess return -0.02%; 6-month excess return -0.09%."
2022-04-12,IQV,6.248679698875957,,2.1458350413628313,hit,linear_regression,target_5d_return,regression,1,"Technical state is mixed, with price not fully aligned across the major moving averages. RSI is in a steady zone near 53.0. MACD remains on the bullish side. Volatility is elevated at roughly 33.9%.",No recent matched news was found for this ticker/date.,Relative strength versus the benchmark looked weak. 1-month excess return 7.48%; 3-month excess return -2.01%; 6-month excess return -1.34%.,"Model view: the forward return estimate was mildly positive at about 6.25%. Confidence was not explicitly available for this prediction. Technical state is mixed, with price not fully aligned across the major moving averages. RSI is in a steady zone near 53.0. MACD remains on the bullish side. Volatility is elevated at roughly 33.9%. No recent matched news was found for this ticker/date. Relative strength versus the benchmark looked weak. 1-month excess return 7.48%; 3-month excess return -2.01%; 6-month excess return -1.34%."
2022-04-13,IQV,5.944302753433532,,-1.312105395379326,miss,linear_regression,target_5d_return,regression,1,"Technical state is mixed, with price not fully aligned across the major moving averages. RSI is in a steady zone near 54.3. MACD remains on the bullish side. Volatility is elevated at roughly 33.1%.",No recent matched news was found for this ticker/date.,Relative strength versus the benchmark looked weak. 1-month excess return 7.29%; 3-month excess return -2.35%; 6-month excess return -2.77%.,"Model view: the forward return estimate was mildly positive at about 5.94%. Confidence was not explicitly available for this prediction. Technical state is mixed, with price not fully aligned across the major moving averages. RSI is in a steady zone near 54.3. MACD remains on the bullish side. Volatility is elevated at roughly 33.1%. No recent matched news was found for this ticker/date. Relative strength versus the benchmark looked weak. 1-month excess return 7.29%; 3-month excess return -2.35%; 6-month excess return -2.77%."
2022-04-14,IQV,6.838519002148192,,-4.327403660816975,miss,linear_regression,target_5d_return,regression,1,"Technical state is mixed, with price not fully aligned across the major moving averages. RSI is in a steady zone near 53.5. MACD remains on the bullish side. Volatility is elevated at roughly 33.1%.",No recent matched news was found for this ticker/date.,Relative strength versus the benchmark looked mixed. 1-month excess return 7.77%; 3-month excess return 0.36%; 6-month excess return -2.34%.,"Model view: the forward return estimate was mildly positive at about 6.84%. Confidence was not explicitly available for this prediction. Technical state is mixed, with price not fully aligned across the major moving averages. RSI is in a steady zone near 53.5. MACD remains on the bullish side. Volatility is elevated at roughly 33.1%. No recent matched news was found for this ticker/date. Relative strength versus the benchmark looked mixed. 1-month excess return 7.77%; 3-month excess return 0.36%; 6-month excess return -2.34%."
2022-04-18,IQV,6.639199304578962,,-6.199069421533765,miss,linear_regression,target_5d_return,regression,1,"Technical state is mixed, with price not fully aligned across the major moving averages. MACD remains on the bullish side. Volatility is elevated at roughly 33.2%.",No recent matched news was found for this ticker/date.,Relative strength versus the benchmark looked mixed. 1-month excess return 5.69%; 3-month excess return 0.53%; 6-month excess return -4.02%.,"Model view: the forward return estimate was mildly positive at about 6.64%. Confidence was not explicitly available for this prediction. Technical state is mixed, with price not fully aligned across the major moving averages. MACD remains on the bullish side. Volatility is elevated at roughly 33.2%. No recent matched news was found for this ticker/date. Relative strength versus the benchmark looked mixed. 1-month excess return 5.69%; 3-month excess return 0.53%; 6-month excess return -4.02%."
2022-04-19,IQV,5.99284598780246,,-13.091184272445632,miss,linear_regression,target_5d_return,regression,1,"Technical state is mixed, with price not fully aligned across the major moving averages. RSI is in a steady zone near 52.7. MACD remains on the bearish side. Volatility is elevated at roughly 33.5%.",No recent matched news was found for this ticker/date.,Relative strength versus the benchmark looked mixed. 1-month excess return 4.70%; 3-month excess return 0.72%; 6-month excess return -3.74%.,"Model view: the forward return estimate was mildly positive at about 5.99%. Confidence was not explicitly available for this prediction. Technical state is mixed, with price not fully aligned across the major moving averages. RSI is in a steady zone near 52.7. MACD remains on the bearish side. Volatility is elevated at roughly 33.5%. No recent matched news was found for this ticker/date. Relative strength versus the benchmark looked mixed. 1-month excess return 4.70%; 3-month excess return 0.72%; 6-month excess return -3.74%."
2022-04-20,IQV,6.420183805593213,,-13.3995132046002,miss,linear_regression,target_5d_return,regression,1,"Technical state is mixed, with price not fully aligned across the major moving averages. RSI is in a steady zone near 56.9. MACD remains on the bearish side. Volatility is elevated at roughly 34.1%.",No recent matched news was found for this ticker/date.,Relative strength versus the benchmark looked favorable. 1-month excess return 7.25%; 3-month excess return 2.63%; 6-month excess return -1.14%.,"Model view: the forward return estimate was mildly positive at about 6.42%. Confidence was not explicitly available for this prediction. Technical state is mixed, with price not fully aligned across the major moving averages. RSI is in a steady zone near 56.9. MACD remains on the bearish side. Volatility is elevated at roughly 34.1%. No recent matched news was found for this ticker/date. Relative strength versus the benchmark looked favorable. 1-month excess return 7.25%; 3-month excess return 2.63%; 6-month excess return -1.14%."
2022-04-21,IQV,11.592769074279932,,-7.100819072058606,miss,linear_regression,target_5d_return,regression,1,"Technical state is mixed, with price not fully aligned across the major moving averages. RSI is in a steady zone near 50.4. MACD remains on the bearish side. Volatility is elevated at roughly 32.6%.",No recent matched news was found for this ticker/date.,Relative strength versus the benchmark looked weak. 1-month excess return 6.06%; 3-month excess return -1.39%; 6-month excess return -2.90%.,"Model view: the forward return estimate was mildly positive at about 11.59%. Confidence was not explicitly available for this prediction. Technical state is mixed, with price not fully aligned across the major moving averages. RSI is in a steady zone near 50.4. MACD remains on the bearish side. Volatility is elevated at roughly 32.6%. No recent matched news was found for this ticker/date. Relative strength versus the benchmark looked weak. 1-month excess return 6.06%; 3-month excess return -1.39%; 6-month excess return -2.90%."
2022-04-22,IQV,11.932237073127672,,-4.457397442895572,miss,linear_regression,target_5d_return,regression,1,"Technical state is soft, with price below the 50-day and 200-day averages. MACD remains on the bearish side. Volatility is elevated at roughly 34.6%.",No recent matched news was found for this ticker/date.,Relative strength versus the benchmark looked weak. 1-month excess return 7.88%; 3-month excess return -2.57%; 6-month excess return -4.39%.,"Model view: the forward return estimate was mildly positive at about 11.93%. Confidence was not explicitly available for this prediction. Technical state is soft, with price below the 50-day and 200-day averages. MACD remains on the bearish side. Volatility is elevated at roughly 34.6%. No recent matched news was found for this ticker/date. Relative strength versus the benchmark looked weak. 1-month excess return 7.88%; 3-month excess return -2.57%; 6-month excess return -4.39%."
2022-04-25,IQV,12.795562985356476,,-1.2735390903232724,miss,linear_regression,target_5d_return,regression,1,"Technical state is soft, with price below the 50-day and 200-day averages. RSI is weak near 38.3. MACD remains on the bearish side. Volatility is elevated at roughly 37.0%.",No recent matched news was found for this ticker/date.,Relative strength versus the benchmark looked weak. 1-month excess return 2.76%; 3-month excess return -7.17%; 6-month excess return -8.94%.,"Model view: the forward return estimate was mildly positive at about 12.80%. Confidence was not explicitly available for this prediction. Technical state is soft, with price below the 50-day and 200-day averages. RSI is weak near 38.3. MACD remains on the bearish side. Volatility is elevated at roughly 37.0%. No recent matched news was found for this ticker/date. Relative strength versus the benchmark looked weak. 1-month excess return 2.76%; 3-month excess return -7.17%; 6-month excess return -8.94%."
2022-04-26,IQV,16.498800575987833,,4.097132199367048,hit,linear_regression,target_5d_return,regression,1,"Technical state is soft, with price below the 50-day and 200-day averages. RSI is weak near 31.6. MACD remains on the bearish side. Volatility is elevated at roughly 42.3%.",No recent matched news was found for this ticker/date.,Relative strength versus the benchmark looked weak. 1-month excess return 0.05%; 3-month excess return -8.25%; 6-month excess return -10.99%.,"Model view: the forward return estimate was mildly positive at about 16.50%. Confidence was not explicitly available for this prediction. Technical state is soft, with price below the 50-day and 200-day averages. RSI is weak near 31.6. MACD remains on the bearish side. Volatility is elevated at roughly 42.3%. No recent matched news was found for this ticker/date. Relative strength versus the benchmark looked weak. 1-month excess return 0.05%; 3-month excess return -8.25%; 6-month excess return -10.99%."
2022-04-27,IQV,19.608281601474193,,5.9693623787394845,hit,linear_regression,target_5d_return,regression,1,"Technical state is soft, with price below the 50-day and 200-day averages. RSI is weak near 34.9. MACD remains on the bearish side. Volatility is elevated at roughly 41.1%.",No recent matched news was found for this ticker/date.,Relative strength versus the benchmark looked weak. 1-month excess return 1.21%; 3-month excess return -5.86%; 6-month excess return -9.41%.,"Model view: the forward return estimate was mildly positive at about 19.61%. Confidence was not explicitly available for this prediction. Technical state is soft, with price below the 50-day and 200-day averages. RSI is weak near 34.9. MACD remains on the bearish side. Volatility is elevated at roughly 41.1%. No recent matched news was found for this ticker/date. Relative strength versus the benchmark looked weak. 1-month excess return 1.21%; 3-month excess return -5.86%; 6-month excess return -9.41%."
2022-04-28,IQV,17.72549402529886,,-1.8596110691737833,miss,linear_regression,target_5d_return,regression,1,"Technical state is soft, with price below the 50-day and 200-day averages. MACD remains on the bearish side. Volatility is elevated at roughly 44.5%.",No recent matched news was found for this ticker/date.,Relative strength versus the benchmark looked weak. 1-month excess return 1.27%; 3-month excess return -4.57%; 6-month excess return -7.92%.,"Model view: the forward return estimate was mildly positive at about 17.73%. Confidence was not explicitly available for this prediction. Technical state is soft, with price below the 50-day and 200-day averages. MACD remains on the bearish side. Volatility is elevated at roughly 44.5%. No recent matched news was found for this ticker/date. Relative strength versus the benchmark looked weak. 1-month excess return 1.27%; 3-month excess return -4.57%; 6-month excess return -7.92%."
2022-04-29,IQV,19.332092016046037,,-1.9129308976856163,miss,linear_regression,target_5d_return,regression,1,"Technical state is soft, with price below the 50-day and 200-day averages. MACD remains on the bearish side. Volatility is elevated at roughly 44.5%.",No recent matched news was found for this ticker/date.,Relative strength versus the benchmark looked weak. 1-month excess return 4.42%; 3-month excess return -1.94%; 6-month excess return -5.11%.,"Model view: the forward return estimate was mildly positive at about 19.33%. Confidence was not explicitly available for this prediction. Technical state is soft, with price below the 50-day and 200-day averages. MACD remains on the bearish side. Volatility is elevated at roughly 44.5%. No recent matched news was found for this ticker/date. Relative strength versus the benchmark looked weak. 1-month excess return 4.42%; 3-month excess return -1.94%; 6-month excess return -5.11%."
2022-05-02,IQV,18.881654371848615,,-5.98451597737093,miss,linear_regression,target_5d_return,regression,1,"Technical state is soft, with price below the 50-day and 200-day averages. MACD remains on the bearish side. Volatility is elevated at roughly 41.6%.",No recent matched news was found for this ticker/date.,Relative strength versus the benchmark looked weak. 1-month excess return 2.09%; 3-month excess return -3.49%; 6-month excess return -7.24%.,"Model view: the forward return estimate was mildly positive at about 18.88%. Confidence was not explicitly available for this prediction. Technical state is soft, with price below the 50-day and 200-day averages. MACD remains on the bearish side. Volatility is elevated at roughly 41.6%. No recent matched news was found for this ticker/date. Relative strength versus the benchmark looked weak. 1-month excess return 2.09%; 3-month excess return -3.49%; 6-month excess return -7.24%."
2022-05-03,IQV,21.581892624089093,,-5.571556879370554,miss,linear_regression,target_5d_return,regression,1,"Technical state is soft, with price below the 50-day and 200-day averages. MACD remains on the bearish side. Volatility is elevated at roughly 41.7%.",No recent matched news was found for this ticker/date.,Relative strength versus the benchmark looked weak. 1-month excess return -2.38%; 3-month excess return -4.83%; 6-month excess return -7.35%.,"Model view: the forward return estimate was mildly positive at about 21.58%. Confidence was not explicitly available for this prediction. Technical state is soft, with price below the 50-day and 200-day averages. MACD remains on the bearish side. Volatility is elevated at roughly 41.7%. No recent matched news was found for this ticker/date. Relative strength versus the benchmark looked weak. 1-month excess return -2.38%; 3-month excess return -4.83%; 6-month excess return -7.35%."
2022-05-04,IQV,20.766554249120286,,-9.79845919032325,miss,linear_regression,target_5d_return,regression,1,"Technical state is soft, with price below the 50-day and 200-day averages. MACD remains on the bearish side. Volatility is elevated at roughly 44.0%.",No recent matched news was found for this ticker/date.,Relative strength versus the benchmark looked weak. 1-month excess return -0.51%; 3-month excess return -6.25%; 6-month excess return -6.44%.,"Model view: the forward return estimate was mildly positive at about 20.77%. Confidence was not explicitly available for this prediction. Technical state is soft, with price below the 50-day and 200-day averages. MACD remains on the bearish side. Volatility is elevated at roughly 44.0%. No recent matched news was found for this ticker/date. Relative strength versus the benchmark looked weak. 1-month excess return -0.51%; 3-month excess return -6.25%; 6-month excess return -6.44%."
2022-05-05,IQV,26.026999551552727,,-5.940000051023253,miss,linear_regression,target_5d_return,regression,1,"Technical state is soft, with price below the 50-day and 200-day averages. MACD remains on the bearish side. Volatility is elevated at roughly 45.1%.",No recent matched news was found for this ticker/date.,Relative strength versus the benchmark looked weak. 1-month excess return -1.43%; 3-month excess return -6.61%; 6-month excess return -4.48%.,"Model view: the forward return estimate was mildly positive at about 26.03%. Confidence was not explicitly available for this prediction. Technical state is soft, with price below the 50-day and 200-day averages. MACD remains on the bearish side. Volatility is elevated at roughly 45.1%. No recent matched news was found for this ticker/date. Relative strength versus the benchmark looked weak. 1-month excess return -1.43%; 3-month excess return -6.61%; 6-month excess return -4.48%."
2022-05-06,IQV,26.122435120575208,,-2.3898608340253147,miss,linear_regression,target_5d_return,regression,1,"Technical state is soft, with price below the 50-day and 200-day averages. MACD remains on the bearish side. Volatility is elevated at roughly 42.2%.",No recent matched news was found for this ticker/date.,Relative strength versus the benchmark looked weak. 1-month excess return -3.14%; 3-month excess return -6.09%; 6-month excess return -3.86%.,"Model view: the forward return estimate was mildly positive at about 26.12%. Confidence was not explicitly available for this prediction. Technical state is soft, with price below the 50-day and 200-day averages. MACD remains on the bearish side. Volatility is elevated at roughly 42.2%. No recent matched news was found for this ticker/date. Relative strength versus the benchmark looked weak. 1-month excess return -3.14%; 3-month excess return -6.09%; 6-month excess return -3.86%."
2022-05-09,IQV,29.39758073897938,,1.1662613508129027,hit,linear_regression,target_5d_return,regression,1,"Technical state is soft, with price below the 50-day and 200-day averages. RSI is weak near 35.4. MACD remains on the bearish side. Volatility is elevated at roughly 43.6%.",No recent matched news was found for this ticker/date.,Relative strength versus the benchmark looked weak. 1-month excess return -6.83%; 3-month excess return -6.01%; 6-month excess return -2.40%.,"Model view: the forward return estimate was mildly positive at about 29.40%. Confidence was not explicitly available for this prediction. Technical state is soft, with price below the 50-day and 200-day averages. RSI is weak near 35.4. MACD remains on the bearish side. Volatility is elevated at roughly 43.6%. No recent matched news was found for this ticker/date. Relative strength versus the benchmark looked weak. 1-month excess return -6.83%; 3-month excess return -6.01%; 6-month excess return -2.40%."
2022-05-10,IQV,30.796791095093308,,1.7125119888604212,hit,linear_regression,target_5d_return,regression,1,"Technical state is soft, with price below the 50-day and 200-day averages. RSI is weak near 34.9. MACD remains on the bearish side. Volatility is elevated at roughly 42.5%.",No recent matched news was found for this ticker/date.,Relative strength versus the benchmark looked weak. 1-month excess return -8.59%; 3-month excess return -6.36%; 6-month excess return -4.27%.,"Model view: the forward return estimate was mildly positive at about 30.80%. Confidence was not explicitly available for this prediction. Technical state is soft, with price below the 50-day and 200-day averages. RSI is weak near 34.9. MACD remains on the bearish side. Volatility is elevated at roughly 42.5%. No recent matched news was found for this ticker/date. Relative strength versus the benchmark looked weak. 1-month excess return -8.59%; 3-month excess return -6.36%; 6-month excess return -4.27%."
2022-05-11,IQV,32.42062346793724,,-1.8411684332293232,miss,linear_regression,target_5d_return,regression,1,"Technical state is soft, with price below the 50-day and 200-day averages. RSI is weak near 33.7. MACD remains on the bearish side. Volatility is elevated at roughly 42.2%.",No recent matched news was found for this ticker/date.,Relative strength versus the benchmark looked weak. 1-month excess return -6.54%; 3-month excess return -7.19%; 6-month excess return -4.18%.,"Model view: the forward return estimate was mildly positive at about 32.42%. Confidence was not explicitly available for this prediction. Technical state is soft, with price below the 50-day and 200-day averages. RSI is weak near 33.7. MACD remains on the bearish side. Volatility is elevated at roughly 42.2%. No recent matched news was found for this ticker/date. Relative strength versus the benchmark looked weak. 1-month excess return -6.54%; 3-month excess return -7.19%; 6-month excess return -4.18%."
2022-05-12,IQV,33.046061432783375,,-0.390062356635712,miss,linear_regression,target_5d_return,regression,1,"Technical state is soft, with price below the 50-day and 200-day averages. RSI is weak near 35.4. MACD remains on the bearish side. Volatility is elevated at roughly 42.3%.",No recent matched news was found for this ticker/date.,Relative strength versus the benchmark looked weak. 1-month excess return -4.29%; 3-month excess return -6.41%; 6-month excess return -4.28%.,"Model view: the forward return estimate was mildly positive at about 33.05%. Confidence was not explicitly available for this prediction. Technical state is soft, with price below the 50-day and 200-day averages. RSI is weak near 35.4. MACD remains on the bearish side. Volatility is elevated at roughly 42.3%. No recent matched news was found for this ticker/date. Relative strength versus the benchmark looked weak. 1-month excess return -4.29%; 3-month excess return -6.41%; 6-month excess return -4.28%."
2022-05-13,IQV,34.18017284539284,,-3.2964422698930296,miss,linear_regression,target_5d_return,regression,1,"Technical state is soft, with price below the 50-day and 200-day averages. MACD remains on the bearish side. Volatility is elevated at roughly 44.4%.",No recent matched news was found for this ticker/date.,Relative strength versus the benchmark looked weak. 1-month excess return -3.38%; 3-month excess return -5.73%; 6-month excess return -3.94%.,"Model view: the forward return estimate was mildly positive at about 34.18%. Confidence was not explicitly available for this prediction. Technical state is soft, with price below the 50-day and 200-day averages. MACD remains on the bearish side. Volatility is elevated at roughly 44.4%. No recent matched news was found for this ticker/date. Relative strength versus the benchmark looked weak. 1-month excess return -3.38%; 3-month excess return -5.73%; 6-month excess return -3.94%."
2022-05-16,IQV,34.45241250845112,,-1.4821979190248635,miss,linear_regression,target_5d_return,regression,1,"Technical state is soft, with price below the 50-day and 200-day averages. MACD remains on the bearish side. Volatility is elevated at roughly 44.3%.",No recent matched news was found for this ticker/date.,Relative strength versus the benchmark looked weak. 1-month excess return -4.82%; 3-month excess return -5.08%; 6-month excess return -4.57%.,"Model view: the forward return estimate was mildly positive at about 34.45%. Confidence was not explicitly available for this prediction. Technical state is soft, with price below the 50-day and 200-day averages. MACD remains on the bearish side. Volatility is elevated at roughly 44.3%. No recent matched news was found for this ticker/date. Relative strength versus the benchmark looked weak. 1-month excess return -4.82%; 3-month excess return -5.08%; 6-month excess return -4.57%."
2022-05-17,IQV,33.776238038087506,,-2.2739353102357085,miss,linear_regression,target_5d_return,regression,1,"Technical state is soft, with price below the 50-day and 200-day averages. MACD remains on the bearish side. Volatility is elevated at roughly 43.7%.",No recent matched news was found for this ticker/date.,Relative strength versus the benchmark looked weak. 1-month excess return -5.01%; 3-month excess return -1.09%; 6-month excess return -5.22%.,"Model view: the forward return estimate was mildly positive at about 33.78%. Confidence was not explicitly available for this prediction. Technical state is soft, with price below the 50-day and 200-day averages. MACD remains on the bearish side. Volatility is elevated at roughly 43.7%. No recent matched news was found for this ticker/date. Relative strength versus the benchmark looked weak. 1-month excess return -5.01%; 3-month excess return -1.09%; 6-month excess return -5.22%."
2022-05-18,IQV,37.25178481927946,,3.0822275171684677,hit,linear_regression,target_5d_return,regression,1,"Technical state is soft, with price below the 50-day and 200-day averages. RSI is weak near 34.3. MACD remains on the bearish side. Volatility is elevated at roughly 44.5%.",No recent matched news was found for this ticker/date.,Relative strength versus the benchmark looked weak. 1-month excess return -5.17%; 3-month excess return -2.80%; 6-month excess return -9.80%.,"Model view: the forward return estimate was mildly positive at about 37.25%. Confidence was not explicitly available for this prediction. Technical state is soft, with price below the 50-day and 200-day averages. RSI is weak near 34.3. MACD remains on the bearish side. Volatility is elevated at roughly 44.5%. No recent matched news was found for this ticker/date. Relative strength versus the benchmark looked weak. 1-month excess return -5.17%; 3-month excess return -2.80%; 6-month excess return -9.80%."
2022-05-19,IQV,37.30023105287121,,2.96916331479824,hit,linear_regression,target_5d_return,regression,1,"Technical state is soft, with price below the 50-day and 200-day averages. RSI is weak near 39.0. MACD remains on the bearish side. Volatility is elevated at roughly 45.5%.",No recent matched news was found for this ticker/date.,Relative strength versus the benchmark looked weak. 1-month excess return -4.48%; 3-month excess return 0.06%; 6-month excess return -6.88%.,"Model view: the forward return estimate was mildly positive at about 37.30%. Confidence was not explicitly available for this prediction. Technical state is soft, with price below the 50-day and 200-day averages. RSI is weak near 39.0. MACD remains on the bearish side. Volatility is elevated at roughly 45.5%. No recent matched news was found for this ticker/date. Relative strength versus the benchmark looked weak. 1-month excess return -4.48%; 3-month excess return 0.06%; 6-month excess return -6.88%."
2022-05-20,IQV,40.56056625878943,,9.250358222051336,hit,linear_regression,target_5d_return,regression,1,"Technical state is soft, with price below the 50-day and 200-day averages. RSI is weak near 39.1. MACD remains on the bearish side. Volatility is elevated at roughly 44.4%.",No recent matched news was found for this ticker/date.,Relative strength versus the benchmark looked weak. 1-month excess return -3.46%; 3-month excess return -1.25%; 6-month excess return -7.20%.,"Model view: the forward return estimate was mildly positive at about 40.56%. Confidence was not explicitly available for this prediction. Technical state is soft, with price below the 50-day and 200-day averages. RSI is weak near 39.1. MACD remains on the bearish side. Volatility is elevated at roughly 44.4%. No recent matched news was found for this ticker/date. Relative strength versus the benchmark looked weak. 1-month excess return -3.46%; 3-month excess return -1.25%; 6-month excess return -7.20%."
2022-05-23,IQV,40.84480422343853,,5.831162124953115,hit,linear_regression,target_5d_return,regression,1,"Technical state is soft, with price below the 50-day and 200-day averages. MACD remains on the bearish side. Volatility is elevated at roughly 43.2%.",No recent matched news was found for this ticker/date.,Relative strength versus the benchmark looked weak. 1-month excess return -4.00%; 3-month excess return -2.56%; 6-month excess return -8.79%.,"Model view: the forward return estimate was mildly positive at about 40.84%. Confidence was not explicitly available for this prediction. Technical state is soft, with price below the 50-day and 200-day averages. MACD remains on the bearish side. Volatility is elevated at roughly 43.2%. No recent matched news was found for this ticker/date. Relative strength versus the benchmark looked weak. 1-month excess return -4.00%; 3-month excess return -2.56%; 6-month excess return -8.79%."
2022-05-24,IQV,44.60048597146178,,4.019998463469676,hit,linear_regression,target_5d_return,regression,1,"Technical state is soft, with price below the 50-day and 200-day averages. RSI is weak near 39.7. MACD remains on the bullish side. Volatility is elevated at roughly 37.8%.",No recent matched news was found for this ticker/date.,Relative strength versus the benchmark looked weak. 1-month excess return -0.10%; 3-month excess return -2.85%; 6-month excess return -8.73%.,"Model view: the forward return estimate was mildly positive at about 44.60%. Confidence was not explicitly available for this prediction. Technical state is soft, with price below the 50-day and 200-day averages. RSI is weak near 39.7. MACD remains on the bullish side. Volatility is elevated at roughly 37.8%. No recent matched news was found for this ticker/date. Relative strength versus the benchmark looked weak. 1-month excess return -0.10%; 3-month excess return -2.85%; 6-month excess return -8.73%."
2022-05-25,IQV,42.553218653052895,,8.222681971981283,hit,linear_regression,target_5d_return,regression,1,"Technical state is soft, with price below the 50-day and 200-day averages. MACD remains on the bullish side. Volatility is elevated at roughly 37.3%.",No recent matched news was found for this ticker/date.,Relative strength versus the benchmark looked weak. 1-month excess return 2.89%; 3-month excess return -3.74%; 6-month excess return -8.18%.,"Model view: the forward return estimate was mildly positive at about 42.55%. Confidence was not explicitly available for this prediction. Technical state is soft, with price below the 50-day and 200-day averages. MACD remains on the bullish side. Volatility is elevated at roughly 37.3%. No recent matched news was found for this ticker/date. Relative strength versus the benchmark looked weak. 1-month excess return 2.89%; 3-month excess return -3.74%; 6-month excess return -8.18%."
2022-05-26,IQV,43.316067017414156,,5.63712846228821,hit,linear_regression,target_5d_return,regression,1,"Technical state is soft, with price below the 50-day and 200-day averages. MACD remains on the bullish side. Volatility is elevated at roughly 34.5%.",No recent matched news was found for this ticker/date.,Relative strength versus the benchmark looked weak. 1-month excess return 1.69%; 3-month excess return -3.79%; 6-month excess return -8.03%.,"Model view: the forward return estimate was mildly positive at about 43.32%. Confidence was not explicitly available for this prediction. Technical state is soft, with price below the 50-day and 200-day averages. MACD remains on the bullish side. Volatility is elevated at roughly 34.5%. No recent matched news was found for this ticker/date. Relative strength versus the benchmark looked weak. 1-month excess return 1.69%; 3-month excess return -3.79%; 6-month excess return -8.03%."
2022-05-27,IQV,39.15219777192223,,0.13151622953868625,hit,linear_regression,target_5d_return,regression,1,"Technical state is soft, with price below the 50-day and 200-day averages. RSI is in a steady zone near 57.6. MACD remains on the bullish side. Volatility is elevated at roughly 41.2%.",No recent matched news was found for this ticker/date.,Relative strength versus the benchmark looked mixed. 1-month excess return 3.39%; 3-month excess return 0.69%; 6-month excess return -6.30%.,"Model view: the forward return estimate was mildly positive at about 39.15%. Confidence was not explicitly available for this prediction. Technical state is soft, with price below the 50-day and 200-day averages. RSI is in a steady zone near 57.6. MACD remains on the bullish side. Volatility is elevated at roughly 41.2%. No recent matched news was found for this ticker/date. Relative strength versus the benchmark looked mixed. 1-month excess return 3.39%; 3-month excess return 0.69%; 6-month excess return -6.30%."
2022-05-31,IQV,41.70567884347401,,4.636467236951947,hit,linear_regression,target_5d_return,regression,1,"Technical state is soft, with price below the 50-day and 200-day averages. RSI is in a steady zone near 52.7. MACD remains on the bullish side. Volatility is elevated at roughly 42.1%.",No recent matched news was found for this ticker/date.,Relative strength versus the benchmark looked weak. 1-month excess return -1.52%; 3-month excess return -1.56%; 6-month excess return -8.16%.,"Model view: the forward return estimate was mildly positive at about 41.71%. Confidence was not explicitly available for this prediction. Technical state is soft, with price below the 50-day and 200-day averages. RSI is in a steady zone near 52.7. MACD remains on the bullish side. Volatility is elevated at roughly 42.1%. No recent matched news was found for this ticker/date. Relative strength versus the benchmark looked weak. 1-month excess return -1.52%; 3-month excess return -1.56%; 6-month excess return -8.16%."
2022-06-01,IQV,45.54723563250471,,5.044979331171051,hit,linear_regression,target_5d_return,regression,1,"Technical state is soft, with price below the 50-day and 200-day averages. MACD remains on the bullish side. Volatility is elevated at roughly 42.9%.",No recent matched news was found for this ticker/date.,Relative strength versus the benchmark looked weak. 1-month excess return -2.00%; 3-month excess return -3.10%; 6-month excess return -8.76%.,"Model view: the forward return estimate was mildly positive at about 45.55%. Confidence was not explicitly available for this prediction. Technical state is soft, with price below the 50-day and 200-day averages. MACD remains on the bullish side. Volatility is elevated at roughly 42.9%. No recent matched news was found for this ticker/date. Relative strength versus the benchmark looked weak. 1-month excess return -2.00%; 3-month excess return -3.10%; 6-month excess return -8.76%."
2022-06-02,IQV,44.6064733501079,,-1.5495790693178635,miss,linear_regression,target_5d_return,regression,1,"Technical state is soft, with price below the 50-day and 200-day averages. RSI is in a steady zone near 56.0. MACD remains on the bullish side. Volatility is elevated at roughly 44.4%.",No recent matched news was found for this ticker/date.,Relative strength versus the benchmark looked weak. 1-month excess return 2.02%; 3-month excess return -1.48%; 6-month excess return -7.73%.,"Model view: the forward return estimate was mildly positive at about 44.61%. Confidence was not explicitly available for this prediction. Technical state is soft, with price below the 50-day and 200-day averages. RSI is in a steady zone near 56.0. MACD remains on the bullish side. Volatility is elevated at roughly 44.4%. No recent matched news was found for this ticker/date. Relative strength versus the benchmark looked weak. 1-month excess return 2.02%; 3-month excess return -1.48%; 6-month excess return -7.73%."
2022-06-03,IQV,46.02137307451157,,-5.500367840836873,miss,linear_regression,target_5d_return,regression,1,"Technical state is soft, with price below the 50-day and 200-day averages. RSI is in a steady zone near 55.4. MACD remains on the bullish side. Volatility is elevated at roughly 42.7%.",No recent matched news was found for this ticker/date.,Relative strength versus the benchmark looked mixed. 1-month excess return 2.78%; 3-month excess return 1.68%; 6-month excess return -6.22%.,"Model view: the forward return estimate was mildly positive at about 46.02%. Confidence was not explicitly available for this prediction. Technical state is soft, with price below the 50-day and 200-day averages. RSI is in a steady zone near 55.4. MACD remains on the bullish side. Volatility is elevated at roughly 42.7%. No recent matched news was found for this ticker/date. Relative strength versus the benchmark looked mixed. 1-month excess return 2.78%; 3-month excess return 1.68%; 6-month excess return -6.22%."
2022-06-06,IQV,46.42623073397657,,-9.280307467477023,miss,linear_regression,target_5d_return,regression,1,"Technical state is soft, with price below the 50-day and 200-day averages. RSI is in a steady zone near 56.4. MACD remains on the bullish side. Volatility is elevated at roughly 42.6%.",No recent matched news was found for this ticker/date.,Relative strength versus the benchmark looked mixed. 1-month excess return 3.07%; 3-month excess return 3.76%; 6-month excess return -6.42%.,"Model view: the forward return estimate was mildly positive at about 46.43%. Confidence was not explicitly available for this prediction. Technical state is soft, with price below the 50-day and 200-day averages. RSI is in a steady zone near 56.4. MACD remains on the bullish side. Volatility is elevated at roughly 42.6%. No recent matched news was found for this ticker/date. Relative strength versus the benchmark looked mixed. 1-month excess return 3.07%; 3-month excess return 3.76%; 6-month excess return -6.42%."
2022-06-07,IQV,44.00974300329895,,-10.81116694340427,miss,linear_regression,target_5d_return,regression,1,"Technical state is mixed, with price not fully aligned across the major moving averages. RSI is in a steady zone near 59.6. MACD remains on the bullish side. Volatility is elevated at roughly 39.1%.",No recent matched news was found for this ticker/date.,Relative strength versus the benchmark looked mixed. 1-month excess return 4.26%; 3-month excess return 7.11%; 6-month excess return -4.99%.,"Model view: the forward return estimate was mildly positive at about 44.01%. Confidence was not explicitly available for this prediction. Technical state is mixed, with price not fully aligned across the major moving averages. RSI is in a steady zone near 59.6. MACD remains on the bullish side. Volatility is elevated at roughly 39.1%. No recent matched news was found for this ticker/date. Relative strength versus the benchmark looked mixed. 1-month excess return 4.26%; 3-month excess return 7.11%; 6-month excess return -4.99%."
2022-06-08,IQV,43.723613778178134,,-8.418287012759762,miss,linear_regression,target_5d_return,regression,1,"Technical state is soft, with price below the 50-day and 200-day averages. RSI is in a steady zone near 55.2. MACD remains on the bullish side. Volatility is elevated at roughly 40.0%.",No recent matched news was found for this ticker/date.,Relative strength versus the benchmark looked mixed. 1-month excess return 4.85%; 3-month excess return 4.48%; 6-month excess return -6.15%.,"Model view: the forward return estimate was mildly positive at about 43.72%. Confidence was not explicitly available for this prediction. Technical state is soft, with price below the 50-day and 200-day averages. RSI is in a steady zone near 55.2. MACD remains on the bullish side. Volatility is elevated at roughly 40.0%. No recent matched news was found for this ticker/date. Relative strength versus the benchmark looked mixed. 1-month excess return 4.85%; 3-month excess return 4.48%; 6-month excess return -6.15%."
2022-06-09,IQV,45.38910413863246,,-9.323792992070778,miss,linear_regression,target_5d_return,regression,1,"Technical state is soft, with price below the 50-day and 200-day averages. RSI is in a steady zone near 51.5. MACD remains on the bullish side. Volatility is elevated at roughly 40.5%.",No recent matched news was found for this ticker/date.,Relative strength versus the benchmark looked mixed. 1-month excess return 6.00%; 3-month excess return 5.50%; 6-month excess return -5.90%.,"Model view: the forward return estimate was mildly positive at about 45.39%. Confidence was not explicitly available for this prediction. Technical state is soft, with price below the 50-day and 200-day averages. RSI is in a steady zone near 51.5. MACD remains on the bullish side. Volatility is elevated at roughly 40.5%. No recent matched news was found for this ticker/date. Relative strength versus the benchmark looked mixed. 1-month excess return 6.00%; 3-month excess return 5.50%; 6-month excess return -5.90%."
2022-06-10,IQV,46.896981404081785,,-5.024834071610429,miss,linear_regression,target_5d_return,regression,1,"Technical state is soft, with price below the 50-day and 200-day averages. MACD remains on the bullish side. Volatility is elevated at roughly 43.7%.",No recent matched news was found for this ticker/date.,Relative strength versus the benchmark looked mixed. 1-month excess return 3.93%; 3-month excess return 4.30%; 6-month excess return -6.52%.,"Model view: the forward return estimate was mildly positive at about 46.90%. Confidence was not explicitly available for this prediction. Technical state is soft, with price below the 50-day and 200-day averages. MACD remains on the bullish side. Volatility is elevated at roughly 43.7%. No recent matched news was found for this ticker/date. Relative strength versus the benchmark looked mixed. 1-month excess return 3.93%; 3-month excess return 4.30%; 6-month excess return -6.52%."
2022-06-13,IQV,49.705179590203144,,-0.7638535975965643,miss,linear_regression,target_5d_return,regression,1,"Technical state is soft, with price below the 50-day and 200-day averages. RSI is weak near 39.5. MACD remains on the bearish side. Volatility is elevated at roughly 44.0%.",No recent matched news was found for this ticker/date.,Relative strength versus the benchmark looked mixed. 1-month excess return 3.39%; 3-month excess return 5.03%; 6-month excess return -5.48%.,"Model view: the forward return estimate was mildly positive at about 49.71%. Confidence was not explicitly available for this prediction. Technical state is soft, with price below the 50-day and 200-day averages. RSI is weak near 39.5. MACD remains on the bearish side. Volatility is elevated at roughly 44.0%. No recent matched news was found for this ticker/date. Relative strength versus the benchmark looked mixed. 1-month excess return 3.39%; 3-month excess return 5.03%; 6-month excess return -5.48%."
2022-06-14,IQV,52.383368781968215,,0.42811658176395984,hit,linear_regression,target_5d_return,regression,1,"Technical state is soft, with price below the 50-day and 200-day averages. MACD remains on the bearish side. Volatility is elevated at roughly 43.9%.",No recent matched news was found for this ticker/date.,Relative strength versus the benchmark looked mixed. 1-month excess return 3.17%; 3-month excess return 5.72%; 6-month excess return -5.62%.,"Model view: the forward return estimate was mildly positive at about 52.38%. Confidence was not explicitly available for this prediction. Technical state is soft, with price below the 50-day and 200-day averages. MACD remains on the bearish side. Volatility is elevated at roughly 43.9%. No recent matched news was found for this ticker/date. Relative strength versus the benchmark looked mixed. 1-month excess return 3.17%; 3-month excess return 5.72%; 6-month excess return -5.62%."
2022-06-15,IQV,54.991918339947155,,4.655413929651808,hit,linear_regression,target_5d_return,regression,1,"Technical state is soft, with price below the 50-day and 200-day averages. MACD remains on the bearish side. Volatility is elevated at roughly 44.0%.",No recent matched news was found for this ticker/date.,Relative strength versus the benchmark looked mixed. 1-month excess return 3.16%; 3-month excess return 4.75%; 6-month excess return -4.84%.,"Model view: the forward return estimate was mildly positive at about 54.99%. Confidence was not explicitly available for this prediction. Technical state is soft, with price below the 50-day and 200-day averages. MACD remains on the bearish side. Volatility is elevated at roughly 44.0%. No recent matched news was found for this ticker/date. Relative strength versus the benchmark looked mixed. 1-month excess return 3.16%; 3-month excess return 4.75%; 6-month excess return -4.84%."
2022-06-16,IQV,57.27143947108742,,8.831767051687333,hit,linear_regression,target_5d_return,regression,1,"Technical state is soft, with price below the 50-day and 200-day averages. RSI is weak near 37.5. MACD remains on the bearish side. Volatility is elevated at roughly 42.0%.",No recent matched news was found for this ticker/date.,Relative strength versus the benchmark looked mixed. 1-month excess return 5.21%; 3-month excess return 4.86%; 6-month excess return -4.62%.,"Model view: the forward return estimate was mildly positive at about 57.27%. Confidence was not explicitly available for this prediction. Technical state is soft, with price below the 50-day and 200-day averages. RSI is weak near 37.5. MACD remains on the bearish side. Volatility is elevated at roughly 42.0%. No recent matched news was found for this ticker/date. Relative strength versus the benchmark looked mixed. 1-month excess return 5.21%; 3-month excess return 4.86%; 6-month excess return -4.62%."
2022-06-17,IQV,57.860322611824486,,9.931453598211547,hit,linear_regression,target_5d_return,regression,1,"Technical state is soft, with price below the 50-day and 200-day averages. RSI is weak near 38.1. MACD remains on the bearish side. Volatility is elevated at roughly 41.2%.",No recent matched news was found for this ticker/date.,Relative strength versus the benchmark looked mixed. 1-month excess return 6.06%; 3-month excess return 4.06%; 6-month excess return -4.89%.,"Model view: the forward return estimate was mildly positive at about 57.86%. Confidence was not explicitly available for this prediction. Technical state is soft, with price below the 50-day and 200-day averages. RSI is weak near 38.1. MACD remains on the bearish side. Volatility is elevated at roughly 41.2%. No recent matched news was found for this ticker/date. Relative strength versus the benchmark looked mixed. 1-month excess return 6.06%; 3-month excess return 4.06%; 6-month excess return -4.89%."
2022-06-21,IQV,59.97306163050103,,6.761584822921063,hit,linear_regression,target_5d_return,regression,1,"Technical state is soft, with price below the 50-day and 200-day averages. MACD remains on the bearish side. Volatility is elevated at roughly 41.3%.",No recent matched news was found for this ticker/date.,Relative strength versus the benchmark looked mixed. 1-month excess return 1.80%; 3-month excess return 3.11%; 6-month excess return -7.26%.,"Model view: the forward return estimate was mildly positive at about 59.97%. Confidence was not explicitly available for this prediction. Technical state is soft, with price below the 50-day and 200-day averages. MACD remains on the bearish side. Volatility is elevated at roughly 41.3%. No recent matched news was found for this ticker/date. Relative strength versus the benchmark looked mixed. 1-month excess return 1.80%; 3-month excess return 3.11%; 6-month excess return -7.26%."
2022-06-22,IQV,61.94619662790407,,6.13165201762953,hit,linear_regression,target_5d_return,regression,1,"Technical state is soft, with price below the 50-day and 200-day averages. MACD remains on the bearish side. Volatility is elevated at roughly 41.6%.",No recent matched news was found for this ticker/date.,Relative strength versus the benchmark looked mixed. 1-month excess return 3.45%; 3-month excess return 4.80%; 6-month excess return -6.14%.,"Model view: the forward return estimate was mildly positive at about 61.95%. Confidence was not explicitly available for this prediction. Technical state is soft, with price below the 50-day and 200-day averages. MACD remains on the bearish side. Volatility is elevated at roughly 41.6%. No recent matched news was found for this ticker/date. Relative strength versus the benchmark looked mixed. 1-month excess return 3.45%; 3-month excess return 4.80%; 6-month excess return -6.14%."
2022-06-23,IQV,60.70791986185926,,2.5763507516328055,hit,linear_regression,target_5d_return,regression,1,"Technical state is soft, with price below the 50-day and 200-day averages. RSI is in a steady zone near 52.6. MACD remains on the bearish side. Volatility is elevated at roughly 44.9%.",No recent matched news was found for this ticker/date.,Relative strength versus the benchmark looked mixed. 1-month excess return 8.31%; 3-month excess return 10.73%; 6-month excess return -3.27%.,"Model view: the forward return estimate was mildly positive at about 60.71%. Confidence was not explicitly available for this prediction. Technical state is soft, with price below the 50-day and 200-day averages. RSI is in a steady zone near 52.6. MACD remains on the bearish side. Volatility is elevated at roughly 44.9%. No recent matched news was found for this ticker/date. Relative strength versus the benchmark looked mixed. 1-month excess return 8.31%; 3-month excess return 10.73%; 6-month excess return -3.27%."
2022-06-24,IQV,60.99143219083423,,0.584658551055961,hit,linear_regression,target_5d_return,regression,1,"Technical state is mixed, with price not fully aligned across the major moving averages. RSI is in a steady zone near 54.4. MACD remains on the bullish side. Volatility is elevated at roughly 45.0%.",No recent matched news was found for this ticker/date.,Relative strength versus the benchmark looked mixed. 1-month excess return 6.45%; 3-month excess return 8.23%; 6-month excess return -6.47%.,"Model view: the forward return estimate was mildly positive at about 60.99%. Confidence was not explicitly available for this prediction. Technical state is mixed, with price not fully aligned across the major moving averages. RSI is in a steady zone near 54.4. MACD remains on the bullish side. Volatility is elevated at roughly 45.0%. No recent matched news was found for this ticker/date. Relative strength versus the benchmark looked mixed. 1-month excess return 6.45%; 3-month excess return 8.23%; 6-month excess return -6.47%."
2022-06-27,IQV,64.31290250306178,,-0.5542455215407194,miss,linear_regression,target_5d_return,regression,1,"Technical state is mixed, with price not fully aligned across the major moving averages. RSI is in a steady zone near 56.6. MACD remains on the bullish side. Volatility is elevated at roughly 44.6%.",No recent matched news was found for this ticker/date.,Relative strength versus the benchmark looked mixed. 1-month excess return 8.27%; 3-month excess return 10.14%; 6-month excess return -5.02%.,"Model view: the forward return estimate was mildly positive at about 64.31%. Confidence was not explicitly available for this prediction. Technical state is mixed, with price not fully aligned across the major moving averages. RSI is in a steady zone near 56.6. MACD remains on the bullish side. Volatility is elevated at roughly 44.6%. No recent matched news was found for this ticker/date. Relative strength versus the benchmark looked mixed. 1-month excess return 8.27%; 3-month excess return 10.14%; 6-month excess return -5.02%."
2022-06-28,IQV,70.04335563874264,,1.7859635107796867,hit,linear_regression,target_5d_return,regression,1,"Technical state is soft, with price below the 50-day and 200-day averages. RSI is in a steady zone near 52.3. MACD remains on the bullish side. Volatility is elevated at roughly 39.4%.",No recent matched news was found for this ticker/date.,Relative strength versus the benchmark looked mixed. 1-month excess return 7.95%; 3-month excess return 9.86%; 6-month excess return -4.73%.,"Model view: the forward return estimate was mildly positive at about 70.04%. Confidence was not explicitly available for this prediction. Technical state is soft, with price below the 50-day and 200-day averages. RSI is in a steady zone near 52.3. MACD remains on the bullish side. Volatility is elevated at roughly 39.4%. No recent matched news was found for this ticker/date. Relative strength versus the benchmark looked mixed. 1-month excess return 7.95%; 3-month excess return 9.86%; 6-month excess return -4.73%."
2022-06-29,IQV,71.69577426504289,,2.2138178878389647,hit,linear_regression,target_5d_return,regression,1,"Technical state is mixed, with price not fully aligned across the major moving averages. RSI is in a steady zone near 54.0. MACD remains on the bullish side. Volatility is elevated at roughly 38.6%.",No recent matched news was found for this ticker/date.,Relative strength versus the benchmark looked mixed. 1-month excess return 5.53%; 3-month excess return 9.25%; 6-month excess return -3.44%.,"Model view: the forward return estimate was mildly positive at about 71.70%. Confidence was not explicitly available for this prediction. Technical state is mixed, with price not fully aligned across the major moving averages. RSI is in a steady zone near 54.0. MACD remains on the bullish side. Volatility is elevated at roughly 38.6%. No recent matched news was found for this ticker/date. Relative strength versus the benchmark looked mixed. 1-month excess return 5.53%; 3-month excess return 9.25%; 6-month excess return -3.44%."
2022-06-30,IQV,71.07971333797403,,1.082994969922968,hit,linear_regression,target_5d_return,regression,1,"Technical state is mixed, with price not fully aligned across the major moving averages. RSI is in a steady zone near 56.4. MACD remains on the bullish side. Volatility is elevated at roughly 37.9%.",No recent matched news was found for this ticker/date.,Relative strength versus the benchmark looked favorable. 1-month excess return 9.45%; 3-month excess return 11.54%; 6-month excess return -2.13%.,"Model view: the forward return estimate was mildly positive at about 71.08%. Confidence was not explicitly available for this prediction. Technical state is mixed, with price not fully aligned across the major moving averages. RSI is in a steady zone near 56.4. MACD remains on the bullish side. Volatility is elevated at roughly 37.9%. No recent matched news was found for this ticker/date. Relative strength versus the benchmark looked favorable. 1-month excess return 9.45%; 3-month excess return 11.54%; 6-month excess return -2.13%."
2022-07-01,IQV,77.46489664252691,,1.0927648506756649,hit,linear_regression,target_5d_return,regression,1,"Technical state is mixed, with price not fully aligned across the major moving averages. RSI is in a steady zone near 54.3. MACD remains on the bullish side. Volatility is elevated at roughly 34.0%.",No recent matched news was found for this ticker/date.,Relative strength versus the benchmark looked mixed. 1-month excess return 9.27%; 3-month excess return 8.60%; 6-month excess return -3.96%.,"Model view: the forward return estimate was mildly positive at about 77.46%. Confidence was not explicitly available for this prediction. Technical state is mixed, with price not fully aligned across the major moving averages. RSI is in a steady zone near 54.3. MACD remains on the bullish side. Volatility is elevated at roughly 34.0%. No recent matched news was found for this ticker/date. Relative strength versus the benchmark looked mixed. 1-month excess return 9.27%; 3-month excess return 8.60%; 6-month excess return -3.96%."
2022-07-05,IQV,80.74833396524141,,-0.8267144115370106,miss,linear_regression,target_5d_return,regression,1,"Technical state is mixed, with price not fully aligned across the major moving averages. RSI is in a steady zone near 54.6. MACD remains on the bullish side. Volatility is elevated at roughly 34.0%.",No recent matched news was found for this ticker/date.,Relative strength versus the benchmark looked mixed. 1-month excess return 6.34%; 3-month excess return 5.27%; 6-month excess return -4.10%.,"Model view: the forward return estimate was mildly positive at about 80.75%. Confidence was not explicitly available for this prediction. Technical state is mixed, with price not fully aligned across the major moving averages. RSI is in a steady zone near 54.6. MACD remains on the bullish side. Volatility is elevated at roughly 34.0%. No recent matched news was found for this ticker/date. Relative strength versus the benchmark looked mixed. 1-month excess return 6.34%; 3-month excess return 5.27%; 6-month excess return -4.10%."
2022-07-06,IQV,82.14104754611138,,-1.9305547078450558,miss,linear_regression,target_5d_return,regression,1,"Technical state is mixed, with price not fully aligned across the major moving averages. RSI is in a steady zone near 55.3. MACD remains on the bullish side. Volatility is elevated at roughly 33.9%.",No recent matched news was found for this ticker/date.,Relative strength versus the benchmark looked mixed. 1-month excess return 5.09%; 3-month excess return 6.65%; 6-month excess return -1.26%.,"Model view: the forward return estimate was mildly positive at about 82.14%. Confidence was not explicitly available for this prediction. Technical state is mixed, with price not fully aligned across the major moving averages. RSI is in a steady zone near 55.3. MACD remains on the bullish side. Volatility is elevated at roughly 33.9%. No recent matched news was found for this ticker/date. Relative strength versus the benchmark looked mixed. 1-month excess return 5.09%; 3-month excess return 6.65%; 6-month excess return -1.26%."
2022-07-07,IQV,83.68528882332367,,-3.130000416941081,miss,linear_regression,target_5d_return,regression,1,"Technical state is mixed, with price not fully aligned across the major moving averages. RSI is in a steady zone near 58.1. MACD remains on the bullish side. Volatility is elevated at roughly 33.4%.",No recent matched news was found for this ticker/date.,Relative strength versus the benchmark looked favorable. 1-month excess return 4.66%; 3-month excess return 5.60%; 6-month excess return 0.19%.,"Model view: the forward return estimate was mildly positive at about 83.69%. Confidence was not explicitly available for this prediction. Technical state is mixed, with price not fully aligned across the major moving averages. RSI is in a steady zone near 58.1. MACD remains on the bullish side. Volatility is elevated at roughly 33.4%. No recent matched news was found for this ticker/date. Relative strength versus the benchmark looked favorable. 1-month excess return 4.66%; 3-month excess return 5.60%; 6-month excess return 0.19%."
2022-07-08,IQV,87.67148949213949,,-0.11853492804633214,miss,linear_regression,target_5d_return,regression,1,"Technical state is mixed, with price not fully aligned across the major moving averages. RSI is in a steady zone near 58.6. MACD remains on the bullish side. Volatility is elevated at roughly 32.7%.",No recent matched news was found for this ticker/date.,Relative strength versus the benchmark looked favorable. 1-month excess return 3.90%; 3-month excess return 4.23%; 6-month excess return 0.88%.,"Model view: the forward return estimate was mildly positive at about 87.67%. Confidence was not explicitly available for this prediction. Technical state is mixed, with price not fully aligned across the major moving averages. RSI is in a steady zone near 58.6. MACD remains on the bullish side. Volatility is elevated at roughly 32.7%. No recent matched news was found for this ticker/date. Relative strength versus the benchmark looked favorable. 1-month excess return 3.90%; 3-month excess return 4.23%; 6-month excess return 0.88%."
2022-07-11,IQV,90.4065602334209,,-2.0837161483334032,miss,linear_regression,target_5d_return,regression,1,"Technical state is mixed, with price not fully aligned across the major moving averages. RSI is in a steady zone near 55.8. MACD remains on the bullish side. Volatility is elevated at roughly 32.1%.",No recent matched news was found for this ticker/date.,Relative strength versus the benchmark looked favorable. 1-month excess return 5.05%; 3-month excess return 1.58%; 6-month excess return 0.68%.,"Model view: the forward return estimate was mildly positive at about 90.41%. Confidence was not explicitly available for this prediction. Technical state is mixed, with price not fully aligned across the major moving averages. RSI is in a steady zone near 55.8. MACD remains on the bullish side. Volatility is elevated at roughly 32.1%. No recent matched news was found for this ticker/date. Relative strength versus the benchmark looked favorable. 1-month excess return 5.05%; 3-month excess return 1.58%; 6-month excess return 0.68%."
2022-07-12,IQV,94.06813825447547,,3.264178925935024,hit,linear_regression,target_5d_return,regression,1,"Technical state is mixed, with price not fully aligned across the major moving averages. RSI is in a steady zone near 50.7. MACD remains on the bullish side.",No recent matched news was found for this ticker/date.,Relative strength versus the benchmark looked mixed. 1-month excess return 3.74%; 3-month excess return -0.41%; 6-month excess return 1.45%.,"Model view: the forward return estimate was mildly positive at about 94.07%. Confidence was not explicitly available for this prediction. Technical state is mixed, with price not fully aligned across the major moving averages. RSI is in a steady zone near 50.7. MACD remains on the bullish side. No recent matched news was found for this ticker/date. Relative strength versus the benchmark looked mixed. 1-month excess return 3.74%; 3-month excess return -0.41%; 6-month excess return 1.45%."
2022-07-13,IQV,92.91332984529996,,4.140114335388367,hit,linear_regression,target_5d_return,regression,1,"Technical state is mixed, with price not fully aligned across the major moving averages. MACD remains on the bullish side.",No recent matched news was found for this ticker/date.,Relative strength versus the benchmark looked favorable. 1-month excess return 4.92%; 3-month excess return 1.04%; 6-month excess return 0.96%.,"Model view: the forward return estimate was mildly positive at about 92.91%. Confidence was not explicitly available for this prediction. Technical state is mixed, with price not fully aligned across the major moving averages. MACD remains on the bullish side. No recent matched news was found for this ticker/date. Relative strength versus the benchmark looked favorable. 1-month excess return 4.92%; 3-month excess return 1.04%; 6-month excess return 0.96%."
2022-07-14,IQV,91.7988442948967,,6.429247586232312,hit,linear_regression,target_5d_return,regression,1,"Technical state is mixed, with price not fully aligned across the major moving averages. MACD remains on the bullish side.",No recent matched news was found for this ticker/date.,Relative strength versus the benchmark looked favorable. 1-month excess return 4.98%; 3-month excess return 2.97%; 6-month excess return 0.98%.,"Model view: the forward return estimate was mildly positive at about 91.80%. Confidence was not explicitly available for this prediction. Technical state is mixed, with price not fully aligned across the major moving averages. MACD remains on the bullish side. No recent matched news was found for this ticker/date. Relative strength versus the benchmark looked favorable. 1-month excess return 4.98%; 3-month excess return 2.97%; 6-month excess return 0.98%."
2022-07-15,IQV,90.35442032258017,,1.2141700017697987,hit,linear_regression,target_5d_return,regression,1,"Technical state is mixed, with price not fully aligned across the major moving averages. RSI is in a steady zone near 57.3. MACD remains on the bullish side.",No recent matched news was found for this ticker/date.,Relative strength versus the benchmark looked favorable. 1-month excess return 6.03%; 3-month excess return 4.67%; 6-month excess return 2.24%.,"Model view: the forward return estimate was mildly positive at about 90.35%. Confidence was not explicitly available for this prediction. Technical state is mixed, with price not fully aligned across the major moving averages. RSI is in a steady zone near 57.3. MACD remains on the bullish side. No recent matched news was found for this ticker/date. Relative strength versus the benchmark looked favorable. 1-month excess return 6.03%; 3-month excess return 4.67%; 6-month excess return 2.24%."
2022-07-18,IQV,94.21516786120968,,4.110490064690908,hit,linear_regression,target_5d_return,regression,1,"Technical state is mixed, with price not fully aligned across the major moving averages. MACD remains on the bullish side.",No recent matched news was found for this ticker/date.,Relative strength versus the benchmark looked favorable. 1-month excess return 4.58%; 3-month excess return 2.04%; 6-month excess return 2.25%.,"Model view: the forward return estimate was mildly positive at about 94.22%. Confidence was not explicitly available for this prediction. Technical state is mixed, with price not fully aligned across the major moving averages. MACD remains on the bullish side. No recent matched news was found for this ticker/date. Relative strength versus the benchmark looked favorable. 1-month excess return 4.58%; 3-month excess return 2.04%; 6-month excess return 2.25%."
2022-07-19,IQV,89.8257440256558,,-0.3718854078089584,miss,linear_regression,target_5d_return,regression,1,"Technical state is mixed, with price not fully aligned across the major moving averages. RSI is in a steady zone near 57.2. MACD remains on the bullish side. Volatility is elevated at roughly 30.1%.",No recent matched news was found for this ticker/date.,Relative strength versus the benchmark looked favorable. 1-month excess return 5.26%; 3-month excess return 4.50%; 6-month excess return 4.74%.,"Model view: the forward return estimate was mildly positive at about 89.83%. Confidence was not explicitly available for this prediction. Technical state is mixed, with price not fully aligned across the major moving averages. RSI is in a steady zone near 57.2. MACD remains on the bullish side. Volatility is elevated at roughly 30.1%. No recent matched news was found for this ticker/date. Relative strength versus the benchmark looked favorable. 1-month excess return 5.26%; 3-month excess return 4.50%; 6-month excess return 4.74%."
2022-07-20,IQV,91.16408171739445,,2.053489870336267,hit,linear_regression,target_5d_return,regression,1,"Technical state is mixed, with price not fully aligned across the major moving averages. RSI is in a steady zone near 57.3. MACD remains on the bullish side. Volatility is elevated at roughly 30.2%.",No recent matched news was found for this ticker/date.,Relative strength versus the benchmark looked favorable. 1-month excess return 4.62%; 3-month excess return 4.01%; 6-month excess return 4.57%.,"Model view: the forward return estimate was mildly positive at about 91.16%. Confidence was not explicitly available for this prediction. Technical state is mixed, with price not fully aligned across the major moving averages. RSI is in a steady zone near 57.3. MACD remains on the bullish side. Volatility is elevated at roughly 30.2%. No recent matched news was found for this ticker/date. Relative strength versus the benchmark looked favorable. 1-month excess return 4.62%; 3-month excess return 4.01%; 6-month excess return 4.57%."
2022-07-21,IQV,91.32459296177815,,4.600447369318017,hit,linear_regression,target_5d_return,regression,1,"Technical state is mixed, with price not fully aligned across the major moving averages. RSI is in a steady zone near 61.8. MACD remains on the bullish side. Volatility is elevated at roughly 30.6%.",No recent matched news was found for this ticker/date.,Relative strength versus the benchmark looked favorable. 1-month excess return 7.63%; 3-month excess return 3.25%; 6-month excess return 5.64%.,"Model view: the forward return estimate was mildly positive at about 91.32%. Confidence was not explicitly available for this prediction. Technical state is mixed, with price not fully aligned across the major moving averages. RSI is in a steady zone near 61.8. MACD remains on the bullish side. Volatility is elevated at roughly 30.6%. No recent matched news was found for this ticker/date. Relative strength versus the benchmark looked favorable. 1-month excess return 7.63%; 3-month excess return 3.25%; 6-month excess return 5.64%."
2022-07-22,IQV,95.94365907415474,,8.356633138023506,hit,linear_regression,target_5d_return,regression,1,"Technical state is mixed, with price not fully aligned across the major moving averages. RSI is in a steady zone near 56.8. MACD remains on the bullish side.",No recent matched news was found for this ticker/date.,Relative strength versus the benchmark looked favorable. 1-month excess return 4.78%; 3-month excess return 3.68%; 6-month excess return 2.29%.,"Model view: the forward return estimate was mildly positive at about 95.94%. Confidence was not explicitly available for this prediction. Technical state is mixed, with price not fully aligned across the major moving averages. RSI is in a steady zone near 56.8. MACD remains on the bullish side. No recent matched news was found for this ticker/date. Relative strength versus the benchmark looked favorable. 1-month excess return 4.78%; 3-month excess return 3.68%; 6-month excess return 2.29%."
2022-07-25,IQV,96.87105319234581,,7.557982298096788,hit,linear_regression,target_5d_return,regression,1,"Technical state is mixed, with price not fully aligned across the major moving averages. RSI is in a steady zone near 56.7. MACD remains on the bullish side.",No recent matched news was found for this ticker/date.,Relative strength versus the benchmark looked favorable. 1-month excess return 0.62%; 3-month excess return 4.30%; 6-month excess return 1.68%.,"Model view: the forward return estimate was mildly positive at about 96.87%. Confidence was not explicitly available for this prediction. Technical state is mixed, with price not fully aligned across the major moving averages. RSI is in a steady zone near 56.7. MACD remains on the bullish side. No recent matched news was found for this ticker/date. Relative strength versus the benchmark looked favorable. 1-month excess return 0.62%; 3-month excess return 4.30%; 6-month excess return 1.68%."
2022-07-26,IQV,96.77720008751419,,6.250005209437437,hit,linear_regression,target_5d_return,regression,1,"Technical state is mixed, with price not fully aligned across the major moving averages. RSI is in a steady zone near 54.2. MACD remains on the bullish side.",No recent matched news was found for this ticker/date.,Relative strength versus the benchmark looked favorable. 1-month excess return 2.96%; 3-month excess return 8.69%; 6-month excess return 1.30%.,"Model view: the forward return estimate was mildly positive at about 96.78%. Confidence was not explicitly available for this prediction. Technical state is mixed, with price not fully aligned across the major moving averages. RSI is in a steady zone near 54.2. MACD remains on the bullish side. No recent matched news was found for this ticker/date. Relative strength versus the benchmark looked favorable. 1-month excess return 2.96%; 3-month excess return 8.69%; 6-month excess return 1.30%."
2022-07-27,IQV,94.43212604292681,,3.5890381805217864,hit,linear_regression,target_5d_return,regression,1,"Technical state is mixed, with price not fully aligned across the major moving averages. RSI is in a steady zone near 59.6. MACD remains on the bullish side.",No recent matched news was found for this ticker/date.,Relative strength versus the benchmark looked favorable. 1-month excess return 1.19%; 3-month excess return 12.53%; 6-month excess return 3.01%.,"Model view: the forward return estimate was mildly positive at about 94.43%. Confidence was not explicitly available for this prediction. Technical state is mixed, with price not fully aligned across the major moving averages. RSI is in a steady zone near 59.6. MACD remains on the bullish side. No recent matched news was found for this ticker/date. Relative strength versus the benchmark looked favorable. 1-month excess return 1.19%; 3-month excess return 12.53%; 6-month excess return 3.01%."
2022-07-28,IQV,92.3342506271823,,-0.7075963763462312,miss,linear_regression,target_5d_return,regression,1,"Technical state is mixed, with price not fully aligned across the major moving averages. MACD remains on the bullish side. Volatility is elevated at roughly 31.4%.",No recent matched news was found for this ticker/date.,Relative strength versus the benchmark looked favorable. 1-month excess return 4.83%; 3-month excess return 14.92%; 6-month excess return 7.78%.,"Model view: the forward return estimate was mildly positive at about 92.33%. Confidence was not explicitly available for this prediction. Technical state is mixed, with price not fully aligned across the major moving averages. MACD remains on the bullish side. Volatility is elevated at roughly 31.4%. No recent matched news was found for this ticker/date. Relative strength versus the benchmark looked favorable. 1-month excess return 4.83%; 3-month excess return 14.92%; 6-month excess return 7.78%."
2022-07-29,IQV,91.33452843567824,,-2.3015768431193684,miss,linear_regression,target_5d_return,regression,1,"Technical state is constructive, with price above the 50-day and 200-day averages. RSI is elevated near 70.3, so chasing strength may add risk. MACD remains on the bullish side. Volatility is elevated at roughly 31.6%.",No recent matched news was found for this ticker/date.,Relative strength versus the benchmark looked favorable. 1-month excess return 3.88%; 3-month excess return 13.16%; 6-month excess return 8.04%.,"Model view: the forward return estimate was mildly positive at about 91.33%. Confidence was not explicitly available for this prediction. Technical state is constructive, with price above the 50-day and 200-day averages. RSI is elevated near 70.3, so chasing strength may add risk. MACD remains on the bullish side. Volatility is elevated at roughly 31.6%. No recent matched news was found for this ticker/date. Relative strength versus the benchmark looked favorable. 1-month excess return 3.88%; 3-month excess return 13.16%; 6-month excess return 8.04%."
2022-08-01,IQV,94.59603577192114,,-1.9759162443085954,miss,linear_regression,target_5d_return,regression,1,"Technical state is constructive, with price above the 50-day and 200-day averages. MACD remains on the bullish side. Volatility is elevated at roughly 31.6%.",No recent matched news was found for this ticker/date.,Relative strength versus the benchmark looked favorable. 1-month excess return 0.98%; 3-month excess return 9.63%; 6-month excess return 6.85%.,"Model view: the forward return estimate was mildly positive at about 94.60%. Confidence was not explicitly available for this prediction. Technical state is constructive, with price above the 50-day and 200-day averages. MACD remains on the bullish side. Volatility is elevated at roughly 31.6%. No recent matched news was found for this ticker/date. Relative strength versus the benchmark looked favorable. 1-month excess return 0.98%; 3-month excess return 9.63%; 6-month excess return 6.85%."
2022-08-02,IQV,94.26109715694484,,-0.3470277819653034,miss,linear_regression,target_5d_return,regression,1,"Technical state is mixed, with price not fully aligned across the major moving averages. RSI is in a steady zone near 61.4. MACD remains on the bullish side. Volatility is elevated at roughly 32.9%.",No recent matched news was found for this ticker/date.,Relative strength versus the benchmark looked favorable. 1-month excess return 1.47%; 3-month excess return 9.07%; 6-month excess return 4.61%.,"Model view: the forward return estimate was mildly positive at about 94.26%. Confidence was not explicitly available for this prediction. Technical state is mixed, with price not fully aligned across the major moving averages. RSI is in a steady zone near 61.4. MACD remains on the bullish side. Volatility is elevated at roughly 32.9%. No recent matched news was found for this ticker/date. Relative strength versus the benchmark looked favorable. 1-month excess return 1.47%; 3-month excess return 9.07%; 6-month excess return 4.61%."
2022-08-03,IQV,94.9556956868788,,2.778609639803986,hit,linear_regression,target_5d_return,regression,1,"Technical state is mixed, with price not fully aligned across the major moving averages. RSI is in a steady zone near 61.2. MACD remains on the bullish side. Volatility is elevated at roughly 32.9%.",No recent matched news was found for this ticker/date.,Relative strength versus the benchmark looked mixed. 1-month excess return -0.23%; 3-month excess return 8.80%; 6-month excess return 2.86%.,"Model view: the forward return estimate was mildly positive at about 94.96%. Confidence was not explicitly available for this prediction. Technical state is mixed, with price not fully aligned across the major moving averages. RSI is in a steady zone near 61.2. MACD remains on the bullish side. Volatility is elevated at roughly 32.9%. No recent matched news was found for this ticker/date. Relative strength versus the benchmark looked mixed. 1-month excess return -0.23%; 3-month excess return 8.80%; 6-month excess return 2.86%."
2022-08-04,IQV,94.373002324421,,3.2687564145322145,hit,linear_regression,target_5d_return,regression,1,"Technical state is mixed, with price not fully aligned across the major moving averages. RSI is in a steady zone near 62.1. MACD remains on the bullish side. Volatility is elevated at roughly 32.8%.",No recent matched news was found for this ticker/date.,Relative strength versus the benchmark looked favorable. 1-month excess return 0.42%; 3-month excess return 8.63%; 6-month excess return 1.51%.,"Model view: the forward return estimate was mildly positive at about 94.37%. Confidence was not explicitly available for this prediction. Technical state is mixed, with price not fully aligned across the major moving averages. RSI is in a steady zone near 62.1. MACD remains on the bullish side. Volatility is elevated at roughly 32.8%. No recent matched news was found for this ticker/date. Relative strength versus the benchmark looked favorable. 1-month excess return 0.42%; 3-month excess return 8.63%; 6-month excess return 1.51%."
2022-08-05,IQV,96.32161368090702,,4.715852349995808,hit,linear_regression,target_5d_return,regression,1,"Technical state is mixed, with price not fully aligned across the major moving averages. RSI is in a steady zone near 62.5. MACD remains on the bullish side. Volatility is elevated at roughly 32.8%.",No recent matched news was found for this ticker/date.,Relative strength versus the benchmark looked favorable. 1-month excess return 0.97%; 3-month excess return 9.15%; 6-month excess return 1.28%.,"Model view: the forward return estimate was mildly positive at about 96.32%. Confidence was not explicitly available for this prediction. Technical state is mixed, with price not fully aligned across the major moving averages. RSI is in a steady zone near 62.5. MACD remains on the bullish side. Volatility is elevated at roughly 32.8%. No recent matched news was found for this ticker/date. Relative strength versus the benchmark looked favorable. 1-month excess return 0.97%; 3-month excess return 9.15%; 6-month excess return 1.28%."
2022-08-08,IQV,97.8103569769218,,6.248391087864258,hit,linear_regression,target_5d_return,regression,1,"Technical state is mixed, with price not fully aligned across the major moving averages. RSI is in a steady zone near 60.9. MACD remains on the bullish side. Volatility is elevated at roughly 32.6%.",No recent matched news was found for this ticker/date.,Relative strength versus the benchmark looked favorable. 1-month excess return 0.27%; 3-month excess return 8.87%; 6-month excess return 1.48%.,"Model view: the forward return estimate was mildly positive at about 97.81%. Confidence was not explicitly available for this prediction. Technical state is mixed, with price not fully aligned across the major moving averages. RSI is in a steady zone near 60.9. MACD remains on the bullish side. Volatility is elevated at roughly 32.6%. No recent matched news was found for this ticker/date. Relative strength versus the benchmark looked favorable. 1-month excess return 0.27%; 3-month excess return 8.87%; 6-month excess return 1.48%."
2022-08-09,IQV,98.97833978969157,,5.206362980473078,hit,linear_regression,target_5d_return,regression,1,"Technical state is mixed, with price not fully aligned across the major moving averages. RSI is in a steady zone near 59.3. MACD remains on the bullish side. Volatility is elevated at roughly 31.8%.",No recent matched news was found for this ticker/date.,Relative strength versus the benchmark looked favorable. 1-month excess return -0.05%; 3-month excess return 10.64%; 6-month excess return 2.61%.,"Model view: the forward return estimate was mildly positive at about 98.98%. Confidence was not explicitly available for this prediction. Technical state is mixed, with price not fully aligned across the major moving averages. RSI is in a steady zone near 59.3. MACD remains on the bullish side. Volatility is elevated at roughly 31.8%. No recent matched news was found for this ticker/date. Relative strength versus the benchmark looked favorable. 1-month excess return -0.05%; 3-month excess return 10.64%; 6-month excess return 2.61%."
2022-08-10,IQV,96.47032951884366,,0.38799810851877226,hit,linear_regression,target_5d_return,regression,1,"Technical state is constructive, with price above the 50-day and 200-day averages. MACD remains on the bullish side. Volatility is elevated at roughly 32.7%.",No recent matched news was found for this ticker/date.,Relative strength versus the benchmark looked favorable. 1-month excess return 1.95%; 3-month excess return 12.71%; 6-month excess return 3.75%.,"Model view: the forward return estimate was mildly positive at about 96.47%. Confidence was not explicitly available for this prediction. Technical state is constructive, with price above the 50-day and 200-day averages. MACD remains on the bullish side. Volatility is elevated at roughly 32.7%. No recent matched news was found for this ticker/date. Relative strength versus the benchmark looked favorable. 1-month excess return 1.95%; 3-month excess return 12.71%; 6-month excess return 3.75%."
2022-08-11,IQV,95.91251979800917,,-1.3140465602401896,miss,linear_regression,target_5d_return,regression,1,"Technical state is constructive, with price above the 50-day and 200-day averages. MACD remains on the bullish side. Volatility is elevated at roughly 32.6%.",No recent matched news was found for this ticker/date.,Relative strength versus the benchmark looked favorable. 1-month excess return 3.42%; 3-month excess return 13.46%; 6-month excess return 2.90%.,"Model view: the forward return estimate was mildly positive at about 95.91%. Confidence was not explicitly available for this prediction. Technical state is constructive, with price above the 50-day and 200-day averages. MACD remains on the bullish side. Volatility is elevated at roughly 32.6%. No recent matched news was found for this ticker/date. Relative strength versus the benchmark looked favorable. 1-month excess return 3.42%; 3-month excess return 13.46%; 6-month excess return 2.90%."
2022-08-12,IQV,97.38628123219037,,-2.762293378451497,miss,linear_regression,target_5d_return,regression,1,"Technical state is constructive, with price above the 50-day and 200-day averages. RSI is elevated near 70.3, so chasing strength may add risk. MACD remains on the bullish side. Volatility is elevated at roughly 31.3%.",No recent matched news was found for this ticker/date.,Relative strength versus the benchmark looked favorable. 1-month excess return 2.93%; 3-month excess return 12.49%; 6-month excess return 3.12%.,"Model view: the forward return estimate was mildly positive at about 97.39%. Confidence was not explicitly available for this prediction. Technical state is constructive, with price above the 50-day and 200-day averages. RSI is elevated near 70.3, so chasing strength may add risk. MACD remains on the bullish side. Volatility is elevated at roughly 31.3%. No recent matched news was found for this ticker/date. Relative strength versus the benchmark looked favorable. 1-month excess return 2.93%; 3-month excess return 12.49%; 6-month excess return 3.12%."
2022-08-15,IQV,99.18901496740949,,-6.722785608600191,miss,linear_regression,target_5d_return,regression,1,"Technical state is constructive, with price above the 50-day and 200-day averages. RSI is elevated near 72.0, so chasing strength may add risk. MACD remains on the bullish side.",No recent matched news was found for this ticker/date.,Relative strength versus the benchmark looked favorable. 1-month excess return 1.92%; 3-month excess return 12.13%; 6-month excess return 4.24%.,"Model view: the forward return estimate was mildly positive at about 99.19%. Confidence was not explicitly available for this prediction. Technical state is constructive, with price above the 50-day and 200-day averages. RSI is elevated near 72.0, so chasing strength may add risk. MACD remains on the bullish side. No recent matched news was found for this ticker/date. Relative strength versus the benchmark looked favorable. 1-month excess return 1.92%; 3-month excess return 12.13%; 6-month excess return 4.24%."
2022-08-16,IQV,101.51966216603796,,-6.321768949478135,miss,linear_regression,target_5d_return,regression,1,"Technical state is constructive, with price above the 50-day and 200-day averages. MACD remains on the bullish side.",No recent matched news was found for this ticker/date.,Relative strength versus the benchmark looked favorable. 1-month excess return 2.44%; 3-month excess return 11.14%; 6-month excess return 4.13%.,"Model view: the forward return estimate was mildly positive at about 101.52%. Confidence was not explicitly available for this prediction. Technical state is constructive, with price above the 50-day and 200-day averages. MACD remains on the bullish side. No recent matched news was found for this ticker/date. Relative strength versus the benchmark looked favorable. 1-month excess return 2.44%; 3-month excess return 11.14%; 6-month excess return 4.13%."
2022-08-17,IQV,104.08419847606409,,-3.653060204681613,miss,linear_regression,target_5d_return,regression,1,"Technical state is constructive, with price above the 50-day and 200-day averages. RSI is in a steady zone near 60.2. MACD remains on the bullish side.",No recent matched news was found for this ticker/date.,Relative strength versus the benchmark looked favorable. 1-month excess return 0.33%; 3-month excess return 11.85%; 6-month excess return 9.57%.,"Model view: the forward return estimate was mildly positive at about 104.08%. Confidence was not explicitly available for this prediction. Technical state is constructive, with price above the 50-day and 200-day averages. RSI is in a steady zone near 60.2. MACD remains on the bullish side. No recent matched news was found for this ticker/date. Relative strength versus the benchmark looked favorable. 1-month excess return 0.33%; 3-month excess return 11.85%; 6-month excess return 9.57%."
2022-08-18,IQV,106.1411085318671,,-1.712591688822429,miss,linear_regression,target_5d_return,regression,1,"Technical state is constructive, with price above the 50-day and 200-day averages. RSI is in a steady zone near 57.7. MACD remains on the bearish side.",No recent matched news was found for this ticker/date.,Relative strength versus the benchmark looked mixed. 1-month excess return -0.18%; 3-month excess return 11.85%; 6-month excess return 7.01%.,"Model view: the forward return estimate was mildly positive at about 106.14%. Confidence was not explicitly available for this prediction. Technical state is constructive, with price above the 50-day and 200-day averages. RSI is in a steady zone near 57.7. MACD remains on the bearish side. No recent matched news was found for this ticker/date. Relative strength versus the benchmark looked mixed. 1-month excess return -0.18%; 3-month excess return 11.85%; 6-month excess return 7.01%."
2022-08-19,IQV,109.83754086925221,,-8.095559266017915,miss,linear_regression,target_5d_return,regression,1,"Technical state is constructive, with price above the 50-day and 200-day averages. RSI is in a steady zone near 57.9. MACD remains on the bearish side.",No recent matched news was found for this ticker/date.,Relative strength versus the benchmark looked favorable. 1-month excess return 0.06%; 3-month excess return 10.04%; 6-month excess return 9.01%.,"Model view: the forward return estimate was mildly positive at about 109.84%. Confidence was not explicitly available for this prediction. Technical state is constructive, with price above the 50-day and 200-day averages. RSI is in a steady zone near 57.9. MACD remains on the bearish side. No recent matched news was found for this ticker/date. Relative strength versus the benchmark looked favorable. 1-month excess return 0.06%; 3-month excess return 10.04%; 6-month excess return 9.01%."
2022-08-22,IQV,110.00858027990695,,-5.769313895493545,miss,linear_regression,target_5d_return,regression,1,"Technical state is mixed, with price not fully aligned across the major moving averages. MACD remains on the bearish side.",No recent matched news was found for this ticker/date.,Relative strength versus the benchmark looked mixed. 1-month excess return -0.16%; 3-month excess return 8.61%; 6-month excess return 6.29%.,"Model view: the forward return estimate was mildly positive at about 110.01%. Confidence was not explicitly available for this prediction. Technical state is mixed, with price not fully aligned across the major moving averages. MACD remains on the bearish side. No recent matched news was found for this ticker/date. Relative strength versus the benchmark looked mixed. 1-month excess return -0.16%; 3-month excess return 8.61%; 6-month excess return 6.29%."
2022-08-23,IQV,109.75540182863178,,-5.77996845336628,miss,linear_regression,target_5d_return,regression,1,"Technical state is mixed, with price not fully aligned across the major moving averages. MACD remains on the bearish side.",No recent matched news was found for this ticker/date.,Relative strength versus the benchmark looked mixed. 1-month excess return -0.81%; 3-month excess return 8.81%; 6-month excess return 5.25%.,"Model view: the forward return estimate was mildly positive at about 109.76%. Confidence was not explicitly available for this prediction. Technical state is mixed, with price not fully aligned across the major moving averages. MACD remains on the bearish side. No recent matched news was found for this ticker/date. Relative strength versus the benchmark looked mixed. 1-month excess return -0.81%; 3-month excess return 8.81%; 6-month excess return 5.25%."
2022-08-24,IQV,111.16232335695764,,-8.268989353205193,miss,linear_regression,target_5d_return,regression,1,"Technical state is mixed, with price not fully aligned across the major moving averages. MACD remains on the bearish side.",No recent matched news was found for this ticker/date.,Relative strength versus the benchmark looked mixed. 1-month excess return -0.30%; 3-month excess return 9.80%; 6-month excess return 5.89%.,"Model view: the forward return estimate was mildly positive at about 111.16%. Confidence was not explicitly available for this prediction. Technical state is mixed, with price not fully aligned across the major moving averages. MACD remains on the bearish side. No recent matched news was found for this ticker/date. Relative strength versus the benchmark looked mixed. 1-month excess return -0.30%; 3-month excess return 9.80%; 6-month excess return 5.89%."
2022-08-25,IQV,113.44614053125618,,-9.84535467600669,miss,linear_regression,target_5d_return,regression,1,"Technical state is constructive, with price above the 50-day and 200-day averages. RSI is in a steady zone near 52.5. MACD remains on the bearish side.",No recent matched news was found for this ticker/date.,Relative strength versus the benchmark looked mixed. 1-month excess return -0.37%; 3-month excess return 9.82%; 6-month excess return 4.78%.,"Model view: the forward return estimate was mildly positive at about 113.45%. Confidence was not explicitly available for this prediction. Technical state is constructive, with price above the 50-day and 200-day averages. RSI is in a steady zone near 52.5. MACD remains on the bearish side. No recent matched news was found for this ticker/date. Relative strength versus the benchmark looked mixed. 1-month excess return -0.37%; 3-month excess return 9.82%; 6-month excess return 4.78%."
2022-08-26,IQV,114.29846896924705,,-5.649384879843722,miss,linear_regression,target_5d_return,regression,1,"Technical state is soft, with price below the 50-day and 200-day averages. RSI is weak near 38.2. MACD remains on the bearish side. Volatility is elevated at roughly 31.7%.",No recent matched news was found for this ticker/date.,Relative strength versus the benchmark looked mixed. 1-month excess return -6.71%; 3-month excess return 5.73%; 6-month excess return 1.30%.,"Model view: the forward return estimate was mildly positive at about 114.30%. Confidence was not explicitly available for this prediction. Technical state is soft, with price below the 50-day and 200-day averages. RSI is weak near 38.2. MACD remains on the bearish side. Volatility is elevated at roughly 31.7%. No recent matched news was found for this ticker/date. Relative strength versus the benchmark looked mixed. 1-month excess return -6.71%; 3-month excess return 5.73%; 6-month excess return 1.30%."
2022-08-29,IQV,115.65217147333611,,-3.9182451714825373,miss,linear_regression,target_5d_return,regression,1,"Technical state is soft, with price below the 50-day and 200-day averages. RSI is weak near 37.2. MACD remains on the bearish side. Volatility is elevated at roughly 31.7%.",No recent matched news was found for this ticker/date.,Relative strength versus the benchmark looked mixed. 1-month excess return -6.87%; 3-month excess return 2.04%; 6-month excess return 2.63%.,"Model view: the forward return estimate was mildly positive at about 115.65%. Confidence was not explicitly available for this prediction. Technical state is soft, with price below the 50-day and 200-day averages. RSI is weak near 37.2. MACD remains on the bearish side. Volatility is elevated at roughly 31.7%. No recent matched news was found for this ticker/date. Relative strength versus the benchmark looked mixed. 1-month excess return -6.87%; 3-month excess return 2.04%; 6-month excess return 2.63%."
2022-08-30,IQV,116.98806914919508,,-0.39353955363574666,miss,linear_regression,target_5d_return,regression,1,"Technical state is soft, with price below the 50-day and 200-day averages. RSI is weak near 35.6. MACD remains on the bearish side. Volatility is elevated at roughly 31.2%.",No recent matched news was found for this ticker/date.,Relative strength versus the benchmark looked mixed. 1-month excess return -6.31%; 3-month excess return 3.94%; 6-month excess return 2.22%.,"Model view: the forward return estimate was mildly positive at about 116.99%. Confidence was not explicitly available for this prediction. Technical state is soft, with price below the 50-day and 200-day averages. RSI is weak near 35.6. MACD remains on the bearish side. Volatility is elevated at roughly 31.2%. No recent matched news was found for this ticker/date. Relative strength versus the benchmark looked mixed. 1-month excess return -6.31%; 3-month excess return 3.94%; 6-month excess return 2.22%."
2022-08-31,IQV,117.45818711064274,,3.9781770475843636,hit,linear_regression,target_5d_return,regression,1,"Technical state is soft, with price below the 50-day and 200-day averages. RSI is weak near 33.3. MACD remains on the bearish side. Volatility is elevated at roughly 31.4%.",No recent matched news was found for this ticker/date.,Relative strength versus the benchmark looked mixed. 1-month excess return -5.68%; 3-month excess return 4.76%; 6-month excess return 1.32%.,"Model view: the forward return estimate was mildly positive at about 117.46%. Confidence was not explicitly available for this prediction. Technical state is soft, with price below the 50-day and 200-day averages. RSI is weak near 33.3. MACD remains on the bearish side. Volatility is elevated at roughly 31.4%. No recent matched news was found for this ticker/date. Relative strength versus the benchmark looked mixed. 1-month excess return -5.68%; 3-month excess return 4.76%; 6-month excess return 1.32%."
2022-09-01,IQV,120.64023106042862,,5.457897797115918,hit,linear_regression,target_5d_return,regression,1,"Technical state is soft, with price below the 50-day and 200-day averages. RSI is weak near 32.5. MACD remains on the bearish side. Volatility is elevated at roughly 31.2%.",No recent matched news was found for this ticker/date.,Relative strength versus the benchmark looked weak. 1-month excess return -4.85%; 3-month excess return 1.22%; 6-month excess return -0.26%.,"Model view: the forward return estimate was mildly positive at about 120.64%. Confidence was not explicitly available for this prediction. Technical state is soft, with price below the 50-day and 200-day averages. RSI is weak near 32.5. MACD remains on the bearish side. Volatility is elevated at roughly 31.2%. No recent matched news was found for this ticker/date. Relative strength versus the benchmark looked weak. 1-month excess return -4.85%; 3-month excess return 1.22%; 6-month excess return -0.26%."
2022-09-02,IQV,126.31527060885226,,9.398828284580318,hit,linear_regression,target_5d_return,regression,1,"Technical state is soft, with price below the 50-day and 200-day averages. RSI is weak near 29.7. MACD remains on the bearish side. Volatility is elevated at roughly 31.6%.",No recent matched news was found for this ticker/date.,Relative strength versus the benchmark looked weak. 1-month excess return -6.22%; 3-month excess return -1.05%; 6-month excess return 0.59%.,"Model view: the forward return estimate was mildly positive at about 126.32%. Confidence was not explicitly available for this prediction. Technical state is soft, with price below the 50-day and 200-day averages. RSI is weak near 29.7. MACD remains on the bearish side. Volatility is elevated at roughly 31.6%. No recent matched news was found for this ticker/date. Relative strength versus the benchmark looked weak. 1-month excess return -6.22%; 3-month excess return -1.05%; 6-month excess return 0.59%."
2022-09-06,IQV,128.14454774730413,,1.359339308855323,hit,linear_regression,target_5d_return,regression,1,"Technical state is soft, with price below the 50-day and 200-day averages. RSI is weak near 33.2. MACD remains on the bearish side. Volatility is elevated at roughly 32.2%.",No recent matched news was found for this ticker/date.,Relative strength versus the benchmark looked mixed. 1-month excess return -5.23%; 3-month excess return 0.04%; 6-month excess return 3.61%.,"Model view: the forward return estimate was mildly positive at about 128.14%. Confidence was not explicitly available for this prediction. Technical state is soft, with price below the 50-day and 200-day averages. RSI is weak near 33.2. MACD remains on the bearish side. Volatility is elevated at roughly 32.2%. No recent matched news was found for this ticker/date. Relative strength versus the benchmark looked mixed. 1-month excess return -5.23%; 3-month excess return 0.04%; 6-month excess return 3.61%."
2022-09-07,IQV,129.279657561708,,-2.7935272491801943,miss,linear_regression,target_5d_return,regression,1,"Technical state is soft, with price below the 50-day and 200-day averages. MACD remains on the bearish side. Volatility is elevated at roughly 34.1%.",No recent matched news was found for this ticker/date.,Relative strength versus the benchmark looked weak. 1-month excess return -4.25%; 3-month excess return -0.17%; 6-month excess return 6.62%.,"Model view: the forward return estimate was mildly positive at about 129.28%. Confidence was not explicitly available for this prediction. Technical state is soft, with price below the 50-day and 200-day averages. MACD remains on the bearish side. Volatility is elevated at roughly 34.1%. No recent matched news was found for this ticker/date. Relative strength versus the benchmark looked weak. 1-month excess return -4.25%; 3-month excess return -0.17%; 6-month excess return 6.62%."
2022-09-08,IQV,129.02305376512268,,-6.218343118501279,miss,linear_regression,target_5d_return,regression,1,"Technical state is soft, with price below the 50-day and 200-day averages. MACD remains on the bearish side. Volatility is elevated at roughly 33.7%.",No recent matched news was found for this ticker/date.,Relative strength versus the benchmark looked mixed. 1-month excess return -2.27%; 3-month excess return 2.81%; 6-month excess return 7.19%.,"Model view: the forward return estimate was mildly positive at about 129.02%. Confidence was not explicitly available for this prediction. Technical state is soft, with price below the 50-day and 200-day averages. MACD remains on the bearish side. Volatility is elevated at roughly 33.7%. No recent matched news was found for this ticker/date. Relative strength versus the benchmark looked mixed. 1-month excess return -2.27%; 3-month excess return 2.81%; 6-month excess return 7.19%."
2022-09-09,IQV,132.4645543513875,,-8.12385402677991,miss,linear_regression,target_5d_return,regression,1,"Technical state is soft, with price below the 50-day and 200-day averages. MACD remains on the bearish side. Volatility is elevated at roughly 33.7%.",No recent matched news was found for this ticker/date.,Relative strength versus the benchmark looked mixed. 1-month excess return -3.70%; 3-month excess return 1.75%; 6-month excess return 7.32%.,"Model view: the forward return estimate was mildly positive at about 132.46%. Confidence was not explicitly available for this prediction. Technical state is soft, with price below the 50-day and 200-day averages. MACD remains on the bearish side. Volatility is elevated at roughly 33.7%. No recent matched news was found for this ticker/date. Relative strength versus the benchmark looked mixed. 1-month excess return -3.70%; 3-month excess return 1.75%; 6-month excess return 7.32%."
2022-09-12,IQV,134.97452100387426,,-10.161421887068144,miss,linear_regression,target_5d_return,regression,1,"Technical state is mixed, with price not fully aligned across the major moving averages. RSI is in a steady zone near 52.9. MACD remains on the bearish side. Volatility is elevated at roughly 33.7%.",No recent matched news was found for this ticker/date.,Relative strength versus the benchmark looked mixed. 1-month excess return -4.18%; 3-month excess return 3.87%; 6-month excess return 8.30%.,"Model view: the forward return estimate was mildly positive at about 134.97%. Confidence was not explicitly available for this prediction. Technical state is mixed, with price not fully aligned across the major moving averages. RSI is in a steady zone near 52.9. MACD remains on the bearish side. Volatility is elevated at roughly 33.7%. No recent matched news was found for this ticker/date. Relative strength versus the benchmark looked mixed. 1-month excess return -4.18%; 3-month excess return 3.87%; 6-month excess return 8.30%."
2022-09-13,IQV,139.40599541415796,,-6.046770117587674,miss,linear_regression,target_5d_return,regression,1,"Technical state is soft, with price below the 50-day and 200-day averages. MACD remains on the bearish side. Volatility is elevated at roughly 39.2%.",No recent matched news was found for this ticker/date.,Relative strength versus the benchmark looked mixed. 1-month excess return -5.58%; 3-month excess return 1.18%; 6-month excess return 6.40%.,"Model view: the forward return estimate was mildly positive at about 139.41%. Confidence was not explicitly available for this prediction. Technical state is soft, with price below the 50-day and 200-day averages. MACD remains on the bearish side. Volatility is elevated at roughly 39.2%. No recent matched news was found for this ticker/date. Relative strength versus the benchmark looked mixed. 1-month excess return -5.58%; 3-month excess return 1.18%; 6-month excess return 6.40%."
2022-09-14,IQV,142.6688426251172,,-6.507913877770921,miss,linear_regression,target_5d_return,regression,1,"Technical state is soft, with price below the 50-day and 200-day averages. RSI is weak near 38.4. MACD remains on the bearish side. Volatility is elevated at roughly 39.3%.",No recent matched news was found for this ticker/date.,Relative strength versus the benchmark looked weak. 1-month excess return -7.74%; 3-month excess return -1.46%; 6-month excess return 4.67%.,"Model view: the forward return estimate was mildly positive at about 142.67%. Confidence was not explicitly available for this prediction. Technical state is soft, with price below the 50-day and 200-day averages. RSI is weak near 38.4. MACD remains on the bearish side. Volatility is elevated at roughly 39.3%. No recent matched news was found for this ticker/date. Relative strength versus the benchmark looked weak. 1-month excess return -7.74%; 3-month excess return -1.46%; 6-month excess return 4.67%."
2022-09-15,IQV,143.69118194980547,,-8.077349855042604,miss,linear_regression,target_5d_return,regression,1,"Technical state is soft, with price below the 50-day and 200-day averages. RSI is weak near 37.2. MACD remains on the bearish side. Volatility is elevated at roughly 39.1%.",No recent matched news was found for this ticker/date.,Relative strength versus the benchmark looked weak. 1-month excess return -6.05%; 3-month excess return -0.32%; 6-month excess return 4.59%.,"Model view: the forward return estimate was mildly positive at about 143.69%. Confidence was not explicitly available for this prediction. Technical state is soft, with price below the 50-day and 200-day averages. RSI is weak near 37.2. MACD remains on the bearish side. Volatility is elevated at roughly 39.1%. No recent matched news was found for this ticker/date. Relative strength versus the benchmark looked weak. 1-month excess return -6.05%; 3-month excess return -0.32%; 6-month excess return 4.59%."
2022-09-16,IQV,146.66122624714774,,-7.613149200881919,miss,linear_regression,target_5d_return,regression,1,"Technical state is soft, with price below the 50-day and 200-day averages. RSI is weak near 35.7. MACD remains on the bearish side. Volatility is elevated at roughly 39.2%.",No recent matched news was found for this ticker/date.,Relative strength versus the benchmark looked weak. 1-month excess return -5.49%; 3-month excess return -1.20%; 6-month excess return 4.07%.,"Model view: the forward return estimate was mildly positive at about 146.66%. Confidence was not explicitly available for this prediction. Technical state is soft, with price below the 50-day and 200-day averages. RSI is weak near 35.7. MACD remains on the bearish side. Volatility is elevated at roughly 39.2%. No recent matched news was found for this ticker/date. Relative strength versus the benchmark looked weak. 1-month excess return -5.49%; 3-month excess return -1.20%; 6-month excess return 4.07%."
2022-09-19,IQV,148.62815420380147,,-8.649973186629223,miss,linear_regression,target_5d_return,regression,1,"Technical state is soft, with price below the 50-day and 200-day averages. RSI is weak near 34.8. MACD remains on the bearish side. Volatility is elevated at roughly 39.0%.",No recent matched news was found for this ticker/date.,Relative strength versus the benchmark looked weak. 1-month excess return -5.82%; 3-month excess return -2.68%; 6-month excess return 1.99%.,"Model view: the forward return estimate was mildly positive at about 148.63%. Confidence was not explicitly available for this prediction. Technical state is soft, with price below the 50-day and 200-day averages. RSI is weak near 34.8. MACD remains on the bearish side. Volatility is elevated at roughly 39.0%. No recent matched news was found for this ticker/date. Relative strength versus the benchmark looked weak. 1-month excess return -5.82%; 3-month excess return -2.68%; 6-month excess return 1.99%."
2022-09-20,IQV,149.51489876258637,,-8.39928075972658,miss,linear_regression,target_5d_return,regression,1,"Technical state is soft, with price below the 50-day and 200-day averages. RSI is weak near 32.2. MACD remains on the bearish side. Volatility is elevated at roughly 38.3%.",No recent matched news was found for this ticker/date.,Relative strength versus the benchmark looked weak. 1-month excess return -7.82%; 3-month excess return -1.96%; 6-month excess return 1.47%.,"Model view: the forward return estimate was mildly positive at about 149.51%. Confidence was not explicitly available for this prediction. Technical state is soft, with price below the 50-day and 200-day averages. RSI is weak near 32.2. MACD remains on the bearish side. Volatility is elevated at roughly 38.3%. No recent matched news was found for this ticker/date. Relative strength versus the benchmark looked weak. 1-month excess return -7.82%; 3-month excess return -1.96%; 6-month excess return 1.47%."
2022-09-21,IQV,153.12952560971888,,-5.027619484580404,miss,linear_regression,target_5d_return,regression,1,"Technical state is soft, with price below the 50-day and 200-day averages. RSI is weak near 29.7. MACD remains on the bearish side. Volatility is elevated at roughly 38.6%.",No recent matched news was found for this ticker/date.,Relative strength versus the benchmark looked weak. 1-month excess return -7.24%; 3-month excess return -3.90%; 6-month excess return 1.41%.,"Model view: the forward return estimate was mildly positive at about 153.13%. Confidence was not explicitly available for this prediction. Technical state is soft, with price below the 50-day and 200-day averages. RSI is weak near 29.7. MACD remains on the bearish side. Volatility is elevated at roughly 38.6%. No recent matched news was found for this ticker/date. Relative strength versus the benchmark looked weak. 1-month excess return -7.24%; 3-month excess return -3.90%; 6-month excess return 1.41%."
2022-09-22,IQV,158.27623090546615,,-4.726678594917,miss,linear_regression,target_5d_return,regression,1,"Technical state is soft, with price below the 50-day and 200-day averages. RSI is weak near 27.0. MACD remains on the bearish side. Volatility is elevated at roughly 38.4%.",No recent matched news was found for this ticker/date.,Relative strength versus the benchmark looked weak. 1-month excess return -7.96%; 3-month excess return -8.81%; 6-month excess return 2.15%.,"Model view: the forward return estimate was mildly positive at about 158.28%. Confidence was not explicitly available for this prediction. Technical state is soft, with price below the 50-day and 200-day averages. RSI is weak near 27.0. MACD remains on the bearish side. Volatility is elevated at roughly 38.4%. No recent matched news was found for this ticker/date. Relative strength versus the benchmark looked weak. 1-month excess return -7.96%; 3-month excess return -8.81%; 6-month excess return 2.15%."
2022-09-23,IQV,159.66519646112783,,-4.376283379961665,miss,linear_regression,target_5d_return,regression,1,"Technical state is soft, with price below the 50-day and 200-day averages. RSI is weak near 26.4. MACD remains on the bearish side. Volatility is elevated at roughly 37.6%.",No recent matched news was found for this ticker/date.,Relative strength versus the benchmark looked weak. 1-month excess return -7.62%; 3-month excess return -5.74%; 6-month excess return 2.30%.,"Model view: the forward return estimate was mildly positive at about 159.67%. Confidence was not explicitly available for this prediction. Technical state is soft, with price below the 50-day and 200-day averages. RSI is weak near 26.4. MACD remains on the bearish side. Volatility is elevated at roughly 37.6%. No recent matched news was found for this ticker/date. Relative strength versus the benchmark looked weak. 1-month excess return -7.62%; 3-month excess return -5.74%; 6-month excess return 2.30%."
2022-09-26,IQV,165.6772413628143,,0.06448576741548973,hit,linear_regression,target_5d_return,regression,1,"Technical state is soft, with price below the 50-day and 200-day averages. RSI is weak near 24.7. MACD remains on the bearish side. Volatility is elevated at roughly 32.0%.",No recent matched news was found for this ticker/date.,Relative strength versus the benchmark looked weak. 1-month excess return -7.92%; 3-month excess return -7.83%; 6-month excess return 1.96%.,"Model view: the forward return estimate was mildly positive at about 165.68%. Confidence was not explicitly available for this prediction. Technical state is soft, with price below the 50-day and 200-day averages. RSI is weak near 24.7. MACD remains on the bearish side. Volatility is elevated at roughly 32.0%. No recent matched news was found for this ticker/date. Relative strength versus the benchmark looked weak. 1-month excess return -7.92%; 3-month excess return -7.83%; 6-month excess return 1.96%."
2022-09-27,IQV,169.18949050381053,,5.582594317863543,hit,linear_regression,target_5d_return,regression,1,"Technical state is soft, with price below the 50-day and 200-day averages. RSI is weak near 23.2. MACD remains on the bearish side. Volatility is elevated at roughly 32.1%.",No recent matched news was found for this ticker/date.,Relative strength versus the benchmark looked weak. 1-month excess return -6.78%; 3-month excess return -9.40%; 6-month excess return 0.63%.,"Model view: the forward return estimate was mildly positive at about 169.19%. Confidence was not explicitly available for this prediction. Technical state is soft, with price below the 50-day and 200-day averages. RSI is weak near 23.2. MACD remains on the bearish side. Volatility is elevated at roughly 32.1%. No recent matched news was found for this ticker/date. Relative strength versus the benchmark looked weak. 1-month excess return -6.78%; 3-month excess return -9.40%; 6-month excess return 0.63%."
2022-09-28,IQV,171.81300765268787,,3.6620189360509814,hit,linear_regression,target_5d_return,regression,1,"Technical state is soft, with price below the 50-day and 200-day averages. RSI is weak near 27.4. MACD remains on the bearish side. Volatility is elevated at roughly 33.2%.",No recent matched news was found for this ticker/date.,Relative strength versus the benchmark looked weak. 1-month excess return -6.91%; 3-month excess return -10.65%; 6-month excess return -0.75%.,"Model view: the forward return estimate was mildly positive at about 171.81%. Confidence was not explicitly available for this prediction. Technical state is soft, with price below the 50-day and 200-day averages. RSI is weak near 27.4. MACD remains on the bearish side. Volatility is elevated at roughly 33.2%. No recent matched news was found for this ticker/date. Relative strength versus the benchmark looked weak. 1-month excess return -6.91%; 3-month excess return -10.65%; 6-month excess return -0.75%."
2022-09-29,IQV,176.80471906579814,,3.265234654397786,hit,linear_regression,target_5d_return,regression,1,"Technical state is soft, with price below the 50-day and 200-day averages. RSI is weak near 25.2. MACD remains on the bearish side. Volatility is elevated at roughly 33.5%.",No recent matched news was found for this ticker/date.,Relative strength versus the benchmark looked weak. 1-month excess return -7.00%; 3-month excess return -12.41%; 6-month excess return -0.56%.,"Model view: the forward return estimate was mildly positive at about 176.80%. Confidence was not explicitly available for this prediction. Technical state is soft, with price below the 50-day and 200-day averages. RSI is weak near 25.2. MACD remains on the bearish side. Volatility is elevated at roughly 33.5%. No recent matched news was found for this ticker/date. Relative strength versus the benchmark looked weak. 1-month excess return -7.00%; 3-month excess return -12.41%; 6-month excess return -0.56%."
2022-09-30,IQV,178.43437813177815,,-0.4416490308343901,miss,linear_regression,target_5d_return,regression,1,"Technical state is soft, with price below the 50-day and 200-day averages. RSI is weak near 25.0. MACD remains on the bearish side. Volatility is elevated at roughly 33.5%.",No recent matched news was found for this ticker/date.,Relative strength versus the benchmark looked weak. 1-month excess return -5.23%; 3-month excess return -9.45%; 6-month excess return -0.73%.,"Model view: the forward return estimate was mildly positive at about 178.43%. Confidence was not explicitly available for this prediction. Technical state is soft, with price below the 50-day and 200-day averages. RSI is weak near 25.0. MACD remains on the bearish side. Volatility is elevated at roughly 33.5%. No recent matched news was found for this ticker/date. Relative strength versus the benchmark looked weak. 1-month excess return -5.23%; 3-month excess return -9.45%; 6-month excess return -0.73%."
2022-10-03,IQV,178.84838299394,,-5.526312274319267,miss,linear_regression,target_5d_return,regression,1,"Technical state is soft, with price below the 50-day and 200-day averages. RSI is weak near 32.7. MACD remains on the bearish side. Volatility is elevated at roughly 35.4%.",No recent matched news was found for this ticker/date.,Relative strength versus the benchmark looked weak. 1-month excess return -4.52%; 3-month excess return -9.51%; 6-month excess return -3.46%.,"Model view: the forward return estimate was mildly positive at about 178.85%. Confidence was not explicitly available for this prediction. Technical state is soft, with price below the 50-day and 200-day averages. RSI is weak near 32.7. MACD remains on the bearish side. Volatility is elevated at roughly 35.4%. No recent matched news was found for this ticker/date. Relative strength versus the benchmark looked weak. 1-month excess return -4.52%; 3-month excess return -9.51%; 6-month excess return -3.46%."
2022-10-04,IQV,179.735833865365,,-10.693945366425073,miss,linear_regression,target_5d_return,regression,1,"Technical state is soft, with price below the 50-day and 200-day averages. MACD remains on the bearish side. Volatility is elevated at roughly 38.0%.",No recent matched news was found for this ticker/date.,Relative strength versus the benchmark looked weak. 1-month excess return -3.16%; 3-month excess return -9.15%; 6-month excess return -1.73%.,"Model view: the forward return estimate was mildly positive at about 179.74%. Confidence was not explicitly available for this prediction. Technical state is soft, with price below the 50-day and 200-day averages. MACD remains on the bearish side. Volatility is elevated at roughly 38.0%. No recent matched news was found for this ticker/date. Relative strength versus the benchmark looked weak. 1-month excess return -3.16%; 3-month excess return -9.15%; 6-month excess return -1.73%."
2022-10-05,IQV,183.00455204708882,,-10.7174420978159,miss,linear_regression,target_5d_return,regression,1,"Technical state is soft, with price below the 50-day and 200-day averages. MACD remains on the bullish side. Volatility is elevated at roughly 36.4%.",No recent matched news was found for this ticker/date.,Relative strength versus the benchmark looked weak. 1-month excess return -4.67%; 3-month excess return -9.00%; 6-month excess return -2.83%.,"Model view: the forward return estimate was mildly positive at about 183.00%. Confidence was not explicitly available for this prediction. Technical state is soft, with price below the 50-day and 200-day averages. MACD remains on the bullish side. Volatility is elevated at roughly 36.4%. No recent matched news was found for this ticker/date. Relative strength versus the benchmark looked weak. 1-month excess return -4.67%; 3-month excess return -9.00%; 6-month excess return -2.83%."
2022-10-06,IQV,188.39651870255636,,-6.041370895742371,miss,linear_regression,target_5d_return,regression,1,"Technical state is soft, with price below the 50-day and 200-day averages. RSI is weak near 37.0. MACD remains on the bullish side. Volatility is elevated at roughly 34.8%.",No recent matched news was found for this ticker/date.,Relative strength versus the benchmark looked weak. 1-month excess return -6.62%; 3-month excess return -10.49%; 6-month excess return -5.51%.,"Model view: the forward return estimate was mildly positive at about 188.40%. Confidence was not explicitly available for this prediction. Technical state is soft, with price below the 50-day and 200-day averages. RSI is weak near 37.0. MACD remains on the bullish side. Volatility is elevated at roughly 34.8%. No recent matched news was found for this ticker/date. Relative strength versus the benchmark looked weak. 1-month excess return -6.62%; 3-month excess return -10.49%; 6-month excess return -5.51%."
2022-10-07,IQV,192.70702255973197,,-3.842737504994176,miss,linear_regression,target_5d_return,regression,1,"Technical state is soft, with price below the 50-day and 200-day averages. RSI is weak near 32.1. MACD remains on the bullish side. Volatility is elevated at roughly 35.8%.",No recent matched news was found for this ticker/date.,Relative strength versus the benchmark looked weak. 1-month excess return -9.00%; 3-month excess return -11.41%; 6-month excess return -8.46%.,"Model view: the forward return estimate was mildly positive at about 192.71%. Confidence was not explicitly available for this prediction. Technical state is soft, with price below the 50-day and 200-day averages. RSI is weak near 32.1. MACD remains on the bullish side. Volatility is elevated at roughly 35.8%. No recent matched news was found for this ticker/date. Relative strength versus the benchmark looked weak. 1-month excess return -9.00%; 3-month excess return -11.41%; 6-month excess return -8.46%."
2022-10-10,IQV,198.81741872347973,,2.9958438428519196,hit,linear_regression,target_5d_return,regression,1,"Technical state is soft, with price below the 50-day and 200-day averages. RSI is weak near 29.5. MACD remains on the bearish side. Volatility is elevated at roughly 34.7%.",No recent matched news was found for this ticker/date.,Relative strength versus the benchmark looked weak. 1-month excess return -9.70%; 3-month excess return -12.15%; 6-month excess return -10.67%.,"Model view: the forward return estimate was mildly positive at about 198.82%. Confidence was not explicitly available for this prediction. Technical state is soft, with price below the 50-day and 200-day averages. RSI is weak near 29.5. MACD remains on the bearish side. Volatility is elevated at roughly 34.7%. No recent matched news was found for this ticker/date. Relative strength versus the benchmark looked weak. 1-month excess return -9.70%; 3-month excess return -12.15%; 6-month excess return -10.67%."
2022-10-11,IQV,205.2861208151898,,6.88895627314976,hit,linear_regression,target_5d_return,regression,1,"Technical state is soft, with price below the 50-day and 200-day averages. RSI is weak near 27.7. MACD remains on the bearish side.",No recent matched news was found for this ticker/date.,Relative strength versus the benchmark looked weak. 1-month excess return -10.92%; 3-month excess return -12.94%; 6-month excess return -10.30%.,"Model view: the forward return estimate was mildly positive at about 205.29%. Confidence was not explicitly available for this prediction. Technical state is soft, with price below the 50-day and 200-day averages. RSI is weak near 27.7. MACD remains on the bearish side. No recent matched news was found for this ticker/date. Relative strength versus the benchmark looked weak. 1-month excess return -10.92%; 3-month excess return -12.94%; 6-month excess return -10.30%."
2022-10-12,IQV,209.72082384803403,,3.799603605321744,hit,linear_regression,target_5d_return,regression,1,"Technical state is soft, with price below the 50-day and 200-day averages. RSI is weak near 27.3. MACD remains on the bearish side.",No recent matched news was found for this ticker/date.,Relative strength versus the benchmark looked weak. 1-month excess return -9.79%; 3-month excess return -13.24%; 6-month excess return -9.01%.,"Model view: the forward return estimate was mildly positive at about 209.72%. Confidence was not explicitly available for this prediction. Technical state is soft, with price below the 50-day and 200-day averages. RSI is weak near 27.3. MACD remains on the bearish side. No recent matched news was found for this ticker/date. Relative strength versus the benchmark looked weak. 1-month excess return -9.79%; 3-month excess return -13.24%; 6-month excess return -9.01%."
2022-10-13,IQV,209.56623760477953,,-0.9250353672929146,miss,linear_regression,target_5d_return,regression,1,"Technical state is soft, with price below the 50-day and 200-day averages. RSI is weak near 33.4. MACD remains on the bearish side. Volatility is elevated at roughly 31.9%.",No recent matched news was found for this ticker/date.,Relative strength versus the benchmark looked weak. 1-month excess return -8.43%; 3-month excess return -14.54%; 6-month excess return -8.88%.,"Model view: the forward return estimate was mildly positive at about 209.57%. Confidence was not explicitly available for this prediction. Technical state is soft, with price below the 50-day and 200-day averages. RSI is weak near 33.4. MACD remains on the bearish side. Volatility is elevated at roughly 31.9%. No recent matched news was found for this ticker/date. Relative strength versus the benchmark looked weak. 1-month excess return -8.43%; 3-month excess return -14.54%; 6-month excess return -8.88%."
2022-10-14,IQV,215.35758215418772,,2.733400688700116,hit,linear_regression,target_5d_return,regression,1,"Technical state is soft, with price below the 50-day and 200-day averages. RSI is weak near 31.6. MACD remains on the bearish side. Volatility is elevated at roughly 32.0%.",No recent matched news was found for this ticker/date.,Relative strength versus the benchmark looked weak. 1-month excess return -8.00%; 3-month excess return -12.15%; 6-month excess return -8.93%.,"Model view: the forward return estimate was mildly positive at about 215.36%. Confidence was not explicitly available for this prediction. Technical state is soft, with price below the 50-day and 200-day averages. RSI is weak near 31.6. MACD remains on the bearish side. Volatility is elevated at roughly 32.0%. No recent matched news was found for this ticker/date. Relative strength versus the benchmark looked weak. 1-month excess return -8.00%; 3-month excess return -12.15%; 6-month excess return -8.93%."
2022-10-17,IQV,214.94946438036357,,-0.8941357670139927,miss,linear_regression,target_5d_return,regression,1,"Technical state is soft, with price below the 50-day and 200-day averages. MACD remains on the bullish side. Volatility is elevated at roughly 37.1%.",No recent matched news was found for this ticker/date.,Relative strength versus the benchmark looked weak. 1-month excess return -6.34%; 3-month excess return -11.28%; 6-month excess return -6.41%.,"Model view: the forward return estimate was mildly positive at about 214.95%. Confidence was not explicitly available for this prediction. Technical state is soft, with price below the 50-day and 200-day averages. MACD remains on the bullish side. Volatility is elevated at roughly 37.1%. No recent matched news was found for this ticker/date. Relative strength versus the benchmark looked weak. 1-month excess return -6.34%; 3-month excess return -11.28%; 6-month excess return -6.41%."
2022-10-18,IQV,217.6309856917627,,7.226166078833951,hit,linear_regression,target_5d_return,regression,1,"Technical state is soft, with price below the 50-day and 200-day averages. MACD remains on the bullish side. Volatility is elevated at roughly 37.6%.",No recent matched news was found for this ticker/date.,Relative strength versus the benchmark looked weak. 1-month excess return -4.60%; 3-month excess return -10.39%; 6-month excess return -5.87%.,"Model view: the forward return estimate was mildly positive at about 217.63%. Confidence was not explicitly available for this prediction. Technical state is soft, with price below the 50-day and 200-day averages. MACD remains on the bullish side. Volatility is elevated at roughly 37.6%. No recent matched news was found for this ticker/date. Relative strength versus the benchmark looked weak. 1-month excess return -4.60%; 3-month excess return -10.39%; 6-month excess return -5.87%."
2022-10-19,IQV,219.7264319177379,,13.291107570485838,hit,linear_regression,target_5d_return,regression,1,"Technical state is soft, with price below the 50-day and 200-day averages. RSI is weak near 39.9. MACD remains on the bullish side. Volatility is elevated at roughly 38.5%.",No recent matched news was found for this ticker/date.,Relative strength versus the benchmark looked weak. 1-month excess return -6.16%; 3-month excess return -13.30%; 6-month excess return -9.37%.,"Model view: the forward return estimate was mildly positive at about 219.73%. Confidence was not explicitly available for this prediction. Technical state is soft, with price below the 50-day and 200-day averages. RSI is weak near 39.9. MACD remains on the bullish side. Volatility is elevated at roughly 38.5%. No recent matched news was found for this ticker/date. Relative strength versus the benchmark looked weak. 1-month excess return -6.16%; 3-month excess return -13.30%; 6-month excess return -9.37%."
2022-10-20,IQV,224.79860805078673,,14.801235002217838,hit,linear_regression,target_5d_return,regression,1,"Technical state is soft, with price below the 50-day and 200-day averages. RSI is weak near 37.2. MACD remains on the bullish side. Volatility is elevated at roughly 38.2%.",No recent matched news was found for this ticker/date.,Relative strength versus the benchmark looked weak. 1-month excess return -7.13%; 3-month excess return -13.72%; 6-month excess return -9.48%.,"Model view: the forward return estimate was mildly positive at about 224.80%. Confidence was not explicitly available for this prediction. Technical state is soft, with price below the 50-day and 200-day averages. RSI is weak near 37.2. MACD remains on the bullish side. Volatility is elevated at roughly 38.2%. No recent matched news was found for this ticker/date. Relative strength versus the benchmark looked weak. 1-month excess return -7.13%; 3-month excess return -13.72%; 6-month excess return -9.48%."
2022-10-21,IQV,225.8346918888992,,16.8453610967074,hit,linear_regression,target_5d_return,regression,1,"Technical state is soft, with price below the 50-day and 200-day averages. MACD remains on the bullish side. Volatility is elevated at roughly 39.2%.",No recent matched news was found for this ticker/date.,Relative strength versus the benchmark looked weak. 1-month excess return -6.12%; 3-month excess return -14.19%; 6-month excess return -9.72%.,"Model view: the forward return estimate was mildly positive at about 225.83%. Confidence was not explicitly available for this prediction. Technical state is soft, with price below the 50-day and 200-day averages. MACD remains on the bullish side. Volatility is elevated at roughly 39.2%. No recent matched news was found for this ticker/date. Relative strength versus the benchmark looked weak. 1-month excess return -6.12%; 3-month excess return -14.19%; 6-month excess return -9.72%."
2022-10-24,IQV,231.14165351601275,,16.76876866771293,hit,linear_regression,target_5d_return,regression,1,"Technical state is soft, with price below the 50-day and 200-day averages. MACD remains on the bullish side. Volatility is elevated at roughly 39.0%.",No recent matched news was found for this ticker/date.,Relative strength versus the benchmark looked weak. 1-month excess return -7.70%; 3-month excess return -15.16%; 6-month excess return -6.72%.,"Model view: the forward return estimate was mildly positive at about 231.14%. Confidence was not explicitly available for this prediction. Technical state is soft, with price below the 50-day and 200-day averages. MACD remains on the bullish side. Volatility is elevated at roughly 39.0%. No recent matched news was found for this ticker/date. Relative strength versus the benchmark looked weak. 1-month excess return -7.70%; 3-month excess return -15.16%; 6-month excess return -6.72%."
2022-10-25,IQV,226.8015536058184,,5.939795525272151,hit,linear_regression,target_5d_return,regression,1,"Technical state is soft, with price below the 50-day and 200-day averages. RSI is in a steady zone near 58.1. MACD remains on the bullish side. Volatility is elevated at roughly 52.7%.",No recent matched news was found for this ticker/date.,Relative strength versus the benchmark looked mixed. 1-month excess return 1.04%; 3-month excess return -8.16%; 6-month excess return 3.13%.,"Model view: the forward return estimate was mildly positive at about 226.80%. Confidence was not explicitly available for this prediction. Technical state is soft, with price below the 50-day and 200-day averages. RSI is in a steady zone near 58.1. MACD remains on the bullish side. Volatility is elevated at roughly 52.7%. No recent matched news was found for this ticker/date. Relative strength versus the benchmark looked mixed. 1-month excess return 1.04%; 3-month excess return -8.16%; 6-month excess return 3.13%."
2022-10-26,IQV,226.08763654663636,,1.1133102088317415,hit,linear_regression,target_5d_return,regression,1,"Technical state is mixed, with price not fully aligned across the major moving averages. RSI is in a steady zone near 60.9. MACD remains on the bullish side. Volatility is elevated at roughly 53.0%.",No recent matched news was found for this ticker/date.,Relative strength versus the benchmark looked mixed. 1-month excess return 5.82%; 3-month excess return -8.42%; 6-month excess return 4.58%.,"Model view: the forward return estimate was mildly positive at about 226.09%. Confidence was not explicitly available for this prediction. Technical state is mixed, with price not fully aligned across the major moving averages. RSI is in a steady zone near 60.9. MACD remains on the bullish side. Volatility is elevated at roughly 53.0%. No recent matched news was found for this ticker/date. Relative strength versus the benchmark looked mixed. 1-month excess return 5.82%; 3-month excess return -8.42%; 6-month excess return 4.58%."
2022-10-27,IQV,228.16581148227988,,1.7163968031306265,hit,linear_regression,target_5d_return,regression,1,"Technical state is mixed, with price not fully aligned across the major moving averages. RSI is in a steady zone near 59.3. MACD remains on the bullish side. Volatility is elevated at roughly 52.3%.",No recent matched news was found for this ticker/date.,Relative strength versus the benchmark looked mixed. 1-month excess return 5.36%; 3-month excess return -8.78%; 6-month excess return 2.52%.,"Model view: the forward return estimate was mildly positive at about 228.17%. Confidence was not explicitly available for this prediction. Technical state is mixed, with price not fully aligned across the major moving averages. RSI is in a steady zone near 59.3. MACD remains on the bullish side. Volatility is elevated at roughly 52.3%. No recent matched news was found for this ticker/date. Relative strength versus the benchmark looked mixed. 1-month excess return 5.36%; 3-month excess return -8.78%; 6-month excess return 2.52%."
2022-10-28,IQV,227.2218842025354,,-1.9504215445653283,miss,linear_regression,target_5d_return,regression,1,"Technical state is mixed, with price not fully aligned across the major moving averages. RSI is in a steady zone near 64.0. MACD remains on the bullish side. Volatility is elevated at roughly 53.5%.",No recent matched news was found for this ticker/date.,Relative strength versus the benchmark looked mixed. 1-month excess return 7.42%; 3-month excess return -7.31%; 6-month excess return 1.12%.,"Model view: the forward return estimate was mildly positive at about 227.22%. Confidence was not explicitly available for this prediction. Technical state is mixed, with price not fully aligned across the major moving averages. RSI is in a steady zone near 64.0. MACD remains on the bullish side. Volatility is elevated at roughly 53.5%. No recent matched news was found for this ticker/date. Relative strength versus the benchmark looked mixed. 1-month excess return 7.42%; 3-month excess return -7.31%; 6-month excess return 1.12%."
2022-10-31,IQV,229.2265621967508,,-0.8012556352614442,miss,linear_regression,target_5d_return,regression,1,"Technical state is mixed, with price not fully aligned across the major moving averages. RSI is in a steady zone near 64.8. MACD remains on the bullish side. Volatility is elevated at roughly 52.9%.",No recent matched news was found for this ticker/date.,Relative strength versus the benchmark looked mixed. 1-month excess return 7.63%; 3-month excess return -4.77%; 6-month excess return 3.45%.,"Model view: the forward return estimate was mildly positive at about 229.23%. Confidence was not explicitly available for this prediction. Technical state is mixed, with price not fully aligned across the major moving averages. RSI is in a steady zone near 64.8. MACD remains on the bullish side. Volatility is elevated at roughly 52.9%. No recent matched news was found for this ticker/date. Relative strength versus the benchmark looked mixed. 1-month excess return 7.63%; 3-month excess return -4.77%; 6-month excess return 3.45%."
2022-11-01,IQV,232.68566958754798,,-0.7020398419160578,miss,linear_regression,target_5d_return,regression,1,"Technical state is mixed, with price not fully aligned across the major moving averages. RSI is in a steady zone near 64.5. MACD remains on the bullish side. Volatility is elevated at roughly 51.7%.",No recent matched news was found for this ticker/date.,Relative strength versus the benchmark looked mixed. 1-month excess return 7.55%; 3-month excess return -2.98%; 6-month excess return 4.93%.,"Model view: the forward return estimate was mildly positive at about 232.69%. Confidence was not explicitly available for this prediction. Technical state is mixed, with price not fully aligned across the major moving averages. RSI is in a steady zone near 64.5. MACD remains on the bullish side. Volatility is elevated at roughly 51.7%. No recent matched news was found for this ticker/date. Relative strength versus the benchmark looked mixed. 1-month excess return 7.55%; 3-month excess return -2.98%; 6-month excess return 4.93%."
2022-11-02,IQV,234.2452846430003,,-0.01957844077655757,miss,linear_regression,target_5d_return,regression,1,"Technical state is mixed, with price not fully aligned across the major moving averages. RSI is in a steady zone near 59.1. MACD remains on the bullish side. Volatility is elevated at roughly 52.7%.",No recent matched news was found for this ticker/date.,Relative strength versus the benchmark looked mixed. 1-month excess return 6.61%; 3-month excess return -3.27%; 6-month excess return 4.36%.,"Model view: the forward return estimate was mildly positive at about 234.25%. Confidence was not explicitly available for this prediction. Technical state is mixed, with price not fully aligned across the major moving averages. RSI is in a steady zone near 59.1. MACD remains on the bullish side. Volatility is elevated at roughly 52.7%. No recent matched news was found for this ticker/date. Relative strength versus the benchmark looked mixed. 1-month excess return 6.61%; 3-month excess return -3.27%; 6-month excess return 4.36%."
2022-11-03,IQV,235.28633360410498,,9.182773062226989,hit,linear_regression,target_5d_return,regression,1,"Technical state is mixed, with price not fully aligned across the major moving averages. RSI is in a steady zone near 58.6. MACD remains on the bullish side. Volatility is elevated at roughly 51.6%.",No recent matched news was found for this ticker/date.,Relative strength versus the benchmark looked favorable. 1-month excess return 7.57%; 3-month excess return -2.85%; 6-month excess return 5.10%.,"Model view: the forward return estimate was mildly positive at about 235.29%. Confidence was not explicitly available for this prediction. Technical state is mixed, with price not fully aligned across the major moving averages. RSI is in a steady zone near 58.6. MACD remains on the bullish side. Volatility is elevated at roughly 51.6%. No recent matched news was found for this ticker/date. Relative strength versus the benchmark looked favorable. 1-month excess return 7.57%; 3-month excess return -2.85%; 6-month excess return 5.10%."
2022-11-04,IQV,237.1367931057139,,10.98970700883035,hit,linear_regression,target_5d_return,regression,1,"Technical state is mixed, with price not fully aligned across the major moving averages. RSI is in a steady zone near 58.8. MACD remains on the bullish side. Volatility is elevated at roughly 49.1%.",No recent matched news was found for this ticker/date.,Relative strength versus the benchmark looked mixed. 1-month excess return 8.00%; 3-month excess return -3.74%; 6-month excess return 3.99%.,"Model view: the forward return estimate was mildly positive at about 237.14%. Confidence was not explicitly available for this prediction. Technical state is mixed, with price not fully aligned across the major moving averages. RSI is in a steady zone near 58.8. MACD remains on the bullish side. Volatility is elevated at roughly 49.1%. No recent matched news was found for this ticker/date. Relative strength versus the benchmark looked mixed. 1-month excess return 8.00%; 3-month excess return -3.74%; 6-month excess return 3.99%."
2022-11-07,IQV,237.8546649091419,,6.908983478852693,hit,linear_regression,target_5d_return,regression,1,"Technical state is mixed, with price not fully aligned across the major moving averages. RSI is in a steady zone near 61.8. MACD remains on the bullish side. Volatility is elevated at roughly 47.8%.",No recent matched news was found for this ticker/date.,Relative strength versus the benchmark looked favorable. 1-month excess return 10.59%; 3-month excess return -2.91%; 6-month excess return 6.50%.,"Model view: the forward return estimate was mildly positive at about 237.85%. Confidence was not explicitly available for this prediction. Technical state is mixed, with price not fully aligned across the major moving averages. RSI is in a steady zone near 61.8. MACD remains on the bullish side. Volatility is elevated at roughly 47.8%. No recent matched news was found for this ticker/date. Relative strength versus the benchmark looked favorable. 1-month excess return 10.59%; 3-month excess return -2.91%; 6-month excess return 6.50%."
2022-11-08,IQV,238.1168099078913,,7.882839329543834,hit,linear_regression,target_5d_return,regression,1,"Technical state is mixed, with price not fully aligned across the major moving averages. RSI is in a steady zone near 61.8. MACD remains on the bullish side. Volatility is elevated at roughly 46.8%.",No recent matched news was found for this ticker/date.,Relative strength versus the benchmark looked favorable. 1-month excess return 12.09%; 3-month excess return -4.18%; 6-month excess return 6.62%.,"Model view: the forward return estimate was mildly positive at about 238.12%. Confidence was not explicitly available for this prediction. Technical state is mixed, with price not fully aligned across the major moving averages. RSI is in a steady zone near 61.8. MACD remains on the bullish side. Volatility is elevated at roughly 46.8%. No recent matched news was found for this ticker/date. Relative strength versus the benchmark looked favorable. 1-month excess return 12.09%; 3-month excess return -4.18%; 6-month excess return 6.62%."
2022-11-09,IQV,239.5755180910755,,9.647108291024576,hit,linear_regression,target_5d_return,regression,1,"Technical state is mixed, with price not fully aligned across the major moving averages. RSI is in a steady zone near 57.2. MACD remains on the bullish side. Volatility is elevated at roughly 47.5%.",No recent matched news was found for this ticker/date.,Relative strength versus the benchmark looked favorable. 1-month excess return 13.85%; 3-month excess return -4.65%; 6-month excess return 6.39%.,"Model view: the forward return estimate was mildly positive at about 239.58%. Confidence was not explicitly available for this prediction. Technical state is mixed, with price not fully aligned across the major moving averages. RSI is in a steady zone near 57.2. MACD remains on the bullish side. Volatility is elevated at roughly 47.5%. No recent matched news was found for this ticker/date. Relative strength versus the benchmark looked favorable. 1-month excess return 13.85%; 3-month excess return -4.65%; 6-month excess return 6.39%."
2022-11-10,IQV,233.9104500148913,,-5.013929180654864,miss,linear_regression,target_5d_return,regression,1,"Technical state is constructive, with price above the 50-day and 200-day averages. MACD remains on the bullish side. Volatility is elevated at roughly 55.3%.",No recent matched news was found for this ticker/date.,Relative strength versus the benchmark looked favorable. 1-month excess return 18.81%; 3-month excess return -1.82%; 6-month excess return 9.33%.,"Model view: the forward return estimate was mildly positive at about 233.91%. Confidence was not explicitly available for this prediction. Technical state is constructive, with price above the 50-day and 200-day averages. MACD remains on the bullish side. Volatility is elevated at roughly 55.3%. No recent matched news was found for this ticker/date. Relative strength versus the benchmark looked favorable. 1-month excess return 18.81%; 3-month excess return -1.82%; 6-month excess return 9.33%."
2022-11-11,IQV,232.5573673720592,,-5.6283936205826945,miss,linear_regression,target_5d_return,regression,1,"Technical state is constructive, with price above the 50-day and 200-day averages. RSI is elevated near 71.3, so chasing strength may add risk. MACD remains on the bullish side. Volatility is elevated at roughly 54.3%.",No recent matched news was found for this ticker/date.,Relative strength versus the benchmark looked favorable. 1-month excess return 19.65%; 3-month excess return -1.60%; 6-month excess return 9.35%.,"Model view: the forward return estimate was mildly positive at about 232.56%. Confidence was not explicitly available for this prediction. Technical state is constructive, with price above the 50-day and 200-day averages. RSI is elevated near 71.3, so chasing strength may add risk. MACD remains on the bullish side. Volatility is elevated at roughly 54.3%. No recent matched news was found for this ticker/date. Relative strength versus the benchmark looked favorable. 1-month excess return 19.65%; 3-month excess return -1.60%; 6-month excess return 9.35%."
2022-11-14,IQV,233.6218688773203,,-3.354922959790596,miss,linear_regression,target_5d_return,regression,1,"Technical state is constructive, with price above the 50-day and 200-day averages. MACD remains on the bullish side. Volatility is elevated at roughly 54.1%.",No recent matched news was found for this ticker/date.,Relative strength versus the benchmark looked favorable. 1-month excess return 17.71%; 3-month excess return -1.08%; 6-month excess return 8.96%.,"Model view: the forward return estimate was mildly positive at about 233.62%. Confidence was not explicitly available for this prediction. Technical state is constructive, with price above the 50-day and 200-day averages. MACD remains on the bullish side. Volatility is elevated at roughly 54.1%. No recent matched news was found for this ticker/date. Relative strength versus the benchmark looked favorable. 1-month excess return 17.71%; 3-month excess return -1.08%; 6-month excess return 8.96%."
2022-11-15,IQV,235.8470055472842,,-3.7492772295682153,miss,linear_regression,target_5d_return,regression,1,"Technical state is constructive, with price above the 50-day and 200-day averages. MACD remains on the bullish side. Volatility is elevated at roughly 54.1%.",No recent matched news was found for this ticker/date.,Relative strength versus the benchmark looked favorable. 1-month excess return 15.13%; 3-month excess return -0.12%; 6-month excess return 10.92%.,"Model view: the forward return estimate was mildly positive at about 235.85%. Confidence was not explicitly available for this prediction. Technical state is constructive, with price above the 50-day and 200-day averages. MACD remains on the bullish side. Volatility is elevated at roughly 54.1%. No recent matched news was found for this ticker/date. Relative strength versus the benchmark looked favorable. 1-month excess return 15.13%; 3-month excess return -0.12%; 6-month excess return 10.92%."
2022-11-16,IQV,237.41795388041922,,-2.8122502149832695,miss,linear_regression,target_5d_return,regression,1,"Technical state is constructive, with price above the 50-day and 200-day averages. MACD remains on the bullish side. Volatility is elevated at roughly 51.9%.",No recent matched news was found for this ticker/date.,Relative strength versus the benchmark looked favorable. 1-month excess return 14.94%; 3-month excess return 1.45%; 6-month excess return 12.71%.,"Model view: the forward return estimate was mildly positive at about 237.42%. Confidence was not explicitly available for this prediction. Technical state is constructive, with price above the 50-day and 200-day averages. MACD remains on the bullish side. Volatility is elevated at roughly 51.9%. No recent matched news was found for this ticker/date. Relative strength versus the benchmark looked favorable. 1-month excess return 14.94%; 3-month excess return 1.45%; 6-month excess return 12.71%."
2022-11-17,IQV,239.1245362054483,,4.048811670007435,hit,linear_regression,target_5d_return,regression,1,"Technical state is mixed, with price not fully aligned across the major moving averages. RSI is in a steady zone near 54.3. MACD remains on the bullish side. Volatility is elevated at roughly 56.2%.",No recent matched news was found for this ticker/date.,Relative strength versus the benchmark looked mixed. 1-month excess return 11.49%; 3-month excess return -4.92%; 6-month excess return 3.55%.,"Model view: the forward return estimate was mildly positive at about 239.12%. Confidence was not explicitly available for this prediction. Technical state is mixed, with price not fully aligned across the major moving averages. RSI is in a steady zone near 54.3. MACD remains on the bullish side. Volatility is elevated at roughly 56.2%. No recent matched news was found for this ticker/date. Relative strength versus the benchmark looked mixed. 1-month excess return 11.49%; 3-month excess return -4.92%; 6-month excess return 3.55%."
2022-11-18,IQV,241.7718098082084,,0.31340545082376714,hit,linear_regression,target_5d_return,regression,1,"Technical state is mixed, with price not fully aligned across the major moving averages. RSI is in a steady zone near 56.0. MACD remains on the bullish side. Volatility is elevated at roughly 56.1%.",No recent matched news was found for this ticker/date.,Relative strength versus the benchmark looked mixed. 1-month excess return 14.07%; 3-month excess return -3.48%; 6-month excess return 4.25%.,"Model view: the forward return estimate was mildly positive at about 241.77%. Confidence was not explicitly available for this prediction. Technical state is mixed, with price not fully aligned across the major moving averages. RSI is in a steady zone near 56.0. MACD remains on the bullish side. Volatility is elevated at roughly 56.1%. No recent matched news was found for this ticker/date. Relative strength versus the benchmark looked mixed. 1-month excess return 14.07%; 3-month excess return -3.48%; 6-month excess return 4.25%."
2022-11-21,IQV,242.00660839162992,,-1.116795702488682,miss,linear_regression,target_5d_return,regression,1,"Technical state is mixed, with price not fully aligned across the major moving averages. RSI is in a steady zone near 56.9. MACD remains on the bullish side. Volatility is elevated at roughly 56.1%.",No recent matched news was found for this ticker/date.,Relative strength versus the benchmark looked mixed. 1-month excess return 15.16%; 3-month excess return -1.95%; 6-month excess return 6.23%.,"Model view: the forward return estimate was mildly positive at about 242.01%. Confidence was not explicitly available for this prediction. Technical state is mixed, with price not fully aligned across the major moving averages. RSI is in a steady zone near 56.9. MACD remains on the bullish side. Volatility is elevated at roughly 56.1%. No recent matched news was found for this ticker/date. Relative strength versus the benchmark looked mixed. 1-month excess return 15.16%; 3-month excess return -1.95%; 6-month excess return 6.23%."
2022-11-22,IQV,248.3505487326921,,0.9819409151966108,hit,linear_regression,target_5d_return,regression,1,"Technical state is mixed, with price not fully aligned across the major moving averages. RSI is in a steady zone near 57.6. MACD remains on the bearish side. Volatility is elevated at roughly 44.6%.",No recent matched news was found for this ticker/date.,Relative strength versus the benchmark looked mixed. 1-month excess return 14.65%; 3-month excess return -3.54%; 6-month excess return 5.41%.,"Model view: the forward return estimate was mildly positive at about 248.35%. Confidence was not explicitly available for this prediction. Technical state is mixed, with price not fully aligned across the major moving averages. RSI is in a steady zone near 57.6. MACD remains on the bearish side. Volatility is elevated at roughly 44.6%. No recent matched news was found for this ticker/date. Relative strength versus the benchmark looked mixed. 1-month excess return 14.65%; 3-month excess return -3.54%; 6-month excess return 5.41%."
2022-11-23,IQV,248.97648103592013,,1.299835483734868,hit,linear_regression,target_5d_return,regression,1,"Technical state is constructive, with price above the 50-day and 200-day averages. RSI is in a steady zone near 59.0. MACD remains on the bearish side. Volatility is elevated at roughly 44.1%.",No recent matched news was found for this ticker/date.,Relative strength versus the benchmark looked mixed. 1-month excess return 5.61%; 3-month excess return -3.13%; 6-month excess return 5.80%.,"Model view: the forward return estimate was mildly positive at about 248.98%. Confidence was not explicitly available for this prediction. Technical state is constructive, with price above the 50-day and 200-day averages. RSI is in a steady zone near 59.0. MACD remains on the bearish side. Volatility is elevated at roughly 44.1%. No recent matched news was found for this ticker/date. Relative strength versus the benchmark looked mixed. 1-month excess return 5.61%; 3-month excess return -3.13%; 6-month excess return 5.80%."
2022-11-25,IQV,247.7653956805174,,-1.022820276252201,miss,linear_regression,target_5d_return,regression,1,"Technical state is constructive, with price above the 50-day and 200-day averages. RSI is in a steady zone near 60.8. MACD remains on the bearish side. Volatility is elevated at roughly 43.9%.",No recent matched news was found for this ticker/date.,Relative strength versus the benchmark looked favorable. 1-month excess return 3.52%; 3-month excess return 0.87%; 6-month excess return 6.61%.,"Model view: the forward return estimate was mildly positive at about 247.77%. Confidence was not explicitly available for this prediction. Technical state is constructive, with price above the 50-day and 200-day averages. RSI is in a steady zone near 60.8. MACD remains on the bearish side. Volatility is elevated at roughly 43.9%. No recent matched news was found for this ticker/date. Relative strength versus the benchmark looked favorable. 1-month excess return 3.52%; 3-month excess return 0.87%; 6-month excess return 6.61%."
2022-11-28,IQV,248.80370742565248,,-1.175101099707243,miss,linear_regression,target_5d_return,regression,1,"Technical state is mixed, with price not fully aligned across the major moving averages. RSI is in a steady zone near 54.6. MACD remains on the bearish side. Volatility is elevated at roughly 43.3%.",No recent matched news was found for this ticker/date.,Relative strength versus the benchmark looked mixed. 1-month excess return 2.79%; 3-month excess return -0.07%; 6-month excess return 1.93%.,"Model view: the forward return estimate was mildly positive at about 248.80%. Confidence was not explicitly available for this prediction. Technical state is mixed, with price not fully aligned across the major moving averages. RSI is in a steady zone near 54.6. MACD remains on the bearish side. Volatility is elevated at roughly 43.3%. No recent matched news was found for this ticker/date. Relative strength versus the benchmark looked mixed. 1-month excess return 2.79%; 3-month excess return -0.07%; 6-month excess return 1.93%."
2022-11-29,IQV,251.06401740752193,,-1.2376493566176427,miss,linear_regression,target_5d_return,regression,1,"Technical state is mixed, with price not fully aligned across the major moving averages. RSI is in a steady zone near 52.6. MACD remains on the bearish side. Volatility is elevated at roughly 43.4%.",No recent matched news was found for this ticker/date.,Relative strength versus the benchmark looked mixed. 1-month excess return 0.43%; 3-month excess return -0.87%; 6-month excess return 3.03%.,"Model view: the forward return estimate was mildly positive at about 251.06%. Confidence was not explicitly available for this prediction. Technical state is mixed, with price not fully aligned across the major moving averages. RSI is in a steady zone near 52.6. MACD remains on the bearish side. Volatility is elevated at roughly 43.4%. No recent matched news was found for this ticker/date. Relative strength versus the benchmark looked mixed. 1-month excess return 0.43%; 3-month excess return -0.87%; 6-month excess return 3.03%."
2022-11-30,IQV,252.09671532081936,,-4.738098169260296,miss,linear_regression,target_5d_return,regression,1,"Technical state is constructive, with price above the 50-day and 200-day averages. RSI is in a steady zone near 57.4. MACD remains on the bearish side. Volatility is elevated at roughly 44.3%.",No recent matched news was found for this ticker/date.,Relative strength versus the benchmark looked weak. 1-month excess return -1.52%; 3-month excess return -0.60%; 6-month excess return 4.30%.,"Model view: the forward return estimate was mildly positive at about 252.10%. Confidence was not explicitly available for this prediction. Technical state is constructive, with price above the 50-day and 200-day averages. RSI is in a steady zone near 57.4. MACD remains on the bearish side. Volatility is elevated at roughly 44.3%. No recent matched news was found for this ticker/date. Relative strength versus the benchmark looked weak. 1-month excess return -1.52%; 3-month excess return -0.60%; 6-month excess return 4.30%."
2022-12-01,IQV,250.91526065437918,,-4.597596576441132,miss,linear_regression,target_5d_return,regression,1,"Technical state is constructive, with price above the 50-day and 200-day averages. RSI is in a steady zone near 59.5. MACD remains on the bearish side. Volatility is elevated at roughly 43.2%.",No recent matched news was found for this ticker/date.,Relative strength versus the benchmark looked mixed. 1-month excess return -0.62%; 3-month excess return 1.40%; 6-month excess return 2.60%.,"Model view: the forward return estimate was mildly positive at about 250.92%. Confidence was not explicitly available for this prediction. Technical state is constructive, with price above the 50-day and 200-day averages. RSI is in a steady zone near 59.5. MACD remains on the bearish side. Volatility is elevated at roughly 43.2%. No recent matched news was found for this ticker/date. Relative strength versus the benchmark looked mixed. 1-month excess return -0.62%; 3-month excess return 1.40%; 6-month excess return 2.60%."
2022-12-02,IQV,248.89488480943513,,-4.22541548191403,miss,linear_regression,target_5d_return,regression,1,"Technical state is constructive, with price above the 50-day and 200-day averages. RSI is in a steady zone near 56.2. MACD remains on the bearish side. Volatility is elevated at roughly 43.6%.",No recent matched news was found for this ticker/date.,Relative strength versus the benchmark looked mixed. 1-month excess return -2.02%; 3-month excess return 1.29%; 6-month excess return 0.13%.,"Model view: the forward return estimate was mildly positive at about 248.89%. Confidence was not explicitly available for this prediction. Technical state is constructive, with price above the 50-day and 200-day averages. RSI is in a steady zone near 56.2. MACD remains on the bearish side. Volatility is elevated at roughly 43.6%. No recent matched news was found for this ticker/date. Relative strength versus the benchmark looked mixed. 1-month excess return -2.02%; 3-month excess return 1.29%; 6-month excess return 0.13%."
2022-12-05,IQV,251.58847114682445,,0.5709464236703488,hit,linear_regression,target_5d_return,regression,1,"Technical state is mixed, with price not fully aligned across the major moving averages. RSI is in a steady zone near 50.2. MACD remains on the bearish side. Volatility is elevated at roughly 44.9%.",No recent matched news was found for this ticker/date.,Relative strength versus the benchmark looked weak. 1-month excess return -3.82%; 3-month excess return -1.17%; 6-month excess return -1.07%.,"Model view: the forward return estimate was mildly positive at about 251.59%. Confidence was not explicitly available for this prediction. Technical state is mixed, with price not fully aligned across the major moving averages. RSI is in a steady zone near 50.2. MACD remains on the bearish side. Volatility is elevated at roughly 44.9%. No recent matched news was found for this ticker/date. Relative strength versus the benchmark looked weak. 1-month excess return -3.82%; 3-month excess return -1.17%; 6-month excess return -1.07%."
2022-12-06,IQV,252.86172587693815,,3.3020479800843994,hit,linear_regression,target_5d_return,regression,1,"Technical state is mixed, with price not fully aligned across the major moving averages. MACD remains on the bearish side. Volatility is elevated at roughly 44.6%.",No recent matched news was found for this ticker/date.,Relative strength versus the benchmark looked weak. 1-month excess return -1.86%; 3-month excess return -1.45%; 6-month excess return -1.55%.,"Model view: the forward return estimate was mildly positive at about 252.86%. Confidence was not explicitly available for this prediction. Technical state is mixed, with price not fully aligned across the major moving averages. MACD remains on the bearish side. Volatility is elevated at roughly 44.6%. No recent matched news was found for this ticker/date. Relative strength versus the benchmark looked weak. 1-month excess return -1.86%; 3-month excess return -1.45%; 6-month excess return -1.55%."
2022-12-07,IQV,255.6254804564014,,3.1392961605363645,hit,linear_regression,target_5d_return,regression,1,"Technical state is mixed, with price not fully aligned across the major moving averages. MACD remains on the bearish side. Volatility is elevated at roughly 44.8%.",No recent matched news was found for this ticker/date.,Relative strength versus the benchmark looked weak. 1-month excess return -3.64%; 3-month excess return -4.24%; 6-month excess return -1.49%.,"Model view: the forward return estimate was mildly positive at about 255.63%. Confidence was not explicitly available for this prediction. Technical state is mixed, with price not fully aligned across the major moving averages. MACD remains on the bearish side. Volatility is elevated at roughly 44.8%. No recent matched news was found for this ticker/date. Relative strength versus the benchmark looked weak. 1-month excess return -3.64%; 3-month excess return -4.24%; 6-month excess return -1.49%."
2022-12-08,IQV,255.7530184557558,,-0.950525148610204,miss,linear_regression,target_5d_return,regression,1,"Technical state is mixed, with price not fully aligned across the major moving averages. MACD remains on the bearish side. Volatility is elevated at roughly 44.5%.",No recent matched news was found for this ticker/date.,Relative strength versus the benchmark looked weak. 1-month excess return -2.55%; 3-month excess return -3.16%; 6-month excess return -1.55%.,"Model view: the forward return estimate was mildly positive at about 255.75%. Confidence was not explicitly available for this prediction. Technical state is mixed, with price not fully aligned across the major moving averages. MACD remains on the bearish side. Volatility is elevated at roughly 44.5%. No recent matched news was found for this ticker/date. Relative strength versus the benchmark looked weak. 1-month excess return -2.55%; 3-month excess return -3.16%; 6-month excess return -1.55%."
2022-12-09,IQV,264.01300421942847,,-2.2778497232080697,miss,linear_regression,target_5d_return,regression,1,"Technical state is mixed, with price not fully aligned across the major moving averages. MACD remains on the bearish side. Volatility is elevated at roughly 30.3%.",No recent matched news was found for this ticker/date.,Relative strength versus the benchmark looked weak. 1-month excess return -3.07%; 3-month excess return -3.71%; 6-month excess return -0.35%.,"Model view: the forward return estimate was mildly positive at about 264.01%. Confidence was not explicitly available for this prediction. Technical state is mixed, with price not fully aligned across the major moving averages. MACD remains on the bearish side. Volatility is elevated at roughly 30.3%. No recent matched news was found for this ticker/date. Relative strength versus the benchmark looked weak. 1-month excess return -3.07%; 3-month excess return -3.71%; 6-month excess return -0.35%."
2022-12-12,IQV,267.65664346430424,,-6.240031476890284,miss,linear_regression,target_5d_return,regression,1,"Technical state is mixed, with price not fully aligned across the major moving averages. RSI is in a steady zone near 52.1. MACD remains on the bearish side. Volatility is elevated at roughly 30.7%.",No recent matched news was found for this ticker/date.,Relative strength versus the benchmark looked weak. 1-month excess return -5.34%; 3-month excess return -1.17%; 6-month excess return -0.04%.,"Model view: the forward return estimate was mildly positive at about 267.66%. Confidence was not explicitly available for this prediction. Technical state is mixed, with price not fully aligned across the major moving averages. RSI is in a steady zone near 52.1. MACD remains on the bearish side. Volatility is elevated at roughly 30.7%. No recent matched news was found for this ticker/date. Relative strength versus the benchmark looked weak. 1-month excess return -5.34%; 3-month excess return -1.17%; 6-month excess return -0.04%."
2022-12-13,IQV,267.2241592630504,,-7.112545180759988,miss,linear_regression,target_5d_return,regression,1,"Technical state is constructive, with price above the 50-day and 200-day averages. RSI is in a steady zone near 55.6. MACD remains on the bearish side. Volatility is elevated at roughly 30.9%.",No recent matched news was found for this ticker/date.,Relative strength versus the benchmark looked mixed. 1-month excess return -5.18%; 3-month excess return 1.83%; 6-month excess return 0.42%.,"Model view: the forward return estimate was mildly positive at about 267.22%. Confidence was not explicitly available for this prediction. Technical state is constructive, with price above the 50-day and 200-day averages. RSI is in a steady zone near 55.6. MACD remains on the bearish side. Volatility is elevated at roughly 30.9%. No recent matched news was found for this ticker/date. Relative strength versus the benchmark looked mixed. 1-month excess return -5.18%; 3-month excess return 1.83%; 6-month excess return 0.42%."
2022-12-14,IQV,266.9747636242602,,-4.509594957911,miss,linear_regression,target_5d_return,regression,1,"Technical state is mixed, with price not fully aligned across the major moving averages. RSI is in a steady zone near 52.7. MACD remains on the bearish side. Volatility is elevated at roughly 30.9%.",No recent matched news was found for this ticker/date.,Relative strength versus the benchmark looked mixed. 1-month excess return -4.75%; 3-month excess return 0.93%; 6-month excess return 0.63%.,"Model view: the forward return estimate was mildly positive at about 266.97%. Confidence was not explicitly available for this prediction. Technical state is mixed, with price not fully aligned across the major moving averages. RSI is in a steady zone near 52.7. MACD remains on the bearish side. Volatility is elevated at roughly 30.9%. No recent matched news was found for this ticker/date. Relative strength versus the benchmark looked mixed. 1-month excess return -4.75%; 3-month excess return 0.93%; 6-month excess return 0.63%."
2022-12-15,IQV,0.760011179791963,,-2.52867145523642,miss,linear_regression,target_5d_return,regression,2,"Technical state is mixed, with price not fully aligned across the major moving averages. MACD remains on the bearish side. Volatility is elevated at roughly 32.2%.",No recent matched news was found for this ticker/date.,Relative strength versus the benchmark looked weak. 1-month excess return -4.88%; 3-month excess return 1.01%; 6-month excess return -0.16%.,"Model view: the forward return estimate was mildly positive at about 0.76%. Confidence was not explicitly available for this prediction. Technical state is mixed, with price not fully aligned across the major moving averages. MACD remains on the bearish side. Volatility is elevated at roughly 32.2%. No recent matched news was found for this ticker/date. Relative strength versus the benchmark looked weak. 1-month excess return -4.88%; 3-month excess return 1.01%; 6-month excess return -0.16%."
2022-12-16,IQV,2.4869610462404275,,0.029442319635464287,hit,linear_regression,target_5d_return,regression,2,"Technical state is mixed, with price not fully aligned across the major moving averages. MACD remains on the bearish side.",No recent matched news was found for this ticker/date.,Relative strength versus the benchmark looked weak. 1-month excess return -6.40%; 3-month excess return 1.36%; 6-month excess return -1.24%.,"Model view: the forward return estimate was mildly positive at about 2.49%. Confidence was not explicitly available for this prediction. Technical state is mixed, with price not fully aligned across the major moving averages. MACD remains on the bearish side. No recent matched news was found for this ticker/date. Relative strength versus the benchmark looked weak. 1-month excess return -6.40%; 3-month excess return 1.36%; 6-month excess return -1.24%."
2022-12-19,IQV,1.2359057017710915,,1.5512440754222867,hit,linear_regression,target_5d_return,regression,2,"Technical state is soft, with price below the 50-day and 200-day averages. RSI is weak near 39.2. MACD remains on the bearish side.",No recent matched news was found for this ticker/date.,Relative strength versus the benchmark looked weak. 1-month excess return -2.28%; 3-month excess return 1.15%; 6-month excess return -0.78%.,"Model view: the forward return estimate was mildly positive at about 1.24%. Confidence was not explicitly available for this prediction. Technical state is soft, with price below the 50-day and 200-day averages. RSI is weak near 39.2. MACD remains on the bearish side. No recent matched news was found for this ticker/date. Relative strength versus the benchmark looked weak. 1-month excess return -2.28%; 3-month excess return 1.15%; 6-month excess return -0.78%."
2022-12-20,IQV,-0.28431090361719324,,0.24331622926523355,miss,linear_regression,target_5d_return,regression,2,"Technical state is soft, with price below the 50-day and 200-day averages. MACD remains on the bearish side.",No recent matched news was found for this ticker/date.,Relative strength versus the benchmark looked weak. 1-month excess return -1.87%; 3-month excess return 2.61%; 6-month excess return -1.39%.,"Model view: the forward return estimate was mildly negative at about -0.28%. Confidence was not explicitly available for this prediction. Technical state is soft, with price below the 50-day and 200-day averages. MACD remains on the bearish side. No recent matched news was found for this ticker/date. Relative strength versus the benchmark looked weak. 1-month excess return -1.87%; 3-month excess return 2.61%; 6-month excess return -1.39%."
2022-12-21,IQV,-1.4924227636674028,,1.5937396520160574,miss,linear_regression,target_5d_return,regression,2,"Technical state is soft, with price below the 50-day and 200-day averages. MACD remains on the bearish side.",No recent matched news was found for this ticker/date.,Relative strength versus the benchmark looked weak. 1-month excess return -2.66%; 3-month excess return 4.55%; 6-month excess return -4.96%.,"Model view: the forward return estimate was mildly negative at about -1.49%. Confidence was not explicitly available for this prediction. Technical state is soft, with price below the 50-day and 200-day averages. MACD remains on the bearish side. No recent matched news was found for this ticker/date. Relative strength versus the benchmark looked weak. 1-month excess return -2.66%; 3-month excess return 4.55%; 6-month excess return -4.96%."
2022-12-22,IQV,-2.5888485286018543,,0.8614748475229028,miss,linear_regression,target_5d_return,regression,2,"Technical state is soft, with price below the 50-day and 200-day averages. MACD remains on the bearish side.",No recent matched news was found for this ticker/date.,Relative strength versus the benchmark looked weak. 1-month excess return -1.11%; 3-month excess return 4.21%; 6-month excess return -2.18%.,"Model view: the forward return estimate was mildly negative at about -2.59%. Confidence was not explicitly available for this prediction. Technical state is soft, with price below the 50-day and 200-day averages. MACD remains on the bearish side. No recent matched news was found for this ticker/date. Relative strength versus the benchmark looked weak. 1-month excess return -1.11%; 3-month excess return 4.21%; 6-month excess return -2.18%."
2022-12-23,IQV,-3.5463304140591525,,0.009813713118300704,miss,linear_regression,target_5d_return,regression,2,"Technical state is soft, with price below the 50-day and 200-day averages. MACD remains on the bearish side.",No recent matched news was found for this ticker/date.,Relative strength versus the benchmark looked weak. 1-month excess return -1.52%; 3-month excess return 4.93%; 6-month excess return -3.96%.,"Model view: the forward return estimate was mildly negative at about -3.55%. Confidence was not explicitly available for this prediction. Technical state is soft, with price below the 50-day and 200-day averages. MACD remains on the bearish side. No recent matched news was found for this ticker/date. Relative strength versus the benchmark looked weak. 1-month excess return -1.52%; 3-month excess return 4.93%; 6-month excess return -3.96%."
2022-12-27,IQV,-1.8875517813627705,,2.384939528759511,miss,linear_regression,target_5d_return,regression,2,"Technical state is soft, with price below the 50-day and 200-day averages. MACD remains on the bearish side.",No recent matched news was found for this ticker/date.,Relative strength versus the benchmark looked weak. 1-month excess return -2.52%; 3-month excess return 6.47%; 6-month excess return -4.25%.,"Model view: the forward return estimate was mildly negative at about -1.89%. Confidence was not explicitly available for this prediction. Technical state is soft, with price below the 50-day and 200-day averages. MACD remains on the bearish side. No recent matched news was found for this ticker/date. Relative strength versus the benchmark looked weak. 1-month excess return -2.52%; 3-month excess return 6.47%; 6-month excess return -4.25%."
2022-12-28,IQV,-1.625896878964337,,2.566011819420355,miss,linear_regression,target_5d_return,regression,2,"Technical state is soft, with price below the 50-day and 200-day averages. MACD remains on the bearish side.",No recent matched news was found for this ticker/date.,Relative strength versus the benchmark looked weak. 1-month excess return -0.98%; 3-month excess return 7.04%; 6-month excess return -4.72%.,"Model view: the forward return estimate was mildly negative at about -1.63%. Confidence was not explicitly available for this prediction. Technical state is soft, with price below the 50-day and 200-day averages. MACD remains on the bearish side. No recent matched news was found for this ticker/date. Relative strength versus the benchmark looked weak. 1-month excess return -0.98%; 3-month excess return 7.04%; 6-month excess return -4.72%."
2022-12-29,IQV,-5.243633584946845,,-1.178960096735182,hit,linear_regression,target_5d_return,regression,2,"Technical state is soft, with price below the 50-day and 200-day averages. RSI is in a steady zone near 50.2. MACD remains on the bearish side.",No recent matched news was found for this ticker/date.,Relative strength versus the benchmark looked mixed. 1-month excess return 0.82%; 3-month excess return 8.75%; 6-month excess return -5.80%.,"Model view: the forward return estimate was mildly negative at about -5.24%. Confidence was not explicitly available for this prediction. Technical state is soft, with price below the 50-day and 200-day averages. RSI is in a steady zone near 50.2. MACD remains on the bearish side. No recent matched news was found for this ticker/date. Relative strength versus the benchmark looked mixed. 1-month excess return 0.82%; 3-month excess return 8.75%; 6-month excess return -5.80%."
2022-12-30,IQV,-5.2978067853059185,,1.7570433472789082,miss,linear_regression,target_5d_return,regression,2,"Technical state is soft, with price below the 50-day and 200-day averages. MACD remains on the bearish side.",No recent matched news was found for this ticker/date.,Relative strength versus the benchmark looked mixed. 1-month excess return 0.16%; 3-month excess return 6.09%; 6-month excess return -4.98%.,"Model view: the forward return estimate was mildly negative at about -5.30%. Confidence was not explicitly available for this prediction. Technical state is soft, with price below the 50-day and 200-day averages. MACD remains on the bearish side. No recent matched news was found for this ticker/date. Relative strength versus the benchmark looked mixed. 1-month excess return 0.16%; 3-month excess return 6.09%; 6-month excess return -4.98%."
2023-01-03,IQV,-3.8300819625867426,,5.714703159817813,miss,linear_regression,target_5d_return,regression,2,"Technical state is soft, with price below the 50-day and 200-day averages. MACD remains on the bearish side.",No recent matched news was found for this ticker/date.,Relative strength versus the benchmark looked weak. 1-month excess return -1.01%; 3-month excess return 5.62%; 6-month excess return -5.01%.,"Model view: the forward return estimate was mildly negative at about -3.83%. Confidence was not explicitly available for this prediction. Technical state is soft, with price below the 50-day and 200-day averages. MACD remains on the bearish side. No recent matched news was found for this ticker/date. Relative strength versus the benchmark looked weak. 1-month excess return -1.01%; 3-month excess return 5.62%; 6-month excess return -5.01%."
2023-01-04,IQV,-3.7468950083952373,,6.617576321484719,miss,linear_regression,target_5d_return,regression,2,"Technical state is soft, with price below the 50-day and 200-day averages. RSI is in a steady zone near 50.7. MACD remains on the bearish side.",No recent matched news was found for this ticker/date.,Relative strength versus the benchmark looked mixed. 1-month excess return 1.18%; 3-month excess return 6.08%; 6-month excess return -3.86%.,"Model view: the forward return estimate was mildly negative at about -3.75%. Confidence was not explicitly available for this prediction. Technical state is soft, with price below the 50-day and 200-day averages. RSI is in a steady zone near 50.7. MACD remains on the bearish side. No recent matched news was found for this ticker/date. Relative strength versus the benchmark looked mixed. 1-month excess return 1.18%; 3-month excess return 6.08%; 6-month excess return -3.86%."
2023-01-05,IQV,-4.812019002042848,,6.013038765872403,miss,linear_regression,target_5d_return,regression,2,"Technical state is soft, with price below the 50-day and 200-day averages. MACD remains on the bullish side.",No recent matched news was found for this ticker/date.,Relative strength versus the benchmark looked mixed. 1-month excess return 2.78%; 3-month excess return 6.97%; 6-month excess return -2.92%.,"Model view: the forward return estimate was mildly negative at about -4.81%. Confidence was not explicitly available for this prediction. Technical state is soft, with price below the 50-day and 200-day averages. MACD remains on the bullish side. No recent matched news was found for this ticker/date. Relative strength versus the benchmark looked mixed. 1-month excess return 2.78%; 3-month excess return 6.97%; 6-month excess return -2.92%."
2023-01-06,IQV,-6.025282431455903,,8.171016132365082,miss,linear_regression,target_5d_return,regression,2,"Technical state is soft, with price below the 50-day and 200-day averages. MACD remains on the bullish side.",No recent matched news was found for this ticker/date.,Relative strength versus the benchmark looked weak. 1-month excess return -0.65%; 3-month excess return 5.53%; 6-month excess return -6.18%.,"Model view: the forward return estimate was mildly negative at about -6.03%. Confidence was not explicitly available for this prediction. Technical state is soft, with price below the 50-day and 200-day averages. MACD remains on the bullish side. No recent matched news was found for this ticker/date. Relative strength versus the benchmark looked weak. 1-month excess return -0.65%; 3-month excess return 5.53%; 6-month excess return -6.18%."
2023-01-09,IQV,-8.947047918321882,,6.259286991767388,miss,linear_regression,target_5d_return,regression,2,"Technical state is soft, with price below the 50-day and 200-day averages. RSI is in a steady zone near 51.8. MACD remains on the bullish side.",No recent matched news was found for this ticker/date.,Relative strength versus the benchmark looked mixed. 1-month excess return 1.77%; 3-month excess return 8.71%; 6-month excess return -4.97%.,"Model view: the forward return estimate was mildly negative at about -8.95%. Confidence was not explicitly available for this prediction. Technical state is soft, with price below the 50-day and 200-day averages. RSI is in a steady zone near 51.8. MACD remains on the bullish side. No recent matched news was found for this ticker/date. Relative strength versus the benchmark looked mixed. 1-month excess return 1.77%; 3-month excess return 8.71%; 6-month excess return -4.97%."
2023-01-10,IQV,-13.569429477426944,,2.3386426028431773,miss,linear_regression,target_5d_return,regression,2,"Technical state is constructive, with price above the 50-day and 200-day averages. RSI is in a steady zone near 59.6. MACD remains on the bullish side.",No recent matched news was found for this ticker/date.,Relative strength versus the benchmark looked favorable. 1-month excess return 3.88%; 3-month excess return 14.04%; 6-month excess return -1.61%.,"Model view: the forward return estimate was mildly negative at about -13.57%. Confidence was not explicitly available for this prediction. Technical state is constructive, with price above the 50-day and 200-day averages. RSI is in a steady zone near 59.6. MACD remains on the bullish side. No recent matched news was found for this ticker/date. Relative strength versus the benchmark looked favorable. 1-month excess return 3.88%; 3-month excess return 14.04%; 6-month excess return -1.61%."
2023-01-11,IQV,-16.174683653355352,,0.3430661811148594,miss,linear_regression,target_5d_return,regression,2,"Technical state is constructive, with price above the 50-day and 200-day averages. RSI is in a steady zone near 64.9. MACD remains on the bullish side.",No recent matched news was found for this ticker/date.,Relative strength versus the benchmark looked favorable. 1-month excess return 5.70%; 3-month excess return 17.88%; 6-month excess return 0.25%.,"Model view: the forward return estimate was mildly negative at about -16.17%. Confidence was not explicitly available for this prediction. Technical state is constructive, with price above the 50-day and 200-day averages. RSI is in a steady zone near 64.9. MACD remains on the bullish side. No recent matched news was found for this ticker/date. Relative strength versus the benchmark looked favorable. 1-month excess return 5.70%; 3-month excess return 17.88%; 6-month excess return 0.25%."
2023-01-12,IQV,-16.31905211404533,,1.8724376356954675,miss,linear_regression,target_5d_return,regression,2,"Technical state is constructive, with price above the 50-day and 200-day averages. RSI is in a steady zone near 62.0. MACD remains on the bullish side.",No recent matched news was found for this ticker/date.,Relative strength versus the benchmark looked mixed. 1-month excess return 3.49%; 3-month excess return 16.38%; 6-month excess return -1.46%.,"Model view: the forward return estimate was mildly negative at about -16.32%. Confidence was not explicitly available for this prediction. Technical state is constructive, with price above the 50-day and 200-day averages. RSI is in a steady zone near 62.0. MACD remains on the bullish side. No recent matched news was found for this ticker/date. Relative strength versus the benchmark looked mixed. 1-month excess return 3.49%; 3-month excess return 16.38%; 6-month excess return -1.46%."
2023-01-13,IQV,-14.217512123541688,,2.9756012552953903,miss,linear_regression,target_5d_return,regression,2,"Technical state is constructive, with price above the 50-day and 200-day averages. RSI is in a steady zone near 64.2. MACD remains on the bullish side.",No recent matched news was found for this ticker/date.,Relative strength versus the benchmark looked favorable. 1-month excess return 3.32%; 3-month excess return 17.14%; 6-month excess return -2.06%.,"Model view: the forward return estimate was mildly negative at about -14.22%. Confidence was not explicitly available for this prediction. Technical state is constructive, with price above the 50-day and 200-day averages. RSI is in a steady zone near 64.2. MACD remains on the bullish side. No recent matched news was found for this ticker/date. Relative strength versus the benchmark looked favorable. 1-month excess return 3.32%; 3-month excess return 17.14%; 6-month excess return -2.06%."
2023-01-17,IQV,-16.280250356248043,,1.9138781356230483,miss,linear_regression,target_5d_return,regression,2,"Technical state is constructive, with price above the 50-day and 200-day averages. RSI is in a steady zone near 63.3. MACD remains on the bullish side.",No recent matched news was found for this ticker/date.,Relative strength versus the benchmark looked favorable. 1-month excess return 3.83%; 3-month excess return 16.49%; 6-month excess return -0.08%.,"Model view: the forward return estimate was mildly negative at about -16.28%. Confidence was not explicitly available for this prediction. Technical state is constructive, with price above the 50-day and 200-day averages. RSI is in a steady zone near 63.3. MACD remains on the bullish side. No recent matched news was found for this ticker/date. Relative strength versus the benchmark looked favorable. 1-month excess return 3.83%; 3-month excess return 16.49%; 6-month excess return -0.08%."
2023-01-18,IQV,-12.427408923061314,,2.697799531132117,miss,linear_regression,target_5d_return,regression,2,"Technical state is constructive, with price above the 50-day and 200-day averages. RSI is in a steady zone near 61.7. MACD remains on the bullish side.",No recent matched news was found for this ticker/date.,Relative strength versus the benchmark looked favorable. 1-month excess return 5.38%; 3-month excess return 14.98%; 6-month excess return 0.27%.,"Model view: the forward return estimate was mildly negative at about -12.43%. Confidence was not explicitly available for this prediction. Technical state is constructive, with price above the 50-day and 200-day averages. RSI is in a steady zone near 61.7. MACD remains on the bullish side. No recent matched news was found for this ticker/date. Relative strength versus the benchmark looked favorable. 1-month excess return 5.38%; 3-month excess return 14.98%; 6-month excess return 0.27%."
2023-01-19,IQV,-13.273162773403719,,2.802650220205294,miss,linear_regression,target_5d_return,regression,2,"Technical state is constructive, with price above the 50-day and 200-day averages. RSI is in a steady zone near 63.4. MACD remains on the bullish side.",No recent matched news was found for this ticker/date.,Relative strength versus the benchmark looked favorable. 1-month excess return 8.16%; 3-month excess return 15.85%; 6-month excess return 2.36%.,"Model view: the forward return estimate was mildly negative at about -13.27%. Confidence was not explicitly available for this prediction. Technical state is constructive, with price above the 50-day and 200-day averages. RSI is in a steady zone near 63.4. MACD remains on the bullish side. No recent matched news was found for this ticker/date. Relative strength versus the benchmark looked favorable. 1-month excess return 8.16%; 3-month excess return 15.85%; 6-month excess return 2.36%."
2023-01-20,IQV,-15.384786156063818,,2.620634405597455,miss,linear_regression,target_5d_return,regression,2,"Technical state is constructive, with price above the 50-day and 200-day averages. RSI is in a steady zone near 64.7. MACD remains on the bullish side.",No recent matched news was found for this ticker/date.,Relative strength versus the benchmark looked favorable. 1-month excess return 8.22%; 3-month excess return 17.94%; 6-month excess return -0.11%.,"Model view: the forward return estimate was mildly negative at about -15.38%. Confidence was not explicitly available for this prediction. Technical state is constructive, with price above the 50-day and 200-day averages. RSI is in a steady zone near 64.7. MACD remains on the bullish side. No recent matched news was found for this ticker/date. Relative strength versus the benchmark looked favorable. 1-month excess return 8.22%; 3-month excess return 17.94%; 6-month excess return -0.11%."
2023-01-23,IQV,-17.233952863943394,,-1.079781954405734,hit,linear_regression,target_5d_return,regression,2,"Technical state is constructive, with price above the 50-day and 200-day averages. MACD remains on the bullish side.",No recent matched news was found for this ticker/date.,Relative strength versus the benchmark looked favorable. 1-month excess return 8.31%; 3-month excess return 21.41%; 6-month excess return 1.82%.,"Model view: the forward return estimate was mildly negative at about -17.23%. Confidence was not explicitly available for this prediction. Technical state is constructive, with price above the 50-day and 200-day averages. MACD remains on the bullish side. No recent matched news was found for this ticker/date. Relative strength versus the benchmark looked favorable. 1-month excess return 8.31%; 3-month excess return 21.41%; 6-month excess return 1.82%."
2023-01-24,IQV,-15.307349472161839,,1.6077619374782914,miss,linear_regression,target_5d_return,regression,2,"Technical state is constructive, with price above the 50-day and 200-day averages. RSI is in a steady zone near 64.1. MACD remains on the bullish side.",No recent matched news was found for this ticker/date.,Relative strength versus the benchmark looked favorable. 1-month excess return 6.76%; 3-month excess return 19.80%; 6-month excess return 0.74%.,"Model view: the forward return estimate was mildly negative at about -15.31%. Confidence was not explicitly available for this prediction. Technical state is constructive, with price above the 50-day and 200-day averages. RSI is in a steady zone near 64.1. MACD remains on the bullish side. No recent matched news was found for this ticker/date. Relative strength versus the benchmark looked favorable. 1-month excess return 6.76%; 3-month excess return 19.80%; 6-month excess return 0.74%."
2023-01-25,IQV,-13.004146754210502,,3.08609514046978,miss,linear_regression,target_5d_return,regression,2,"Technical state is constructive, with price above the 50-day and 200-day averages. RSI is in a steady zone near 64.8. MACD remains on the bullish side.",No recent matched news was found for this ticker/date.,Relative strength versus the benchmark looked favorable. 1-month excess return 6.36%; 3-month excess return 20.46%; 6-month excess return 0.70%.,"Model view: the forward return estimate was mildly negative at about -13.00%. Confidence was not explicitly available for this prediction. Technical state is constructive, with price above the 50-day and 200-day averages. RSI is in a steady zone near 64.8. MACD remains on the bullish side. No recent matched news was found for this ticker/date. Relative strength versus the benchmark looked favorable. 1-month excess return 6.36%; 3-month excess return 20.46%; 6-month excess return 0.70%."
2023-01-26,IQV,-10.141023070805382,,5.308064675843882,miss,linear_regression,target_5d_return,regression,2,"Technical state is constructive, with price above the 50-day and 200-day averages. MACD remains on the bullish side.",No recent matched news was found for this ticker/date.,Relative strength versus the benchmark looked favorable. 1-month excess return 6.44%; 3-month excess return 10.51%; 6-month excess return 0.65%.,"Model view: the forward return estimate was mildly negative at about -10.14%. Confidence was not explicitly available for this prediction. Technical state is constructive, with price above the 50-day and 200-day averages. MACD remains on the bullish side. No recent matched news was found for this ticker/date. Relative strength versus the benchmark looked favorable. 1-month excess return 6.44%; 3-month excess return 10.51%; 6-month excess return 0.65%."
2023-01-27,IQV,-11.103679132707498,,3.3599125872940006,miss,linear_regression,target_5d_return,regression,2,"Technical state is constructive, with price above the 50-day and 200-day averages. MACD remains on the bullish side.",No recent matched news was found for this ticker/date.,Relative strength versus the benchmark looked favorable. 1-month excess return 6.68%; 3-month excess return 7.35%; 6-month excess return -2.65%.,"Model view: the forward return estimate was mildly negative at about -11.10%. Confidence was not explicitly available for this prediction. Technical state is constructive, with price above the 50-day and 200-day averages. MACD remains on the bullish side. No recent matched news was found for this ticker/date. Relative strength versus the benchmark looked favorable. 1-month excess return 6.68%; 3-month excess return 7.35%; 6-month excess return -2.65%."
2023-01-30,IQV,-10.986568592549368,,2.664839496122795,miss,linear_regression,target_5d_return,regression,2,"Technical state is constructive, with price above the 50-day and 200-day averages. RSI is in a steady zone near 61.6. MACD remains on the bullish side.",No recent matched news was found for this ticker/date.,Relative strength versus the benchmark looked favorable. 1-month excess return 5.73%; 3-month excess return 7.47%; 6-month excess return -3.03%.,"Model view: the forward return estimate was mildly negative at about -10.99%. Confidence was not explicitly available for this prediction. Technical state is constructive, with price above the 50-day and 200-day averages. RSI is in a steady zone near 61.6. MACD remains on the bullish side. No recent matched news was found for this ticker/date. Relative strength versus the benchmark looked favorable. 1-month excess return 5.73%; 3-month excess return 7.47%; 6-month excess return -3.03%."
2023-01-31,IQV,-8.487229264859558,,2.802838835769239,miss,linear_regression,target_5d_return,regression,2,"Technical state is constructive, with price above the 50-day and 200-day averages. RSI is in a steady zone near 64.9. MACD remains on the bullish side.",No recent matched news was found for this ticker/date.,Relative strength versus the benchmark looked favorable. 1-month excess return 4.40%; 3-month excess return 5.71%; 6-month excess return -2.64%.,"Model view: the forward return estimate was mildly negative at about -8.49%. Confidence was not explicitly available for this prediction. Technical state is constructive, with price above the 50-day and 200-day averages. RSI is in a steady zone near 64.9. MACD remains on the bullish side. No recent matched news was found for this ticker/date. Relative strength versus the benchmark looked favorable. 1-month excess return 4.40%; 3-month excess return 5.71%; 6-month excess return -2.64%."
2023-02-01,IQV,-9.948480321031461,,0.8651286848040396,miss,linear_regression,target_5d_return,regression,2,"Technical state is constructive, with price above the 50-day and 200-day averages. MACD remains on the bullish side.",No recent matched news was found for this ticker/date.,Relative strength versus the benchmark looked favorable. 1-month excess return 6.50%; 3-month excess return 5.00%; 6-month excess return -0.58%.,"Model view: the forward return estimate was mildly negative at about -9.95%. Confidence was not explicitly available for this prediction. Technical state is constructive, with price above the 50-day and 200-day averages. MACD remains on the bullish side. No recent matched news was found for this ticker/date. Relative strength versus the benchmark looked favorable. 1-month excess return 6.50%; 3-month excess return 5.00%; 6-month excess return -0.58%."
2023-02-02,IQV,-12.20629882050941,,-4.296695034340359,hit,linear_regression,target_5d_return,regression,2,"Technical state is constructive, with price above the 50-day and 200-day averages. RSI is elevated near 74.0, so chasing strength may add risk. MACD remains on the bullish side.",No recent matched news was found for this ticker/date.,Relative strength versus the benchmark looked favorable. 1-month excess return 8.63%; 3-month excess return 6.61%; 6-month excess return 2.70%.,"Model view: the forward return estimate was mildly negative at about -12.21%. Confidence was not explicitly available for this prediction. Technical state is constructive, with price above the 50-day and 200-day averages. RSI is elevated near 74.0, so chasing strength may add risk. MACD remains on the bullish side. No recent matched news was found for this ticker/date. Relative strength versus the benchmark looked favorable. 1-month excess return 8.63%; 3-month excess return 6.61%; 6-month excess return 2.70%."
2023-02-03,IQV,-12.222280800944112,,-6.046039624216116,hit,linear_regression,target_5d_return,regression,2,"Technical state is constructive, with price above the 50-day and 200-day averages. MACD remains on the bullish side.",No recent matched news was found for this ticker/date.,Relative strength versus the benchmark looked favorable. 1-month excess return 6.68%; 3-month excess return 6.09%; 6-month excess return 1.72%.,"Model view: the forward return estimate was mildly negative at about -12.22%. Confidence was not explicitly available for this prediction. Technical state is constructive, with price above the 50-day and 200-day averages. MACD remains on the bullish side. No recent matched news was found for this ticker/date. Relative strength versus the benchmark looked favorable. 1-month excess return 6.68%; 3-month excess return 6.09%; 6-month excess return 1.72%."
2023-02-06,IQV,-12.6844477722561,,-0.08609054726185228,hit,linear_regression,target_5d_return,regression,2,"Technical state is constructive, with price above the 50-day and 200-day averages. RSI is in a steady zone near 60.6. MACD remains on the bullish side.",No recent matched news was found for this ticker/date.,Relative strength versus the benchmark looked favorable. 1-month excess return 4.17%; 3-month excess return 3.44%; 6-month excess return -0.16%.,"Model view: the forward return estimate was mildly negative at about -12.68%. Confidence was not explicitly available for this prediction. Technical state is constructive, with price above the 50-day and 200-day averages. RSI is in a steady zone near 60.6. MACD remains on the bullish side. No recent matched news was found for this ticker/date. Relative strength versus the benchmark looked favorable. 1-month excess return 4.17%; 3-month excess return 3.44%; 6-month excess return -0.16%."
2023-02-07,IQV,-13.299473759794516,,-3.718618194475809,hit,linear_regression,target_5d_return,regression,2,"Technical state is constructive, with price above the 50-day and 200-day averages. RSI is in a steady zone near 63.7. MACD remains on the bullish side.",No recent matched news was found for this ticker/date.,Relative strength versus the benchmark looked favorable. 1-month excess return 7.85%; 3-month excess return 5.23%; 6-month excess return 0.44%.,"Model view: the forward return estimate was mildly negative at about -13.30%. Confidence was not explicitly available for this prediction. Technical state is constructive, with price above the 50-day and 200-day averages. RSI is in a steady zone near 63.7. MACD remains on the bullish side. No recent matched news was found for this ticker/date. Relative strength versus the benchmark looked favorable. 1-month excess return 7.85%; 3-month excess return 5.23%; 6-month excess return 0.44%."
2023-02-08,IQV,-11.707011549573188,,-3.6006946309418364,hit,linear_regression,target_5d_return,regression,2,"Technical state is constructive, with price above the 50-day and 200-day averages. RSI is in a steady zone near 63.2. MACD remains on the bullish side.",No recent matched news was found for this ticker/date.,Relative strength versus the benchmark looked favorable. 1-month excess return 7.06%; 3-month excess return 5.15%; 6-month excess return 1.46%.,"Model view: the forward return estimate was mildly negative at about -11.71%. Confidence was not explicitly available for this prediction. Technical state is constructive, with price above the 50-day and 200-day averages. RSI is in a steady zone near 63.2. MACD remains on the bullish side. No recent matched news was found for this ticker/date. Relative strength versus the benchmark looked favorable. 1-month excess return 7.06%; 3-month excess return 5.15%; 6-month excess return 1.46%."
2023-02-09,IQV,-9.360735910925726,,-2.7397844754821876,hit,linear_regression,target_5d_return,regression,2,"Technical state is constructive, with price above the 50-day and 200-day averages. RSI is in a steady zone near 55.8. MACD remains on the bearish side.",No recent matched news was found for this ticker/date.,Relative strength versus the benchmark looked favorable. 1-month excess return 2.62%; 3-month excess return 4.20%; 6-month excess return -0.82%.,"Model view: the forward return estimate was mildly negative at about -9.36%. Confidence was not explicitly available for this prediction. Technical state is constructive, with price above the 50-day and 200-day averages. RSI is in a steady zone near 55.8. MACD remains on the bearish side. No recent matched news was found for this ticker/date. Relative strength versus the benchmark looked favorable. 1-month excess return 2.62%; 3-month excess return 4.20%; 6-month excess return -0.82%."
2023-02-10,IQV,-8.82016037913731,,-1.3956204727430976,hit,linear_regression,target_5d_return,regression,2,"Technical state is constructive, with price above the 50-day and 200-day averages. MACD remains on the bearish side.",No recent matched news was found for this ticker/date.,Relative strength versus the benchmark looked weak. 1-month excess return -2.59%; 3-month excess return 0.01%; 6-month excess return -5.06%.,"Model view: the forward return estimate was mildly negative at about -8.82%. Confidence was not explicitly available for this prediction. Technical state is constructive, with price above the 50-day and 200-day averages. MACD remains on the bearish side. No recent matched news was found for this ticker/date. Relative strength versus the benchmark looked weak. 1-month excess return -2.59%; 3-month excess return 0.01%; 6-month excess return -5.06%."
2023-02-13,IQV,-7.739173125331017,,-8.241783995738505,hit,linear_regression,target_5d_return,regression,2,"Technical state is constructive, with price above the 50-day and 200-day averages. RSI is in a steady zone near 56.2. MACD remains on the bearish side.",No recent matched news was found for this ticker/date.,Relative strength versus the benchmark looked mixed. 1-month excess return 1.76%; 3-month excess return -0.31%; 6-month excess return -2.18%.,"Model view: the forward return estimate was mildly negative at about -7.74%. Confidence was not explicitly available for this prediction. Technical state is constructive, with price above the 50-day and 200-day averages. RSI is in a steady zone near 56.2. MACD remains on the bearish side. No recent matched news was found for this ticker/date. Relative strength versus the benchmark looked mixed. 1-month excess return 1.76%; 3-month excess return -0.31%; 6-month excess return -2.18%."
2023-02-14,IQV,-6.948557273783442,,-7.081517290874562,hit,linear_regression,target_5d_return,regression,2,"Technical state is constructive, with price above the 50-day and 200-day averages. RSI is in a steady zone near 51.1. MACD remains on the bearish side. Volatility is elevated at roughly 30.7%.",No recent matched news was found for this ticker/date.,Relative strength versus the benchmark looked weak. 1-month excess return -1.32%; 3-month excess return -3.33%; 6-month excess return -4.70%.,"Model view: the forward return estimate was mildly negative at about -6.95%. Confidence was not explicitly available for this prediction. Technical state is constructive, with price above the 50-day and 200-day averages. RSI is in a steady zone near 51.1. MACD remains on the bearish side. Volatility is elevated at roughly 30.7%. No recent matched news was found for this ticker/date. Relative strength versus the benchmark looked weak. 1-month excess return -1.32%; 3-month excess return -3.33%; 6-month excess return -4.70%."
2023-02-15,IQV,-6.88133220729657,,-6.0168276155384675,hit,linear_regression,target_5d_return,regression,2,"Technical state is constructive, with price above the 50-day and 200-day averages. RSI is in a steady zone near 51.1. MACD remains on the bearish side. Volatility is elevated at roughly 30.7%.",No recent matched news was found for this ticker/date.,Relative strength versus the benchmark looked weak. 1-month excess return -1.57%; 3-month excess return -2.65%; 6-month excess return -3.54%.,"Model view: the forward return estimate was mildly negative at about -6.88%. Confidence was not explicitly available for this prediction. Technical state is constructive, with price above the 50-day and 200-day averages. RSI is in a steady zone near 51.1. MACD remains on the bearish side. Volatility is elevated at roughly 30.7%. No recent matched news was found for this ticker/date. Relative strength versus the benchmark looked weak. 1-month excess return -1.57%; 3-month excess return -2.65%; 6-month excess return -3.54%."
2023-02-16,IQV,-6.330504234966053,,-6.455360140119282,hit,linear_regression,target_5d_return,regression,2,"Technical state is constructive, with price above the 50-day and 200-day averages. MACD remains on the bearish side. Volatility is elevated at roughly 31.0%.",No recent matched news was found for this ticker/date.,Relative strength versus the benchmark looked weak. 1-month excess return -2.73%; 3-month excess return -2.59%; 6-month excess return -2.54%.,"Model view: the forward return estimate was mildly negative at about -6.33%. Confidence was not explicitly available for this prediction. Technical state is constructive, with price above the 50-day and 200-day averages. MACD remains on the bearish side. Volatility is elevated at roughly 31.0%. No recent matched news was found for this ticker/date. Relative strength versus the benchmark looked weak. 1-month excess return -2.73%; 3-month excess return -2.59%; 6-month excess return -2.54%."
2023-02-17,IQV,-4.81855222861719,,-4.937874234603978,hit,linear_regression,target_5d_return,regression,2,"Technical state is constructive, with price above the 50-day and 200-day averages. MACD remains on the bearish side. Volatility is elevated at roughly 31.7%.",No recent matched news was found for this ticker/date.,Relative strength versus the benchmark looked weak. 1-month excess return -5.93%; 3-month excess return -4.88%; 6-month excess return -3.08%.,"Model view: the forward return estimate was mildly negative at about -4.82%. Confidence was not explicitly available for this prediction. Technical state is constructive, with price above the 50-day and 200-day averages. MACD remains on the bearish side. Volatility is elevated at roughly 31.7%. No recent matched news was found for this ticker/date. Relative strength versus the benchmark looked weak. 1-month excess return -5.93%; 3-month excess return -4.88%; 6-month excess return -3.08%."
2023-02-21,IQV,-5.587794518670332,,-2.1175671881435654,hit,linear_regression,target_5d_return,regression,2,"Technical state is mixed, with price not fully aligned across the major moving averages. RSI is weak near 38.6. MACD remains on the bearish side. Volatility is elevated at roughly 32.1%.",No recent matched news was found for this ticker/date.,Relative strength versus the benchmark looked weak. 1-month excess return -5.60%; 3-month excess return -0.48%; 6-month excess return -5.40%.,"Model view: the forward return estimate was mildly negative at about -5.59%. Confidence was not explicitly available for this prediction. Technical state is mixed, with price not fully aligned across the major moving averages. RSI is weak near 38.6. MACD remains on the bearish side. Volatility is elevated at roughly 32.1%. No recent matched news was found for this ticker/date. Relative strength versus the benchmark looked weak. 1-month excess return -5.60%; 3-month excess return -0.48%; 6-month excess return -5.40%."
2023-02-22,IQV,-4.024845569703995,,-0.10427092041108699,hit,linear_regression,target_5d_return,regression,2,"Technical state is soft, with price below the 50-day and 200-day averages. RSI is weak near 37.2. MACD remains on the bearish side. Volatility is elevated at roughly 32.0%.",No recent matched news was found for this ticker/date.,Relative strength versus the benchmark looked weak. 1-month excess return -7.27%; 3-month excess return -1.95%; 6-month excess return -5.31%.,"Model view: the forward return estimate was mildly negative at about -4.02%. Confidence was not explicitly available for this prediction. Technical state is soft, with price below the 50-day and 200-day averages. RSI is weak near 37.2. MACD remains on the bearish side. Volatility is elevated at roughly 32.0%. No recent matched news was found for this ticker/date. Relative strength versus the benchmark looked weak. 1-month excess return -7.27%; 3-month excess return -1.95%; 6-month excess return -5.31%."
2023-02-23,IQV,-5.172886859552062,,1.152930013667608,miss,linear_regression,target_5d_return,regression,2,"Technical state is mixed, with price not fully aligned across the major moving averages. MACD remains on the bearish side. Volatility is elevated at roughly 32.3%.",No recent matched news was found for this ticker/date.,Relative strength versus the benchmark looked weak. 1-month excess return -5.61%; 3-month excess return -2.22%; 6-month excess return -4.06%.,"Model view: the forward return estimate was mildly negative at about -5.17%. Confidence was not explicitly available for this prediction. Technical state is mixed, with price not fully aligned across the major moving averages. MACD remains on the bearish side. Volatility is elevated at roughly 32.3%. No recent matched news was found for this ticker/date. Relative strength versus the benchmark looked weak. 1-month excess return -5.61%; 3-month excess return -2.22%; 6-month excess return -4.06%."
2023-02-24,IQV,-4.367166688693256,,5.383227259477263,miss,linear_regression,target_5d_return,regression,2,"Technical state is soft, with price below the 50-day and 200-day averages. RSI is weak near 37.1. MACD remains on the bearish side. Volatility is elevated at roughly 32.5%.",No recent matched news was found for this ticker/date.,Relative strength versus the benchmark looked weak. 1-month excess return -6.50%; 3-month excess return -2.05%; 6-month excess return -5.42%.,"Model view: the forward return estimate was mildly negative at about -4.37%. Confidence was not explicitly available for this prediction. Technical state is soft, with price below the 50-day and 200-day averages. RSI is weak near 37.1. MACD remains on the bearish side. Volatility is elevated at roughly 32.5%. No recent matched news was found for this ticker/date. Relative strength versus the benchmark looked weak. 1-month excess return -6.50%; 3-month excess return -2.05%; 6-month excess return -5.42%."
2023-02-27,IQV,-4.532834932508277,,5.1177720181515785,miss,linear_regression,target_5d_return,regression,2,"Technical state is soft, with price below the 50-day and 200-day averages. RSI is weak near 36.6. MACD remains on the bearish side. Volatility is elevated at roughly 32.3%.",No recent matched news was found for this ticker/date.,Relative strength versus the benchmark looked weak. 1-month excess return -6.89%; 3-month excess return -2.88%; 6-month excess return -5.77%.,"Model view: the forward return estimate was mildly negative at about -4.53%. Confidence was not explicitly available for this prediction. Technical state is soft, with price below the 50-day and 200-day averages. RSI is weak near 36.6. MACD remains on the bearish side. Volatility is elevated at roughly 32.3%. No recent matched news was found for this ticker/date. Relative strength versus the benchmark looked weak. 1-month excess return -6.89%; 3-month excess return -2.88%; 6-month excess return -5.77%."
2023-02-28,IQV,-4.483858905193697,,1.9763011910887585,miss,linear_regression,target_5d_return,regression,2,"Technical state is soft, with price below the 50-day and 200-day averages. RSI is weak near 36.3. MACD remains on the bearish side. Volatility is elevated at roughly 32.1%.",No recent matched news was found for this ticker/date.,Relative strength versus the benchmark looked weak. 1-month excess return -6.80%; 3-month excess return -3.69%; 6-month excess return -2.84%.,"Model view: the forward return estimate was mildly negative at about -4.48%. Confidence was not explicitly available for this prediction. Technical state is soft, with price below the 50-day and 200-day averages. RSI is weak near 36.3. MACD remains on the bearish side. Volatility is elevated at roughly 32.1%. No recent matched news was found for this ticker/date. Relative strength versus the benchmark looked weak. 1-month excess return -6.80%; 3-month excess return -3.69%; 6-month excess return -2.84%."
2023-03-01,IQV,-7.101878970131221,,0.3937950439957927,miss,linear_regression,target_5d_return,regression,2,"Technical state is soft, with price below the 50-day and 200-day averages. RSI is weak near 39.6. MACD remains on the bearish side. Volatility is elevated at roughly 31.9%.",No recent matched news was found for this ticker/date.,Relative strength versus the benchmark looked weak. 1-month excess return -5.38%; 3-month excess return -1.39%; 6-month excess return -1.44%.,"Model view: the forward return estimate was mildly negative at about -7.10%. Confidence was not explicitly available for this prediction. Technical state is soft, with price below the 50-day and 200-day averages. RSI is weak near 39.6. MACD remains on the bearish side. Volatility is elevated at roughly 31.9%. No recent matched news was found for this ticker/date. Relative strength versus the benchmark looked weak. 1-month excess return -5.38%; 3-month excess return -1.39%; 6-month excess return -1.44%."
2023-03-02,IQV,-9.342321880592912,,-5.97693047575989,hit,linear_regression,target_5d_return,regression,2,"Technical state is mixed, with price not fully aligned across the major moving averages. MACD remains on the bearish side. Volatility is elevated at roughly 32.6%.",No recent matched news was found for this ticker/date.,Relative strength versus the benchmark looked favorable. 1-month excess return -3.79%; 3-month excess return 0.97%; 6-month excess return 0.07%.,"Model view: the forward return estimate was mildly negative at about -9.34%. Confidence was not explicitly available for this prediction. Technical state is mixed, with price not fully aligned across the major moving averages. MACD remains on the bearish side. Volatility is elevated at roughly 32.6%. No recent matched news was found for this ticker/date. Relative strength versus the benchmark looked favorable. 1-month excess return -3.79%; 3-month excess return 0.97%; 6-month excess return 0.07%."
2023-03-03,IQV,-7.788739992071876,,-10.669328881413742,hit,linear_regression,target_5d_return,regression,2,"Technical state is constructive, with price above the 50-day and 200-day averages. RSI is in a steady zone near 51.7. MACD remains on the bearish side. Volatility is elevated at roughly 31.6%.",No recent matched news was found for this ticker/date.,Relative strength versus the benchmark looked favorable. 1-month excess return -3.77%; 3-month excess return 2.14%; 6-month excess return 1.60%.,"Model view: the forward return estimate was mildly negative at about -7.79%. Confidence was not explicitly available for this prediction. Technical state is constructive, with price above the 50-day and 200-day averages. RSI is in a steady zone near 51.7. MACD remains on the bearish side. Volatility is elevated at roughly 31.6%. No recent matched news was found for this ticker/date. Relative strength versus the benchmark looked favorable. 1-month excess return -3.77%; 3-month excess return 2.14%; 6-month excess return 1.60%."
2023-03-06,IQV,-7.406337337449849,,-9.769099372191581,hit,linear_regression,target_5d_return,regression,2,"Technical state is constructive, with price above the 50-day and 200-day averages. RSI is in a steady zone near 50.3. MACD remains on the bearish side. Volatility is elevated at roughly 31.4%.",No recent matched news was found for this ticker/date.,Relative strength versus the benchmark looked favorable. 1-month excess return -5.83%; 3-month excess return 0.31%; 6-month excess return 1.71%.,"Model view: the forward return estimate was mildly negative at about -7.41%. Confidence was not explicitly available for this prediction. Technical state is constructive, with price above the 50-day and 200-day averages. RSI is in a steady zone near 50.3. MACD remains on the bearish side. Volatility is elevated at roughly 31.4%. No recent matched news was found for this ticker/date. Relative strength versus the benchmark looked favorable. 1-month excess return -5.83%; 3-month excess return 0.31%; 6-month excess return 1.71%."
2023-03-07,IQV,-5.663372154624123,,-5.58821667466487,hit,linear_regression,target_5d_return,regression,2,"Technical state is soft, with price below the 50-day and 200-day averages. MACD remains on the bearish side. Volatility is elevated at roughly 32.4%.",No recent matched news was found for this ticker/date.,Relative strength versus the benchmark looked mixed. 1-month excess return -6.97%; 3-month excess return -0.22%; 6-month excess return 1.04%.,"Model view: the forward return estimate was mildly negative at about -5.66%. Confidence was not explicitly available for this prediction. Technical state is soft, with price below the 50-day and 200-day averages. MACD remains on the bearish side. Volatility is elevated at roughly 32.4%. No recent matched news was found for this ticker/date. Relative strength versus the benchmark looked mixed. 1-month excess return -6.97%; 3-month excess return -0.22%; 6-month excess return 1.04%."
2023-03-08,IQV,-8.276231105364939,,-7.717391947080554,hit,linear_regression,target_5d_return,regression,2,"Technical state is soft, with price below the 50-day and 200-day averages. MACD remains on the bearish side. Volatility is elevated at roughly 31.6%.",No recent matched news was found for this ticker/date.,Relative strength versus the benchmark looked mixed. 1-month excess return -6.23%; 3-month excess return 0.06%; 6-month excess return -1.11%.,"Model view: the forward return estimate was mildly negative at about -8.28%. Confidence was not explicitly available for this prediction. Technical state is soft, with price below the 50-day and 200-day averages. MACD remains on the bearish side. Volatility is elevated at roughly 31.6%. No recent matched news was found for this ticker/date. Relative strength versus the benchmark looked mixed. 1-month excess return -6.23%; 3-month excess return 0.06%; 6-month excess return -1.11%."
2023-03-09,IQV,-6.433301723207901,,-3.203075067560357,hit,linear_regression,target_5d_return,regression,2,"Technical state is soft, with price below the 50-day and 200-day averages. RSI is weak near 35.3. MACD remains on the bearish side. Volatility is elevated at roughly 34.0%.",No recent matched news was found for this ticker/date.,Relative strength versus the benchmark looked weak. 1-month excess return -8.27%; 3-month excess return -2.70%; 6-month excess return -4.08%.,"Model view: the forward return estimate was mildly negative at about -6.43%. Confidence was not explicitly available for this prediction. Technical state is soft, with price below the 50-day and 200-day averages. RSI is weak near 35.3. MACD remains on the bearish side. Volatility is elevated at roughly 34.0%. No recent matched news was found for this ticker/date. Relative strength versus the benchmark looked weak. 1-month excess return -8.27%; 3-month excess return -2.70%; 6-month excess return -4.08%."
2023-03-10,IQV,-1.8003673202903605,,-3.229238210775043,hit,linear_regression,target_5d_return,regression,2,"Technical state is soft, with price below the 50-day and 200-day averages. RSI is weak near 31.6. MACD remains on the bearish side. Volatility is elevated at roughly 34.4%.",No recent matched news was found for this ticker/date.,Relative strength versus the benchmark looked weak. 1-month excess return -10.24%; 3-month excess return -3.18%; 6-month excess return -7.15%.,"Model view: the forward return estimate was mildly negative at about -1.80%. Confidence was not explicitly available for this prediction. Technical state is soft, with price below the 50-day and 200-day averages. RSI is weak near 31.6. MACD remains on the bearish side. Volatility is elevated at roughly 34.4%. No recent matched news was found for this ticker/date. Relative strength versus the benchmark looked weak. 1-month excess return -10.24%; 3-month excess return -3.18%; 6-month excess return -7.15%."
2023-03-13,IQV,-2.1535661486209072,,-3.1849372673673826,hit,linear_regression,target_5d_return,regression,2,"Technical state is soft, with price below the 50-day and 200-day averages. RSI is weak near 32.8. MACD remains on the bearish side. Volatility is elevated at roughly 33.3%.",No recent matched news was found for this ticker/date.,Relative strength versus the benchmark looked weak. 1-month excess return -8.62%; 3-month excess return -3.07%; 6-month excess return -5.96%.,"Model view: the forward return estimate was mildly negative at about -2.15%. Confidence was not explicitly available for this prediction. Technical state is soft, with price below the 50-day and 200-day averages. RSI is weak near 32.8. MACD remains on the bearish side. Volatility is elevated at roughly 33.3%. No recent matched news was found for this ticker/date. Relative strength versus the benchmark looked weak. 1-month excess return -8.62%; 3-month excess return -3.07%; 6-month excess return -5.96%."
2023-03-14,IQV,-5.848567852483054,,-1.9680195679841694,hit,linear_regression,target_5d_return,regression,2,"Technical state is soft, with price below the 50-day and 200-day averages. RSI is weak near 36.2. MACD remains on the bearish side.",No recent matched news was found for this ticker/date.,Relative strength versus the benchmark looked weak. 1-month excess return -5.92%; 3-month excess return -3.32%; 6-month excess return -6.74%.,"Model view: the forward return estimate was mildly negative at about -5.85%. Confidence was not explicitly available for this prediction. Technical state is soft, with price below the 50-day and 200-day averages. RSI is weak near 36.2. MACD remains on the bearish side. No recent matched news was found for this ticker/date. Relative strength versus the benchmark looked weak. 1-month excess return -5.92%; 3-month excess return -3.32%; 6-month excess return -6.74%."
2023-03-15,IQV,-2.7245695383594586,,-2.6937110926088192,hit,linear_regression,target_5d_return,regression,2,"Technical state is soft, with price below the 50-day and 200-day averages. RSI is weak near 32.5. MACD remains on the bearish side.",No recent matched news was found for this ticker/date.,Relative strength versus the benchmark looked weak. 1-month excess return -10.18%; 3-month excess return -5.95%; 6-month excess return -7.11%.,"Model view: the forward return estimate was mildly negative at about -2.72%. Confidence was not explicitly available for this prediction. Technical state is soft, with price below the 50-day and 200-day averages. RSI is weak near 32.5. MACD remains on the bearish side. No recent matched news was found for this ticker/date. Relative strength versus the benchmark looked weak. 1-month excess return -10.18%; 3-month excess return -5.95%; 6-month excess return -7.11%."
2023-03-16,IQV,-3.790630902732102,,-4.291601583315963,hit,linear_regression,target_5d_return,regression,2,"Technical state is soft, with price below the 50-day and 200-day averages. RSI is weak near 34.0. MACD remains on the bearish side.",No recent matched news was found for this ticker/date.,Relative strength versus the benchmark looked weak. 1-month excess return -9.45%; 3-month excess return -7.90%; 6-month excess return -6.38%.,"Model view: the forward return estimate was mildly negative at about -3.79%. Confidence was not explicitly available for this prediction. Technical state is soft, with price below the 50-day and 200-day averages. RSI is weak near 34.0. MACD remains on the bearish side. No recent matched news was found for this ticker/date. Relative strength versus the benchmark looked weak. 1-month excess return -9.45%; 3-month excess return -7.90%; 6-month excess return -6.38%."
2023-03-17,IQV,-0.30801425031850505,,-1.3306057385165215,hit,linear_regression,target_5d_return,regression,2,"Technical state is soft, with price below the 50-day and 200-day averages. RSI is weak near 30.4. MACD remains on the bearish side. Volatility is elevated at roughly 30.8%.",No recent matched news was found for this ticker/date.,Relative strength versus the benchmark looked weak. 1-month excess return -10.50%; 3-month excess return -8.90%; 6-month excess return -8.28%.,"Model view: the forward return estimate was mildly negative at about -0.31%. Confidence was not explicitly available for this prediction. Technical state is soft, with price below the 50-day and 200-day averages. RSI is weak near 30.4. MACD remains on the bearish side. Volatility is elevated at roughly 30.8%. No recent matched news was found for this ticker/date. Relative strength versus the benchmark looked weak. 1-month excess return -10.50%; 3-month excess return -8.90%; 6-month excess return -8.28%."
2023-03-20,IQV,-1.7713119897100547,,-0.4692111505863794,hit,linear_regression,target_5d_return,regression,2,"Technical state is soft, with price below the 50-day and 200-day averages. RSI is weak near 31.7. MACD remains on the bearish side. Volatility is elevated at roughly 30.8%.",No recent matched news was found for this ticker/date.,Relative strength versus the benchmark looked weak. 1-month excess return -11.16%; 3-month excess return -9.36%; 6-month excess return -8.50%.,"Model view: the forward return estimate was mildly negative at about -1.77%. Confidence was not explicitly available for this prediction. Technical state is soft, with price below the 50-day and 200-day averages. RSI is weak near 31.7. MACD remains on the bearish side. Volatility is elevated at roughly 30.8%. No recent matched news was found for this ticker/date. Relative strength versus the benchmark looked weak. 1-month excess return -11.16%; 3-month excess return -9.36%; 6-month excess return -8.50%."
2023-03-21,IQV,-4.182383091889609,,-3.5017277810551417,hit,linear_regression,target_5d_return,regression,2,"Technical state is soft, with price below the 50-day and 200-day averages. RSI is weak near 38.4. MACD remains on the bearish side. Volatility is elevated at roughly 31.5%.",No recent matched news was found for this ticker/date.,Relative strength versus the benchmark looked weak. 1-month excess return -8.76%; 3-month excess return -7.41%; 6-month excess return -6.00%.,"Model view: the forward return estimate was mildly negative at about -4.18%. Confidence was not explicitly available for this prediction. Technical state is soft, with price below the 50-day and 200-day averages. RSI is weak near 38.4. MACD remains on the bearish side. Volatility is elevated at roughly 31.5%. No recent matched news was found for this ticker/date. Relative strength versus the benchmark looked weak. 1-month excess return -8.76%; 3-month excess return -7.41%; 6-month excess return -6.00%."
2023-03-22,IQV,-3.8262662802483596,,1.52624032372628,miss,linear_regression,target_5d_return,regression,2,"Technical state is soft, with price below the 50-day and 200-day averages. RSI is weak near 33.6. MACD remains on the bearish side. Volatility is elevated at roughly 33.3%.",No recent matched news was found for this ticker/date.,Relative strength versus the benchmark looked weak. 1-month excess return -9.42%; 3-month excess return -8.05%; 6-month excess return -6.87%.,"Model view: the forward return estimate was mildly negative at about -3.83%. Confidence was not explicitly available for this prediction. Technical state is soft, with price below the 50-day and 200-day averages. RSI is weak near 33.6. MACD remains on the bearish side. Volatility is elevated at roughly 33.3%. No recent matched news was found for this ticker/date. Relative strength versus the benchmark looked weak. 1-month excess return -9.42%; 3-month excess return -8.05%; 6-month excess return -6.87%."
2023-03-23,IQV,-3.21283167360802,,3.696806887362869,miss,linear_regression,target_5d_return,regression,2,"Technical state is soft, with price below the 50-day and 200-day averages. RSI is weak near 32.3. MACD remains on the bearish side. Volatility is elevated at roughly 32.7%.",No recent matched news was found for this ticker/date.,Relative strength versus the benchmark looked weak. 1-month excess return -9.89%; 3-month excess return -10.35%; 6-month excess return -7.96%.,"Model view: the forward return estimate was mildly negative at about -3.21%. Confidence was not explicitly available for this prediction. Technical state is soft, with price below the 50-day and 200-day averages. RSI is weak near 32.3. MACD remains on the bearish side. Volatility is elevated at roughly 32.7%. No recent matched news was found for this ticker/date. Relative strength versus the benchmark looked weak. 1-month excess return -9.89%; 3-month excess return -10.35%; 6-month excess return -7.96%."
2023-03-24,IQV,-2.4708922540375773,,5.595961212945277,miss,linear_regression,target_5d_return,regression,2,"Technical state is soft, with price below the 50-day and 200-day averages. RSI is weak near 32.8. MACD remains on the bearish side. Volatility is elevated at roughly 32.5%.",No recent matched news was found for this ticker/date.,Relative strength versus the benchmark looked weak. 1-month excess return -10.47%; 3-month excess return -10.36%; 6-month excess return -6.46%.,"Model view: the forward return estimate was mildly negative at about -2.47%. Confidence was not explicitly available for this prediction. Technical state is soft, with price below the 50-day and 200-day averages. RSI is weak near 32.8. MACD remains on the bearish side. Volatility is elevated at roughly 32.5%. No recent matched news was found for this ticker/date. Relative strength versus the benchmark looked weak. 1-month excess return -10.47%; 3-month excess return -10.36%; 6-month excess return -6.46%."
2023-03-27,IQV,-4.18790443082855,,4.724733560655259,miss,linear_regression,target_5d_return,regression,2,"Technical state is soft, with price below the 50-day and 200-day averages. RSI is weak near 36.4. MACD remains on the bearish side. Volatility is elevated at roughly 33.2%.",No recent matched news was found for this ticker/date.,Relative strength versus the benchmark looked weak. 1-month excess return -8.87%; 3-month excess return -10.09%; 6-month excess return -6.44%.,"Model view: the forward return estimate was mildly negative at about -4.19%. Confidence was not explicitly available for this prediction. Technical state is soft, with price below the 50-day and 200-day averages. RSI is weak near 36.4. MACD remains on the bearish side. Volatility is elevated at roughly 33.2%. No recent matched news was found for this ticker/date. Relative strength versus the benchmark looked weak. 1-month excess return -8.87%; 3-month excess return -10.09%; 6-month excess return -6.44%."
2023-03-28,IQV,-4.9934843575259125,,3.5971991397794056,miss,linear_regression,target_5d_return,regression,2,"Technical state is soft, with price below the 50-day and 200-day averages. RSI is weak near 35.5. MACD remains on the bearish side. Volatility is elevated at roughly 33.2%.",No recent matched news was found for this ticker/date.,Relative strength versus the benchmark looked weak. 1-month excess return -8.56%; 3-month excess return -10.16%; 6-month excess return -6.04%.,"Model view: the forward return estimate was mildly negative at about -4.99%. Confidence was not explicitly available for this prediction. Technical state is soft, with price below the 50-day and 200-day averages. RSI is weak near 35.5. MACD remains on the bearish side. Volatility is elevated at roughly 33.2%. No recent matched news was found for this ticker/date. Relative strength versus the benchmark looked weak. 1-month excess return -8.56%; 3-month excess return -10.16%; 6-month excess return -6.04%."
2023-03-29,IQV,-5.280090429803789,,2.1668097021566135,miss,linear_regression,target_5d_return,regression,2,"Technical state is soft, with price below the 50-day and 200-day averages. RSI is weak near 39.9. MACD remains on the bullish side. Volatility is elevated at roughly 33.6%.",No recent matched news was found for this ticker/date.,Relative strength versus the benchmark looked weak. 1-month excess return -8.72%; 3-month excess return -10.14%; 6-month excess return -4.45%.,"Model view: the forward return estimate was mildly negative at about -5.28%. Confidence was not explicitly available for this prediction. Technical state is soft, with price below the 50-day and 200-day averages. RSI is weak near 39.9. MACD remains on the bullish side. Volatility is elevated at roughly 33.6%. No recent matched news was found for this ticker/date. Relative strength versus the benchmark looked weak. 1-month excess return -8.72%; 3-month excess return -10.14%; 6-month excess return -4.45%."
2023-03-30,IQV,-6.488189174704115,,0.45140030602111025,miss,linear_regression,target_5d_return,regression,2,"Technical state is soft, with price below the 50-day and 200-day averages. MACD remains on the bullish side. Volatility is elevated at roughly 32.4%.",No recent matched news was found for this ticker/date.,Relative strength versus the benchmark looked weak. 1-month excess return -9.74%; 3-month excess return -10.57%; 6-month excess return -3.94%.,"Model view: the forward return estimate was mildly negative at about -6.49%. Confidence was not explicitly available for this prediction. Technical state is soft, with price below the 50-day and 200-day averages. MACD remains on the bullish side. Volatility is elevated at roughly 32.4%. No recent matched news was found for this ticker/date. Relative strength versus the benchmark looked weak. 1-month excess return -9.74%; 3-month excess return -10.57%; 6-month excess return -3.94%."
2023-03-31,IQV,-6.523182118276037,,-1.0055809774938806,hit,linear_regression,target_5d_return,regression,2,"Technical state is soft, with price below the 50-day and 200-day averages. MACD remains on the bullish side. Volatility is elevated at roughly 32.1%.",No recent matched news was found for this ticker/date.,Relative strength versus the benchmark looked weak. 1-month excess return -10.74%; 3-month excess return -11.04%; 6-month excess return -3.29%.,"Model view: the forward return estimate was mildly negative at about -6.52%. Confidence was not explicitly available for this prediction. Technical state is soft, with price below the 50-day and 200-day averages. MACD remains on the bullish side. Volatility is elevated at roughly 32.1%. No recent matched news was found for this ticker/date. Relative strength versus the benchmark looked weak. 1-month excess return -10.74%; 3-month excess return -11.04%; 6-month excess return -3.29%."
2023-04-03,IQV,-6.85842644168643,,-0.12003713458049736,hit,linear_regression,target_5d_return,regression,2,"Technical state is soft, with price below the 50-day and 200-day averages. MACD remains on the bullish side. Volatility is elevated at roughly 32.3%.",No recent matched news was found for this ticker/date.,Relative strength versus the benchmark looked weak. 1-month excess return -11.15%; 3-month excess return -9.88%; 6-month excess return -4.63%.,"Model view: the forward return estimate was mildly negative at about -6.86%. Confidence was not explicitly available for this prediction. Technical state is soft, with price below the 50-day and 200-day averages. MACD remains on the bullish side. Volatility is elevated at roughly 32.3%. No recent matched news was found for this ticker/date. Relative strength versus the benchmark looked weak. 1-month excess return -11.15%; 3-month excess return -9.88%; 6-month excess return -4.63%."
2023-04-04,IQV,-4.351404673985894,,0.6558254015943454,miss,linear_regression,target_5d_return,regression,2,"Technical state is soft, with price below the 50-day and 200-day averages. MACD remains on the bullish side. Volatility is elevated at roughly 31.0%.",No recent matched news was found for this ticker/date.,Relative strength versus the benchmark looked weak. 1-month excess return -11.41%; 3-month excess return -10.78%; 6-month excess return -5.77%.,"Model view: the forward return estimate was mildly negative at about -4.35%. Confidence was not explicitly available for this prediction. Technical state is soft, with price below the 50-day and 200-day averages. MACD remains on the bullish side. Volatility is elevated at roughly 31.0%. No recent matched news was found for this ticker/date. Relative strength versus the benchmark looked weak. 1-month excess return -11.41%; 3-month excess return -10.78%; 6-month excess return -5.77%."
2023-04-05,IQV,-4.332352509041439,,2.8717863754007533,miss,linear_regression,target_5d_return,regression,2,"Technical state is soft, with price below the 50-day and 200-day averages. MACD remains on the bullish side. Volatility is elevated at roughly 31.0%.",No recent matched news was found for this ticker/date.,Relative strength versus the benchmark looked weak. 1-month excess return -9.62%; 3-month excess return -11.39%; 6-month excess return -5.80%.,"Model view: the forward return estimate was mildly negative at about -4.33%. Confidence was not explicitly available for this prediction. Technical state is soft, with price below the 50-day and 200-day averages. MACD remains on the bullish side. Volatility is elevated at roughly 31.0%. No recent matched news was found for this ticker/date. Relative strength versus the benchmark looked weak. 1-month excess return -9.62%; 3-month excess return -11.39%; 6-month excess return -5.80%."
2023-04-06,IQV,-3.141475129072416,,2.308126553744505,miss,linear_regression,target_5d_return,regression,2,"Technical state is soft, with price below the 50-day and 200-day averages. MACD remains on the bullish side.",No recent matched news was found for this ticker/date.,Relative strength versus the benchmark looked weak. 1-month excess return -10.02%; 3-month excess return -13.25%; 6-month excess return -6.73%.,"Model view: the forward return estimate was mildly negative at about -3.14%. Confidence was not explicitly available for this prediction. Technical state is soft, with price below the 50-day and 200-day averages. MACD remains on the bullish side. No recent matched news was found for this ticker/date. Relative strength versus the benchmark looked weak. 1-month excess return -10.02%; 3-month excess return -13.25%; 6-month excess return -6.73%."
2023-04-10,IQV,-3.076779307389129,,2.910252295851401,miss,linear_regression,target_5d_return,regression,2,"Technical state is soft, with price below the 50-day and 200-day averages. MACD remains on the bullish side.",No recent matched news was found for this ticker/date.,Relative strength versus the benchmark looked weak. 1-month excess return -7.57%; 3-month excess return -9.67%; 6-month excess return -4.75%.,"Model view: the forward return estimate was mildly negative at about -3.08%. Confidence was not explicitly available for this prediction. Technical state is soft, with price below the 50-day and 200-day averages. MACD remains on the bullish side. No recent matched news was found for this ticker/date. Relative strength versus the benchmark looked weak. 1-month excess return -7.57%; 3-month excess return -9.67%; 6-month excess return -4.75%."
2023-04-11,IQV,-4.272193352873242,,1.522356276711867,miss,linear_regression,target_5d_return,regression,2,"Technical state is soft, with price below the 50-day and 200-day averages. RSI is in a steady zone near 50.1. MACD remains on the bullish side.",No recent matched news was found for this ticker/date.,Relative strength versus the benchmark looked weak. 1-month excess return -4.89%; 3-month excess return -9.86%; 6-month excess return -2.19%.,"Model view: the forward return estimate was mildly negative at about -4.27%. Confidence was not explicitly available for this prediction. Technical state is soft, with price below the 50-day and 200-day averages. RSI is in a steady zone near 50.1. MACD remains on the bullish side. No recent matched news was found for this ticker/date. Relative strength versus the benchmark looked weak. 1-month excess return -4.89%; 3-month excess return -9.86%; 6-month excess return -2.19%."
2023-04-12,IQV,-3.9774371089014386,,1.954641653525857,miss,linear_regression,target_5d_return,regression,2,"Technical state is soft, with price below the 50-day and 200-day averages. MACD remains on the bullish side.",No recent matched news was found for this ticker/date.,Relative strength versus the benchmark looked weak. 1-month excess return -5.95%; 3-month excess return -12.60%; 6-month excess return -0.77%.,"Model view: the forward return estimate was mildly negative at about -3.98%. Confidence was not explicitly available for this prediction. Technical state is soft, with price below the 50-day and 200-day averages. MACD remains on the bullish side. No recent matched news was found for this ticker/date. Relative strength versus the benchmark looked weak. 1-month excess return -5.95%; 3-month excess return -12.60%; 6-month excess return -0.77%."
2023-04-13,IQV,-5.798718425045774,,-2.051789722372066,hit,linear_regression,target_5d_return,regression,2,"Technical state is soft, with price below the 50-day and 200-day averages. RSI is in a steady zone near 54.3. MACD remains on the bullish side.",No recent matched news was found for this ticker/date.,Relative strength versus the benchmark looked weak. 1-month excess return -4.49%; 3-month excess return -12.97%; 6-month excess return 2.02%.,"Model view: the forward return estimate was mildly negative at about -5.80%. Confidence was not explicitly available for this prediction. Technical state is soft, with price below the 50-day and 200-day averages. RSI is in a steady zone near 54.3. MACD remains on the bullish side. No recent matched news was found for this ticker/date. Relative strength versus the benchmark looked weak. 1-month excess return -4.49%; 3-month excess return -12.97%; 6-month excess return 2.02%."
2023-04-14,IQV,-6.69252725179653,,0.9782837012070944,miss,linear_regression,target_5d_return,regression,2,"Technical state is soft, with price below the 50-day and 200-day averages. RSI is in a steady zone near 50.8. MACD remains on the bullish side.",No recent matched news was found for this ticker/date.,Relative strength versus the benchmark looked weak. 1-month excess return -3.34%; 3-month excess return -12.61%; 6-month excess return 0.90%.,"Model view: the forward return estimate was mildly negative at about -6.69%. Confidence was not explicitly available for this prediction. Technical state is soft, with price below the 50-day and 200-day averages. RSI is in a steady zone near 50.8. MACD remains on the bullish side. No recent matched news was found for this ticker/date. Relative strength versus the benchmark looked weak. 1-month excess return -3.34%; 3-month excess return -12.61%; 6-month excess return 0.90%."
2023-04-17,IQV,-6.734874970954461,,0.18261296263606397,miss,linear_regression,target_5d_return,regression,2,"Technical state is soft, with price below the 50-day and 200-day averages. RSI is in a steady zone near 53.8. MACD remains on the bullish side.",No recent matched news was found for this ticker/date.,Relative strength versus the benchmark looked weak. 1-month excess return -1.36%; 3-month excess return -12.62%; 6-month excess return 1.88%.,"Model view: the forward return estimate was mildly negative at about -6.73%. Confidence was not explicitly available for this prediction. Technical state is soft, with price below the 50-day and 200-day averages. RSI is in a steady zone near 53.8. MACD remains on the bullish side. No recent matched news was found for this ticker/date. Relative strength versus the benchmark looked weak. 1-month excess return -1.36%; 3-month excess return -12.62%; 6-month excess return 1.88%."
2023-04-18,IQV,-6.556433080746312,,-5.435796007455307,hit,linear_regression,target_5d_return,regression,2,"Technical state is soft, with price below the 50-day and 200-day averages. RSI is in a steady zone near 53.9. MACD remains on the bullish side.",No recent matched news was found for this ticker/date.,Relative strength versus the benchmark looked mixed. 1-month excess return 0.46%; 3-month excess return -12.56%; 6-month excess return 1.12%.,"Model view: the forward return estimate was mildly negative at about -6.56%. Confidence was not explicitly available for this prediction. Technical state is soft, with price below the 50-day and 200-day averages. RSI is in a steady zone near 53.9. MACD remains on the bullish side. No recent matched news was found for this ticker/date. Relative strength versus the benchmark looked mixed. 1-month excess return 0.46%; 3-month excess return -12.56%; 6-month excess return 1.12%."
2023-04-19,IQV,-9.066351542470183,,-5.88526941785974,hit,linear_regression,target_5d_return,regression,2,"Technical state is soft, with price below the 50-day and 200-day averages. RSI is in a steady zone near 52.5. MACD remains on the bullish side.",No recent matched news was found for this ticker/date.,Relative strength versus the benchmark looked weak. 1-month excess return 0.45%; 3-month excess return -14.25%; 6-month excess return -1.50%.,"Model view: the forward return estimate was mildly negative at about -9.07%. Confidence was not explicitly available for this prediction. Technical state is soft, with price below the 50-day and 200-day averages. RSI is in a steady zone near 52.5. MACD remains on the bullish side. No recent matched news was found for this ticker/date. Relative strength versus the benchmark looked weak. 1-month excess return 0.45%; 3-month excess return -14.25%; 6-month excess return -1.50%."
2023-04-20,IQV,-6.752914476003025,,-7.5179983640155985,hit,linear_regression,target_5d_return,regression,2,"Technical state is soft, with price below the 50-day and 200-day averages. MACD remains on the bullish side.",No recent matched news was found for this ticker/date.,Relative strength versus the benchmark looked weak. 1-month excess return -1.92%; 3-month excess return -16.61%; 6-month excess return -3.23%.,"Model view: the forward return estimate was mildly negative at about -6.75%. Confidence was not explicitly available for this prediction. Technical state is soft, with price below the 50-day and 200-day averages. MACD remains on the bullish side. No recent matched news was found for this ticker/date. Relative strength versus the benchmark looked weak. 1-month excess return -1.92%; 3-month excess return -16.61%; 6-month excess return -3.23%."
2023-04-21,IQV,-7.0715763618225465,,-6.959617419290797,hit,linear_regression,target_5d_return,regression,2,"Technical state is soft, with price below the 50-day and 200-day averages. RSI is in a steady zone near 53.0. MACD remains on the bullish side.",No recent matched news was found for this ticker/date.,Relative strength versus the benchmark looked mixed. 1-month excess return 1.83%; 3-month excess return -13.62%; 6-month excess return 1.60%.,"Model view: the forward return estimate was mildly negative at about -7.07%. Confidence was not explicitly available for this prediction. Technical state is soft, with price below the 50-day and 200-day averages. RSI is in a steady zone near 53.0. MACD remains on the bullish side. No recent matched news was found for this ticker/date. Relative strength versus the benchmark looked mixed. 1-month excess return 1.83%; 3-month excess return -13.62%; 6-month excess return 1.60%."
2023-04-24,IQV,-7.940663071172945,,-6.399332549208447,hit,linear_regression,target_5d_return,regression,2,"Technical state is soft, with price below the 50-day and 200-day averages. RSI is in a steady zone near 54.0. MACD remains on the bullish side.",No recent matched news was found for this ticker/date.,Relative strength versus the benchmark looked mixed. 1-month excess return 3.44%; 3-month excess return -14.24%; 6-month excess return 3.39%.,"Model view: the forward return estimate was mildly negative at about -7.94%. Confidence was not explicitly available for this prediction. Technical state is soft, with price below the 50-day and 200-day averages. RSI is in a steady zone near 54.0. MACD remains on the bullish side. No recent matched news was found for this ticker/date. Relative strength versus the benchmark looked mixed. 1-month excess return 3.44%; 3-month excess return -14.24%; 6-month excess return 3.39%."
2023-04-25,IQV,-8.519222946830421,,-3.187105730725326,hit,linear_regression,target_5d_return,regression,2,"Technical state is soft, with price below the 50-day and 200-day averages. RSI is weak near 39.6. MACD remains on the bullish side.",No recent matched news was found for this ticker/date.,Relative strength versus the benchmark looked weak. 1-month excess return -0.84%; 3-month excess return -16.54%; 6-month excess return -0.88%.,"Model view: the forward return estimate was mildly negative at about -8.52%. Confidence was not explicitly available for this prediction. Technical state is soft, with price below the 50-day and 200-day averages. RSI is weak near 39.6. MACD remains on the bullish side. No recent matched news was found for this ticker/date. Relative strength versus the benchmark looked weak. 1-month excess return -0.84%; 3-month excess return -16.54%; 6-month excess return -0.88%."
2023-04-26,IQV,-6.312611554465588,,-1.5580542802639097,hit,linear_regression,target_5d_return,regression,2,"Technical state is soft, with price below the 50-day and 200-day averages. RSI is weak near 37.9. MACD remains on the bearish side.",No recent matched news was found for this ticker/date.,Relative strength versus the benchmark looked weak. 1-month excess return -2.49%; 3-month excess return -17.09%; 6-month excess return -0.90%.,"Model view: the forward return estimate was mildly negative at about -6.31%. Confidence was not explicitly available for this prediction. Technical state is soft, with price below the 50-day and 200-day averages. RSI is weak near 37.9. MACD remains on the bearish side. No recent matched news was found for this ticker/date. Relative strength versus the benchmark looked weak. 1-month excess return -2.49%; 3-month excess return -17.09%; 6-month excess return -0.90%."
2023-04-27,IQV,-1.4037822572408465,,0.40291311097673255,miss,linear_regression,target_5d_return,regression,2,"Technical state is soft, with price below the 50-day and 200-day averages. RSI is weak near 32.6. MACD remains on the bearish side. Volatility is elevated at roughly 30.1%.",No recent matched news was found for this ticker/date.,Relative strength versus the benchmark looked weak. 1-month excess return -7.48%; 3-month excess return -21.51%; 6-month excess return -14.16%.,"Model view: the forward return estimate was mildly negative at about -1.40%. Confidence was not explicitly available for this prediction. Technical state is soft, with price below the 50-day and 200-day averages. RSI is weak near 32.6. MACD remains on the bearish side. Volatility is elevated at roughly 30.1%. No recent matched news was found for this ticker/date. Relative strength versus the benchmark looked weak. 1-month excess return -7.48%; 3-month excess return -21.51%; 6-month excess return -14.16%."
2023-04-28,IQV,-3.429089420916467,,0.15407137624423584,miss,linear_regression,target_5d_return,regression,2,"Technical state is soft, with price below the 50-day and 200-day averages. RSI is weak near 39.3. MACD remains on the bearish side. Volatility is elevated at roughly 31.3%.",No recent matched news was found for this ticker/date.,Relative strength versus the benchmark looked weak. 1-month excess return -6.05%; 3-month excess return -20.43%; 6-month excess return -15.67%.,"Model view: the forward return estimate was mildly negative at about -3.43%. Confidence was not explicitly available for this prediction. Technical state is soft, with price below the 50-day and 200-day averages. RSI is weak near 39.3. MACD remains on the bearish side. Volatility is elevated at roughly 31.3%. No recent matched news was found for this ticker/date. Relative strength versus the benchmark looked weak. 1-month excess return -6.05%; 3-month excess return -20.43%; 6-month excess return -15.67%."
2023-05-01,IQV,-3.5327578910833615,,-0.0947329872532876,hit,linear_regression,target_5d_return,regression,2,"Technical state is soft, with price below the 50-day and 200-day averages. MACD remains on the bearish side. Volatility is elevated at roughly 30.5%.",No recent matched news was found for this ticker/date.,Relative strength versus the benchmark looked weak. 1-month excess return -5.48%; 3-month excess return -19.72%; 6-month excess return -14.52%.,"Model view: the forward return estimate was mildly negative at about -3.53%. Confidence was not explicitly available for this prediction. Technical state is soft, with price below the 50-day and 200-day averages. MACD remains on the bearish side. Volatility is elevated at roughly 30.5%. No recent matched news was found for this ticker/date. Relative strength versus the benchmark looked weak. 1-month excess return -5.48%; 3-month excess return -19.72%; 6-month excess return -14.52%."
2023-05-02,IQV,-1.437758348148305,,0.2208989169384168,miss,linear_regression,target_5d_return,regression,2,"Technical state is soft, with price below the 50-day and 200-day averages. RSI is weak near 37.7. MACD remains on the bearish side. Volatility is elevated at roughly 31.3%.",No recent matched news was found for this ticker/date.,Relative strength versus the benchmark looked weak. 1-month excess return -7.06%; 3-month excess return -20.19%; 6-month excess return -16.47%.,"Model view: the forward return estimate was mildly negative at about -1.44%. Confidence was not explicitly available for this prediction. Technical state is soft, with price below the 50-day and 200-day averages. RSI is weak near 37.7. MACD remains on the bearish side. Volatility is elevated at roughly 31.3%. No recent matched news was found for this ticker/date. Relative strength versus the benchmark looked weak. 1-month excess return -7.06%; 3-month excess return -20.19%; 6-month excess return -16.47%."
2023-05-03,IQV,-0.7883845813116017,,0.5667829827709081,miss,linear_regression,target_5d_return,regression,2,"Technical state is soft, with price below the 50-day and 200-day averages. RSI is weak near 39.7. MACD remains on the bearish side. Volatility is elevated at roughly 31.1%.",No recent matched news was found for this ticker/date.,Relative strength versus the benchmark looked weak. 1-month excess return -5.75%; 3-month excess return -19.20%; 6-month excess return -16.42%.,"Model view: the forward return estimate was mildly negative at about -0.79%. Confidence was not explicitly available for this prediction. Technical state is soft, with price below the 50-day and 200-day averages. RSI is weak near 39.7. MACD remains on the bearish side. Volatility is elevated at roughly 31.1%. No recent matched news was found for this ticker/date. Relative strength versus the benchmark looked weak. 1-month excess return -5.75%; 3-month excess return -19.20%; 6-month excess return -16.42%."
2023-05-04,IQV,0.19671270257514317,,2.9663782005187045,hit,linear_regression,target_5d_return,regression,2,"Technical state is soft, with price below the 50-day and 200-day averages. RSI is weak near 37.3. MACD remains on the bearish side. Volatility is elevated at roughly 31.4%.",No recent matched news was found for this ticker/date.,Relative strength versus the benchmark looked weak. 1-month excess return -5.38%; 3-month excess return -20.55%; 6-month excess return -17.20%.,"Model view: the forward return estimate was mildly positive at about 0.20%. Confidence was not explicitly available for this prediction. Technical state is soft, with price below the 50-day and 200-day averages. RSI is weak near 37.3. MACD remains on the bearish side. Volatility is elevated at roughly 31.4%. No recent matched news was found for this ticker/date. Relative strength versus the benchmark looked weak. 1-month excess return -5.38%; 3-month excess return -20.55%; 6-month excess return -17.20%."
2023-05-05,IQV,-0.7025900994099579,,-0.18035836461592902,hit,linear_regression,target_5d_return,regression,2,"Technical state is soft, with price below the 50-day and 200-day averages. MACD remains on the bearish side. Volatility is elevated at roughly 32.6%.",No recent matched news was found for this ticker/date.,Relative strength versus the benchmark looked weak. 1-month excess return -5.54%; 3-month excess return -20.55%; 6-month excess return -17.75%.,"Model view: the forward return estimate was mildly negative at about -0.70%. Confidence was not explicitly available for this prediction. Technical state is soft, with price below the 50-day and 200-day averages. MACD remains on the bearish side. Volatility is elevated at roughly 32.6%. No recent matched news was found for this ticker/date. Relative strength versus the benchmark looked weak. 1-month excess return -5.54%; 3-month excess return -20.55%; 6-month excess return -17.75%."
2023-05-08,IQV,-1.884901275438677,,0.8692412985034537,miss,linear_regression,target_5d_return,regression,2,"Technical state is soft, with price below the 50-day and 200-day averages. MACD remains on the bearish side. Volatility is elevated at roughly 32.6%.",No recent matched news was found for this ticker/date.,Relative strength versus the benchmark looked weak. 1-month excess return -3.93%; 3-month excess return -18.96%; 6-month excess return -18.14%.,"Model view: the forward return estimate was mildly negative at about -1.88%. Confidence was not explicitly available for this prediction. Technical state is soft, with price below the 50-day and 200-day averages. MACD remains on the bearish side. Volatility is elevated at roughly 32.6%. No recent matched news was found for this ticker/date. Relative strength versus the benchmark looked weak. 1-month excess return -3.93%; 3-month excess return -18.96%; 6-month excess return -18.14%."
2023-05-09,IQV,-1.7747523351227534,,2.795555271542227,miss,linear_regression,target_5d_return,regression,2,"Technical state is soft, with price below the 50-day and 200-day averages. MACD remains on the bearish side. Volatility is elevated at roughly 32.7%.",No recent matched news was found for this ticker/date.,Relative strength versus the benchmark looked weak. 1-month excess return -5.84%; 3-month excess return -20.09%; 6-month excess return -18.04%.,"Model view: the forward return estimate was mildly negative at about -1.77%. Confidence was not explicitly available for this prediction. Technical state is soft, with price below the 50-day and 200-day averages. MACD remains on the bearish side. Volatility is elevated at roughly 32.7%. No recent matched news was found for this ticker/date. Relative strength versus the benchmark looked weak. 1-month excess return -5.84%; 3-month excess return -20.09%; 6-month excess return -18.04%."
2023-05-10,IQV,-2.2199459436262834,,2.6424931796669604,miss,linear_regression,target_5d_return,regression,2,"Technical state is soft, with price below the 50-day and 200-day averages. MACD remains on the bearish side. Volatility is elevated at roughly 33.0%.",No recent matched news was found for this ticker/date.,Relative strength versus the benchmark looked weak. 1-month excess return -6.55%; 3-month excess return -20.63%; 6-month excess return -18.18%.,"Model view: the forward return estimate was mildly negative at about -2.22%. Confidence was not explicitly available for this prediction. Technical state is soft, with price below the 50-day and 200-day averages. MACD remains on the bearish side. Volatility is elevated at roughly 33.0%. No recent matched news was found for this ticker/date. Relative strength versus the benchmark looked weak. 1-month excess return -6.55%; 3-month excess return -20.63%; 6-month excess return -18.18%."
2023-05-11,IQV,-4.842515789378223,,2.938853939302377,miss,linear_regression,target_5d_return,regression,2,"Technical state is soft, with price below the 50-day and 200-day averages. MACD remains on the bullish side. Volatility is elevated at roughly 31.9%.",No recent matched news was found for this ticker/date.,Relative strength versus the benchmark looked weak. 1-month excess return -5.10%; 3-month excess return -18.78%; 6-month excess return -16.55%.,"Model view: the forward return estimate was mildly negative at about -4.84%. Confidence was not explicitly available for this prediction. Technical state is soft, with price below the 50-day and 200-day averages. MACD remains on the bullish side. Volatility is elevated at roughly 31.9%. No recent matched news was found for this ticker/date. Relative strength versus the benchmark looked weak. 1-month excess return -5.10%; 3-month excess return -18.78%; 6-month excess return -16.55%."
2023-05-12,IQV,-4.383704062061082,,5.9836381145072615,miss,linear_regression,target_5d_return,regression,2,"Technical state is soft, with price below the 50-day and 200-day averages. MACD remains on the bullish side. Volatility is elevated at roughly 31.8%.",No recent matched news was found for this ticker/date.,Relative strength versus the benchmark looked weak. 1-month excess return -6.76%; 3-month excess return -16.39%; 6-month excess return -17.86%.,"Model view: the forward return estimate was mildly negative at about -4.38%. Confidence was not explicitly available for this prediction. Technical state is soft, with price below the 50-day and 200-day averages. MACD remains on the bullish side. Volatility is elevated at roughly 31.8%. No recent matched news was found for this ticker/date. Relative strength versus the benchmark looked weak. 1-month excess return -6.76%; 3-month excess return -16.39%; 6-month excess return -17.86%."
2023-05-15,IQV,-4.13125762962427,,5.379434368878089,miss,linear_regression,target_5d_return,regression,2,"Technical state is soft, with price below the 50-day and 200-day averages. MACD remains on the bullish side. Volatility is elevated at roughly 32.2%.",No recent matched news was found for this ticker/date.,Relative strength versus the benchmark looked weak. 1-month excess return -4.56%; 3-month excess return -17.54%; 6-month excess return -18.60%.,"Model view: the forward return estimate was mildly negative at about -4.13%. Confidence was not explicitly available for this prediction. Technical state is soft, with price below the 50-day and 200-day averages. MACD remains on the bullish side. Volatility is elevated at roughly 32.2%. No recent matched news was found for this ticker/date. Relative strength versus the benchmark looked weak. 1-month excess return -4.56%; 3-month excess return -17.54%; 6-month excess return -18.60%."
2023-05-16,IQV,-2.5241332959939604,,5.527949215151162,miss,linear_regression,target_5d_return,regression,2,"Technical state is soft, with price below the 50-day and 200-day averages. MACD remains on the bullish side. Volatility is elevated at roughly 32.2%.",No recent matched news was found for this ticker/date.,Relative strength versus the benchmark looked weak. 1-month excess return -4.76%; 3-month excess return -15.20%; 6-month excess return -18.54%.,"Model view: the forward return estimate was mildly negative at about -2.52%. Confidence was not explicitly available for this prediction. Technical state is soft, with price below the 50-day and 200-day averages. MACD remains on the bullish side. Volatility is elevated at roughly 32.2%. No recent matched news was found for this ticker/date. Relative strength versus the benchmark looked weak. 1-month excess return -4.76%; 3-month excess return -15.20%; 6-month excess return -18.54%."
2023-05-17,IQV,-2.847514546599496,,2.579640325726329,miss,linear_regression,target_5d_return,regression,2,"Technical state is soft, with price below the 50-day and 200-day averages. RSI is in a steady zone near 51.1. MACD remains on the bullish side. Volatility is elevated at roughly 32.5%.",No recent matched news was found for this ticker/date.,Relative strength versus the benchmark looked weak. 1-month excess return -5.01%; 3-month excess return -15.22%; 6-month excess return -18.20%.,"Model view: the forward return estimate was mildly negative at about -2.85%. Confidence was not explicitly available for this prediction. Technical state is soft, with price below the 50-day and 200-day averages. RSI is in a steady zone near 51.1. MACD remains on the bullish side. Volatility is elevated at roughly 32.5%. No recent matched news was found for this ticker/date. Relative strength versus the benchmark looked weak. 1-month excess return -5.01%; 3-month excess return -15.22%; 6-month excess return -18.20%."
2023-05-18,IQV,-4.8001404686926294,,1.0335146093636727,miss,linear_regression,target_5d_return,regression,2,"Technical state is mixed, with price not fully aligned across the major moving averages. RSI is in a steady zone near 54.3. MACD remains on the bullish side. Volatility is elevated at roughly 32.4%.",No recent matched news was found for this ticker/date.,Relative strength versus the benchmark looked weak. 1-month excess return -4.40%; 3-month excess return -15.41%; 6-month excess return -18.04%.,"Model view: the forward return estimate was mildly negative at about -4.80%. Confidence was not explicitly available for this prediction. Technical state is mixed, with price not fully aligned across the major moving averages. RSI is in a steady zone near 54.3. MACD remains on the bullish side. Volatility is elevated at roughly 32.4%. No recent matched news was found for this ticker/date. Relative strength versus the benchmark looked weak. 1-month excess return -4.40%; 3-month excess return -15.41%; 6-month excess return -18.04%."
2023-05-19,IQV,-7.641569578159658,,0.005011284954670181,miss,linear_regression,target_5d_return,regression,2,"Technical state is mixed, with price not fully aligned across the major moving averages. RSI is in a steady zone near 59.1. MACD remains on the bullish side. Volatility is elevated at roughly 32.6%.",No recent matched news was found for this ticker/date.,Relative strength versus the benchmark looked weak. 1-month excess return -1.21%; 3-month excess return -12.00%; 6-month excess return -16.79%.,"Model view: the forward return estimate was mildly negative at about -7.64%. Confidence was not explicitly available for this prediction. Technical state is mixed, with price not fully aligned across the major moving averages. RSI is in a steady zone near 59.1. MACD remains on the bullish side. Volatility is elevated at roughly 32.6%. No recent matched news was found for this ticker/date. Relative strength versus the benchmark looked weak. 1-month excess return -1.21%; 3-month excess return -12.00%; 6-month excess return -16.79%."
2023-05-22,IQV,-10.688448266226114,,-1.5463202209994753,hit,linear_regression,target_5d_return,regression,2,"Technical state is mixed, with price not fully aligned across the major moving averages. RSI is in a steady zone near 61.7. MACD remains on the bullish side. Volatility is elevated at roughly 32.8%.",No recent matched news was found for this ticker/date.,Relative strength versus the benchmark looked weak. 1-month excess return -1.90%; 3-month excess return -10.17%; 6-month excess return -10.74%.,"Model view: the forward return estimate was mildly negative at about -10.69%. Confidence was not explicitly available for this prediction. Technical state is mixed, with price not fully aligned across the major moving averages. RSI is in a steady zone near 61.7. MACD remains on the bullish side. Volatility is elevated at roughly 32.8%. No recent matched news was found for this ticker/date. Relative strength versus the benchmark looked weak. 1-month excess return -1.90%; 3-month excess return -10.17%; 6-month excess return -10.74%."
2023-05-23,IQV,-10.46218280727265,,-2.4135172696250318,hit,linear_regression,target_5d_return,regression,2,"Technical state is mixed, with price not fully aligned across the major moving averages. RSI is in a steady zone near 61.7. MACD remains on the bullish side.",No recent matched news was found for this ticker/date.,Relative strength versus the benchmark looked weak. 1-month excess return -0.96%; 3-month excess return -8.23%; 6-month excess return -10.14%.,"Model view: the forward return estimate was mildly negative at about -10.46%. Confidence was not explicitly available for this prediction. Technical state is mixed, with price not fully aligned across the major moving averages. RSI is in a steady zone near 61.7. MACD remains on the bullish side. No recent matched news was found for this ticker/date. Relative strength versus the benchmark looked weak. 1-month excess return -0.96%; 3-month excess return -8.23%; 6-month excess return -10.14%."
2023-05-24,IQV,-8.76626767041095,,0.47467678998163176,miss,linear_regression,target_5d_return,regression,2,"Technical state is mixed, with price not fully aligned across the major moving averages. RSI is in a steady zone near 55.3. MACD remains on the bullish side.",No recent matched news was found for this ticker/date.,Relative strength versus the benchmark looked weak. 1-month excess return 2.08%; 3-month excess return -9.76%; 6-month excess return -11.96%.,"Model view: the forward return estimate was mildly negative at about -8.77%. Confidence was not explicitly available for this prediction. Technical state is mixed, with price not fully aligned across the major moving averages. RSI is in a steady zone near 55.3. MACD remains on the bullish side. No recent matched news was found for this ticker/date. Relative strength versus the benchmark looked weak. 1-month excess return 2.08%; 3-month excess return -9.76%; 6-month excess return -11.96%."
2023-05-25,IQV,-9.770436637431981,,1.9749804387378944,miss,linear_regression,target_5d_return,regression,2,"Technical state is mixed, with price not fully aligned across the major moving averages. RSI is in a steady zone near 54.4. MACD remains on the bullish side.",No recent matched news was found for this ticker/date.,Relative strength versus the benchmark looked weak. 1-month excess return 1.39%; 3-month excess return -10.34%; 6-month excess return -12.18%.,"Model view: the forward return estimate was mildly negative at about -9.77%. Confidence was not explicitly available for this prediction. Technical state is mixed, with price not fully aligned across the major moving averages. RSI is in a steady zone near 54.4. MACD remains on the bullish side. No recent matched news was found for this ticker/date. Relative strength versus the benchmark looked weak. 1-month excess return 1.39%; 3-month excess return -10.34%; 6-month excess return -12.18%."
2023-05-26,IQV,-11.705907678577798,,2.2862861009604662,miss,linear_regression,target_5d_return,regression,2,"Technical state is mixed, with price not fully aligned across the major moving averages. RSI is in a steady zone near 57.0. MACD remains on the bullish side.",No recent matched news was found for this ticker/date.,Relative strength versus the benchmark looked weak. 1-month excess return 6.73%; 3-month excess return -10.09%; 6-month excess return -12.73%.,"Model view: the forward return estimate was mildly negative at about -11.71%. Confidence was not explicitly available for this prediction. Technical state is mixed, with price not fully aligned across the major moving averages. RSI is in a steady zone near 57.0. MACD remains on the bullish side. No recent matched news was found for this ticker/date. Relative strength versus the benchmark looked weak. 1-month excess return 6.73%; 3-month excess return -10.09%; 6-month excess return -12.73%."
2023-05-30,IQV,-10.612693301126509,,3.438208930735609,miss,linear_regression,target_5d_return,regression,2,"Technical state is mixed, with price not fully aligned across the major moving averages. RSI is in a steady zone near 55.6. MACD remains on the bullish side.",No recent matched news was found for this ticker/date.,Relative strength versus the benchmark looked weak. 1-month excess return 4.50%; 3-month excess return -10.72%; 6-month excess return -14.07%.,"Model view: the forward return estimate was mildly negative at about -10.61%. Confidence was not explicitly available for this prediction. Technical state is mixed, with price not fully aligned across the major moving averages. RSI is in a steady zone near 55.6. MACD remains on the bullish side. No recent matched news was found for this ticker/date. Relative strength versus the benchmark looked weak. 1-month excess return 4.50%; 3-month excess return -10.72%; 6-month excess return -14.07%."
2023-05-31,IQV,-6.891219109274683,,5.92148872340561,miss,linear_regression,target_5d_return,regression,2,"Technical state is mixed, with price not fully aligned across the major moving averages. RSI is in a steady zone near 52.5. MACD remains on the bullish side.",No recent matched news was found for this ticker/date.,Relative strength versus the benchmark looked weak. 1-month excess return 3.09%; 3-month excess return -12.39%; 6-month excess return -13.66%.,"Model view: the forward return estimate was mildly negative at about -6.89%. Confidence was not explicitly available for this prediction. Technical state is mixed, with price not fully aligned across the major moving averages. RSI is in a steady zone near 52.5. MACD remains on the bullish side. No recent matched news was found for this ticker/date. Relative strength versus the benchmark looked weak. 1-month excess return 3.09%; 3-month excess return -12.39%; 6-month excess return -13.66%."
2023-06-01,IQV,-8.035532714021226,,3.6286883331193787,miss,linear_regression,target_5d_return,regression,2,"Technical state is mixed, with price not fully aligned across the major moving averages. RSI is in a steady zone near 55.7. MACD remains on the bullish side.",No recent matched news was found for this ticker/date.,Relative strength versus the benchmark looked weak. 1-month excess return 4.54%; 3-month excess return -13.85%; 6-month excess return -13.04%.,"Model view: the forward return estimate was mildly negative at about -8.04%. Confidence was not explicitly available for this prediction. Technical state is mixed, with price not fully aligned across the major moving averages. RSI is in a steady zone near 55.7. MACD remains on the bullish side. No recent matched news was found for this ticker/date. Relative strength versus the benchmark looked weak. 1-month excess return 4.54%; 3-month excess return -13.85%; 6-month excess return -13.04%."
2023-06-02,IQV,-7.266920370453189,,2.5922438035842044,miss,linear_regression,target_5d_return,regression,2,"Technical state is mixed, with price not fully aligned across the major moving averages. RSI is in a steady zone near 59.1. MACD remains on the bullish side.",No recent matched news was found for this ticker/date.,Relative strength versus the benchmark looked weak. 1-month excess return 2.77%; 3-month excess return -14.73%; 6-month excess return -12.65%.,"Model view: the forward return estimate was mildly negative at about -7.27%. Confidence was not explicitly available for this prediction. Technical state is mixed, with price not fully aligned across the major moving averages. RSI is in a steady zone near 59.1. MACD remains on the bullish side. No recent matched news was found for this ticker/date. Relative strength versus the benchmark looked weak. 1-month excess return 2.77%; 3-month excess return -14.73%; 6-month excess return -12.65%."
2023-06-05,IQV,-8.112985596592292,,3.8674572825323272,miss,linear_regression,target_5d_return,regression,2,"Technical state is mixed, with price not fully aligned across the major moving averages. RSI is in a steady zone near 62.4. MACD remains on the bullish side.",No recent matched news was found for this ticker/date.,Relative strength versus the benchmark looked weak. 1-month excess return 5.16%; 3-month excess return -12.67%; 6-month excess return -12.29%.,"Model view: the forward return estimate was mildly negative at about -8.11%. Confidence was not explicitly available for this prediction. Technical state is mixed, with price not fully aligned across the major moving averages. RSI is in a steady zone near 62.4. MACD remains on the bullish side. No recent matched news was found for this ticker/date. Relative strength versus the benchmark looked weak. 1-month excess return 5.16%; 3-month excess return -12.67%; 6-month excess return -12.29%."
2023-06-06,IQV,-10.462534321964679,,4.696325363014453,miss,linear_regression,target_5d_return,regression,2,"Technical state is mixed, with price not fully aligned across the major moving averages. RSI is in a steady zone near 64.2. MACD remains on the bullish side.",No recent matched news was found for this ticker/date.,Relative strength versus the benchmark looked weak. 1-month excess return 5.21%; 3-month excess return -10.81%; 6-month excess return -10.79%.,"Model view: the forward return estimate was mildly negative at about -10.46%. Confidence was not explicitly available for this prediction. Technical state is mixed, with price not fully aligned across the major moving averages. RSI is in a steady zone near 64.2. MACD remains on the bullish side. No recent matched news was found for this ticker/date. Relative strength versus the benchmark looked weak. 1-month excess return 5.21%; 3-month excess return -10.81%; 6-month excess return -10.79%."
2023-06-07,IQV,-11.233533863632882,,1.9897366595156063,miss,linear_regression,target_5d_return,regression,2,"Technical state is constructive, with price above the 50-day and 200-day averages. MACD remains on the bullish side.",No recent matched news was found for this ticker/date.,Relative strength versus the benchmark looked weak. 1-month excess return 6.49%; 3-month excess return -8.38%; 6-month excess return -8.30%.,"Model view: the forward return estimate was mildly negative at about -11.23%. Confidence was not explicitly available for this prediction. Technical state is constructive, with price above the 50-day and 200-day averages. MACD remains on the bullish side. No recent matched news was found for this ticker/date. Relative strength versus the benchmark looked weak. 1-month excess return 6.49%; 3-month excess return -8.38%; 6-month excess return -8.30%."
2023-06-08,IQV,-12.568574975539203,,5.136037738250687,miss,linear_regression,target_5d_return,regression,2,"Technical state is constructive, with price above the 50-day and 200-day averages. RSI is in a steady zone near 62.7. MACD remains on the bullish side.",No recent matched news was found for this ticker/date.,Relative strength versus the benchmark looked weak. 1-month excess return 6.39%; 3-month excess return -7.99%; 6-month excess return -10.69%.,"Model view: the forward return estimate was mildly negative at about -12.57%. Confidence was not explicitly available for this prediction. Technical state is constructive, with price above the 50-day and 200-day averages. RSI is in a steady zone near 62.7. MACD remains on the bullish side. No recent matched news was found for this ticker/date. Relative strength versus the benchmark looked weak. 1-month excess return 6.39%; 3-month excess return -7.99%; 6-month excess return -10.69%."
2023-06-09,IQV,-13.528391397688633,,4.564600465526403,miss,linear_regression,target_5d_return,regression,2,"Technical state is constructive, with price above the 50-day and 200-day averages. RSI is in a steady zone near 63.2. MACD remains on the bullish side.",No recent matched news was found for this ticker/date.,Relative strength versus the benchmark looked weak. 1-month excess return 5.66%; 3-month excess return -6.65%; 6-month excess return -9.86%.,"Model view: the forward return estimate was mildly negative at about -13.53%. Confidence was not explicitly available for this prediction. Technical state is constructive, with price above the 50-day and 200-day averages. RSI is in a steady zone near 63.2. MACD remains on the bullish side. No recent matched news was found for this ticker/date. Relative strength versus the benchmark looked weak. 1-month excess return 5.66%; 3-month excess return -6.65%; 6-month excess return -9.86%."
2023-06-12,IQV,-17.07976596036465,,1.429919238589994,miss,linear_regression,target_5d_return,regression,2,"Technical state is constructive, with price above the 50-day and 200-day averages. MACD remains on the bullish side.",No recent matched news was found for this ticker/date.,Relative strength versus the benchmark looked weak. 1-month excess return 6.32%; 3-month excess return -5.64%; 6-month excess return -8.76%.,"Model view: the forward return estimate was mildly negative at about -17.08%. Confidence was not explicitly available for this prediction. Technical state is constructive, with price above the 50-day and 200-day averages. MACD remains on the bullish side. No recent matched news was found for this ticker/date. Relative strength versus the benchmark looked weak. 1-month excess return 6.32%; 3-month excess return -5.64%; 6-month excess return -8.76%."
2023-06-13,IQV,-18.1536213485179,,-0.6042871855397203,hit,linear_regression,target_5d_return,regression,2,"Technical state is constructive, with price above the 50-day and 200-day averages. RSI is elevated near 72.0, so chasing strength may add risk. MACD remains on the bullish side.",No recent matched news was found for this ticker/date.,Relative strength versus the benchmark looked weak. 1-month excess return 8.20%; 3-month excess return -4.30%; 6-month excess return -7.84%.,"Model view: the forward return estimate was mildly negative at about -18.15%. Confidence was not explicitly available for this prediction. Technical state is constructive, with price above the 50-day and 200-day averages. RSI is elevated near 72.0, so chasing strength may add risk. MACD remains on the bullish side. No recent matched news was found for this ticker/date. Relative strength versus the benchmark looked weak. 1-month excess return 8.20%; 3-month excess return -4.30%; 6-month excess return -7.84%."
2023-06-14,IQV,-17.86257172097569,,0.42308851603973796,miss,linear_regression,target_5d_return,regression,2,"Technical state is constructive, with price above the 50-day and 200-day averages. MACD remains on the bullish side.",No recent matched news was found for this ticker/date.,Relative strength versus the benchmark looked weak. 1-month excess return 5.26%; 3-month excess return -3.32%; 6-month excess return -9.72%.,"Model view: the forward return estimate was mildly negative at about -17.86%. Confidence was not explicitly available for this prediction. Technical state is constructive, with price above the 50-day and 200-day averages. MACD remains on the bullish side. No recent matched news was found for this ticker/date. Relative strength versus the benchmark looked weak. 1-month excess return 5.26%; 3-month excess return -3.32%; 6-month excess return -9.72%."
2023-06-15,IQV,-19.338902558975217,,-1.2547288661406197,hit,linear_regression,target_5d_return,regression,2,"Technical state is constructive, with price above the 50-day and 200-day averages. RSI is elevated near 70.6, so chasing strength may add risk. MACD remains on the bullish side.",No recent matched news was found for this ticker/date.,Relative strength versus the benchmark looked weak. 1-month excess return 5.47%; 3-month excess return -1.43%; 6-month excess return -10.12%.,"Model view: the forward return estimate was mildly negative at about -19.34%. Confidence was not explicitly available for this prediction. Technical state is constructive, with price above the 50-day and 200-day averages. RSI is elevated near 70.6, so chasing strength may add risk. MACD remains on the bullish side. No recent matched news was found for this ticker/date. Relative strength versus the benchmark looked weak. 1-month excess return 5.47%; 3-month excess return -1.43%; 6-month excess return -10.12%."
2023-06-16,IQV,-18.234713466893847,,-1.018422787117157,hit,linear_regression,target_5d_return,regression,2,"Technical state is constructive, with price above the 50-day and 200-day averages. MACD remains on the bullish side.",No recent matched news was found for this ticker/date.,Relative strength versus the benchmark looked mixed. 1-month excess return 5.66%; 3-month excess return 0.56%; 6-month excess return -9.53%.,"Model view: the forward return estimate was mildly negative at about -18.23%. Confidence was not explicitly available for this prediction. Technical state is constructive, with price above the 50-day and 200-day averages. MACD remains on the bullish side. No recent matched news was found for this ticker/date. Relative strength versus the benchmark looked mixed. 1-month excess return 5.66%; 3-month excess return 0.56%; 6-month excess return -9.53%."
2023-06-20,IQV,-18.67729031808943,,-0.12561718832753144,hit,linear_regression,target_5d_return,regression,2,"Technical state is constructive, with price above the 50-day and 200-day averages. MACD remains on the bullish side.",No recent matched news was found for this ticker/date.,Relative strength versus the benchmark looked mixed. 1-month excess return 5.24%; 3-month excess return 0.97%; 6-month excess return -9.51%.,"Model view: the forward return estimate was mildly negative at about -18.68%. Confidence was not explicitly available for this prediction. Technical state is constructive, with price above the 50-day and 200-day averages. MACD remains on the bullish side. No recent matched news was found for this ticker/date. Relative strength versus the benchmark looked mixed. 1-month excess return 5.24%; 3-month excess return 0.97%; 6-month excess return -9.51%."
2023-06-21,IQV,-17.101096782881267,,2.520693702236887,miss,linear_regression,target_5d_return,regression,2,"Technical state is constructive, with price above the 50-day and 200-day averages. RSI is in a steady zone near 64.4. MACD remains on the bullish side.",No recent matched news was found for this ticker/date.,Relative strength versus the benchmark looked weak. 1-month excess return 2.90%; 3-month excess return -0.37%; 6-month excess return -8.44%.,"Model view: the forward return estimate was mildly negative at about -17.10%. Confidence was not explicitly available for this prediction. Technical state is constructive, with price above the 50-day and 200-day averages. RSI is in a steady zone near 64.4. MACD remains on the bullish side. No recent matched news was found for this ticker/date. Relative strength versus the benchmark looked weak. 1-month excess return 2.90%; 3-month excess return -0.37%; 6-month excess return -8.44%."
2023-06-22,IQV,-16.451743460094985,,3.651345019214558,miss,linear_regression,target_5d_return,regression,2,"Technical state is constructive, with price above the 50-day and 200-day averages. RSI is in a steady zone near 63.9. MACD remains on the bullish side.",No recent matched news was found for this ticker/date.,Relative strength versus the benchmark looked mixed. 1-month excess return 1.23%; 3-month excess return 1.13%; 6-month excess return -7.88%.,"Model view: the forward return estimate was mildly negative at about -16.45%. Confidence was not explicitly available for this prediction. Technical state is constructive, with price above the 50-day and 200-day averages. RSI is in a steady zone near 63.9. MACD remains on the bullish side. No recent matched news was found for this ticker/date. Relative strength versus the benchmark looked mixed. 1-month excess return 1.23%; 3-month excess return 1.13%; 6-month excess return -7.88%."
2023-06-23,IQV,-15.730598168463729,,5.00327330468906,miss,linear_regression,target_5d_return,regression,2,"Technical state is constructive, with price above the 50-day and 200-day averages. RSI is in a steady zone near 64.5. MACD remains on the bullish side.",No recent matched news was found for this ticker/date.,Relative strength versus the benchmark looked mixed. 1-month excess return 1.06%; 3-month excess return 3.67%; 6-month excess return -7.99%.,"Model view: the forward return estimate was mildly negative at about -15.73%. Confidence was not explicitly available for this prediction. Technical state is constructive, with price above the 50-day and 200-day averages. RSI is in a steady zone near 64.5. MACD remains on the bullish side. No recent matched news was found for this ticker/date. Relative strength versus the benchmark looked mixed. 1-month excess return 1.06%; 3-month excess return 3.67%; 6-month excess return -7.99%."
2023-06-26,IQV,-15.74232049315885,,3.3907023438675354,miss,linear_regression,target_5d_return,regression,2,"Technical state is constructive, with price above the 50-day and 200-day averages. RSI is in a steady zone near 63.9. MACD remains on the bullish side.",No recent matched news was found for this ticker/date.,Relative strength versus the benchmark looked mixed. 1-month excess return 2.59%; 3-month excess return 4.06%; 6-month excess return -7.60%.,"Model view: the forward return estimate was mildly negative at about -15.74%. Confidence was not explicitly available for this prediction. Technical state is constructive, with price above the 50-day and 200-day averages. RSI is in a steady zone near 63.9. MACD remains on the bullish side. No recent matched news was found for this ticker/date. Relative strength versus the benchmark looked mixed. 1-month excess return 2.59%; 3-month excess return 4.06%; 6-month excess return -7.60%."
2023-06-27,IQV,-14.602792706484113,,2.9069179762976294,miss,linear_regression,target_5d_return,regression,2,"Technical state is constructive, with price above the 50-day and 200-day averages. MACD remains on the bearish side.",No recent matched news was found for this ticker/date.,Relative strength versus the benchmark looked mixed. 1-month excess return 3.07%; 3-month excess return 1.95%; 6-month excess return -9.32%.,"Model view: the forward return estimate was mildly negative at about -14.60%. Confidence was not explicitly available for this prediction. Technical state is constructive, with price above the 50-day and 200-day averages. MACD remains on the bearish side. No recent matched news was found for this ticker/date. Relative strength versus the benchmark looked mixed. 1-month excess return 3.07%; 3-month excess return 1.95%; 6-month excess return -9.32%."
2023-06-28,IQV,-16.66250532869559,,-0.7161788684774795,hit,linear_regression,target_5d_return,regression,2,"Technical state is constructive, with price above the 50-day and 200-day averages. RSI is elevated near 70.9, so chasing strength may add risk. MACD remains on the bullish side.",No recent matched news was found for this ticker/date.,Relative strength versus the benchmark looked mixed. 1-month excess return 5.59%; 3-month excess return 4.72%; 6-month excess return -6.86%.,"Model view: the forward return estimate was mildly negative at about -16.66%. Confidence was not explicitly available for this prediction. Technical state is constructive, with price above the 50-day and 200-day averages. RSI is elevated near 70.9, so chasing strength may add risk. MACD remains on the bullish side. No recent matched news was found for this ticker/date. Relative strength versus the benchmark looked mixed. 1-month excess return 5.59%; 3-month excess return 4.72%; 6-month excess return -6.86%."
2023-06-29,IQV,-17.45678379387613,,-2.0820163709124873,hit,linear_regression,target_5d_return,regression,2,"Technical state is constructive, with price above the 50-day and 200-day averages. RSI is elevated near 73.2, so chasing strength may add risk. MACD remains on the bullish side.",No recent matched news was found for this ticker/date.,Relative strength versus the benchmark looked mixed. 1-month excess return 7.18%; 3-month excess return 5.61%; 6-month excess return -5.74%.,"Model view: the forward return estimate was mildly negative at about -17.46%. Confidence was not explicitly available for this prediction. Technical state is constructive, with price above the 50-day and 200-day averages. RSI is elevated near 73.2, so chasing strength may add risk. MACD remains on the bullish side. No recent matched news was found for this ticker/date. Relative strength versus the benchmark looked mixed. 1-month excess return 7.18%; 3-month excess return 5.61%; 6-month excess return -5.74%."
2023-06-30,IQV,-17.89896285309555,,-2.375767004126872,hit,linear_regression,target_5d_return,regression,2,"Technical state is constructive, with price above the 50-day and 200-day averages. RSI is elevated near 76.2, so chasing strength may add risk. MACD remains on the bullish side.",No recent matched news was found for this ticker/date.,Relative strength versus the benchmark looked mixed. 1-month excess return 8.06%; 3-month excess return 5.48%; 6-month excess return -6.31%.,"Model view: the forward return estimate was mildly negative at about -17.90%. Confidence was not explicitly available for this prediction. Technical state is constructive, with price above the 50-day and 200-day averages. RSI is elevated near 76.2, so chasing strength may add risk. MACD remains on the bullish side. No recent matched news was found for this ticker/date. Relative strength versus the benchmark looked mixed. 1-month excess return 8.06%; 3-month excess return 5.48%; 6-month excess return -6.31%."
2023-07-03,IQV,-15.720159324580788,,-2.1712592811010234,hit,linear_regression,target_5d_return,regression,2,"Technical state is constructive, with price above the 50-day and 200-day averages. MACD remains on the bullish side.",No recent matched news was found for this ticker/date.,Relative strength versus the benchmark looked mixed. 1-month excess return 5.82%; 3-month excess return 2.65%; 6-month excess return -9.44%.,"Model view: the forward return estimate was mildly negative at about -15.72%. Confidence was not explicitly available for this prediction. Technical state is constructive, with price above the 50-day and 200-day averages. MACD remains on the bullish side. No recent matched news was found for this ticker/date. Relative strength versus the benchmark looked mixed. 1-month excess return 5.82%; 3-month excess return 2.65%; 6-month excess return -9.44%."
2023-07-05,IQV,-14.950755253294613,,-0.8555905123900143,hit,linear_regression,target_5d_return,regression,2,"Technical state is constructive, with price above the 50-day and 200-day averages. MACD remains on the bullish side.",No recent matched news was found for this ticker/date.,Relative strength versus the benchmark looked mixed. 1-month excess return 6.17%; 3-month excess return 2.65%; 6-month excess return -8.07%.,"Model view: the forward return estimate was mildly negative at about -14.95%. Confidence was not explicitly available for this prediction. Technical state is constructive, with price above the 50-day and 200-day averages. MACD remains on the bullish side. No recent matched news was found for this ticker/date. Relative strength versus the benchmark looked mixed. 1-month excess return 6.17%; 3-month excess return 2.65%; 6-month excess return -8.07%."
2023-07-06,IQV,-14.29870242630206,,0.9097225094661932,miss,linear_regression,target_5d_return,regression,2,"Technical state is constructive, with price above the 50-day and 200-day averages. RSI is in a steady zone near 59.5. MACD remains on the bearish side.",No recent matched news was found for this ticker/date.,Relative strength versus the benchmark looked mixed. 1-month excess return 3.80%; 3-month excess return 3.09%; 6-month excess return -8.62%.,"Model view: the forward return estimate was mildly negative at about -14.30%. Confidence was not explicitly available for this prediction. Technical state is constructive, with price above the 50-day and 200-day averages. RSI is in a steady zone near 59.5. MACD remains on the bearish side. No recent matched news was found for this ticker/date. Relative strength versus the benchmark looked mixed. 1-month excess return 3.80%; 3-month excess return 3.09%; 6-month excess return -8.62%."
2023-07-07,IQV,-13.566527114525723,,1.9786949832710121,miss,linear_regression,target_5d_return,regression,2,"Technical state is constructive, with price above the 50-day and 200-day averages. RSI is in a steady zone near 57.8. MACD remains on the bearish side.",No recent matched news was found for this ticker/date.,Relative strength versus the benchmark looked mixed. 1-month excess return 3.08%; 3-month excess return 2.43%; 6-month excess return -9.95%.,"Model view: the forward return estimate was mildly negative at about -13.57%. Confidence was not explicitly available for this prediction. Technical state is constructive, with price above the 50-day and 200-day averages. RSI is in a steady zone near 57.8. MACD remains on the bearish side. No recent matched news was found for this ticker/date. Relative strength versus the benchmark looked mixed. 1-month excess return 3.08%; 3-month excess return 2.43%; 6-month excess return -9.95%."
2023-07-10,IQV,-13.422753485251945,,0.8841099695394483,miss,linear_regression,target_5d_return,regression,2,"Technical state is constructive, with price above the 50-day and 200-day averages. RSI is in a steady zone near 61.5. MACD remains on the bearish side.",No recent matched news was found for this ticker/date.,Relative strength versus the benchmark looked mixed. 1-month excess return 2.16%; 3-month excess return 4.60%; 6-month excess return -9.88%.,"Model view: the forward return estimate was mildly negative at about -13.42%. Confidence was not explicitly available for this prediction. Technical state is constructive, with price above the 50-day and 200-day averages. RSI is in a steady zone near 61.5. MACD remains on the bearish side. No recent matched news was found for this ticker/date. Relative strength versus the benchmark looked mixed. 1-month excess return 2.16%; 3-month excess return 4.60%; 6-month excess return -9.88%."
2023-07-11,IQV,-13.006488870721004,,3.680580430862701,miss,linear_regression,target_5d_return,regression,2,"Technical state is constructive, with price above the 50-day and 200-day averages. RSI is in a steady zone near 55.1. MACD remains on the bearish side.",No recent matched news was found for this ticker/date.,Relative strength versus the benchmark looked mixed. 1-month excess return 1.80%; 3-month excess return 1.82%; 6-month excess return -8.70%.,"Model view: the forward return estimate was mildly negative at about -13.01%. Confidence was not explicitly available for this prediction. Technical state is constructive, with price above the 50-day and 200-day averages. RSI is in a steady zone near 55.1. MACD remains on the bearish side. No recent matched news was found for this ticker/date. Relative strength versus the benchmark looked mixed. 1-month excess return 1.80%; 3-month excess return 1.82%; 6-month excess return -8.70%."
2023-07-12,IQV,-13.174088981181196,,2.9450766489243163,miss,linear_regression,target_5d_return,regression,2,"Technical state is constructive, with price above the 50-day and 200-day averages. RSI is in a steady zone near 59.1. MACD remains on the bearish side.",No recent matched news was found for this ticker/date.,Relative strength versus the benchmark looked mixed. 1-month excess return 2.28%; 3-month excess return 0.81%; 6-month excess return -9.95%.,"Model view: the forward return estimate was mildly negative at about -13.17%. Confidence was not explicitly available for this prediction. Technical state is constructive, with price above the 50-day and 200-day averages. RSI is in a steady zone near 59.1. MACD remains on the bearish side. No recent matched news was found for this ticker/date. Relative strength versus the benchmark looked mixed. 1-month excess return 2.28%; 3-month excess return 0.81%; 6-month excess return -9.95%."
2023-07-13,IQV,-13.097615024089794,,3.0687930084831727,miss,linear_regression,target_5d_return,regression,2,"Technical state is constructive, with price above the 50-day and 200-day averages. RSI is in a steady zone near 60.0. MACD remains on the bearish side.",No recent matched news was found for this ticker/date.,Relative strength versus the benchmark looked mixed. 1-month excess return 0.03%; 3-month excess return 0.74%; 6-month excess return -13.20%.,"Model view: the forward return estimate was mildly negative at about -13.10%. Confidence was not explicitly available for this prediction. Technical state is constructive, with price above the 50-day and 200-day averages. RSI is in a steady zone near 60.0. MACD remains on the bearish side. No recent matched news was found for this ticker/date. Relative strength versus the benchmark looked mixed. 1-month excess return 0.03%; 3-month excess return 0.74%; 6-month excess return -13.20%."
2023-07-14,IQV,-13.188426678689133,,3.238348351726472,miss,linear_regression,target_5d_return,regression,2,"Technical state is constructive, with price above the 50-day and 200-day averages. RSI is in a steady zone near 62.0. MACD remains on the bearish side.",No recent matched news was found for this ticker/date.,Relative strength versus the benchmark looked weak. 1-month excess return -0.09%; 3-month excess return 0.36%; 6-month excess return -13.76%.,"Model view: the forward return estimate was mildly negative at about -13.19%. Confidence was not explicitly available for this prediction. Technical state is constructive, with price above the 50-day and 200-day averages. RSI is in a steady zone near 62.0. MACD remains on the bearish side. No recent matched news was found for this ticker/date. Relative strength versus the benchmark looked weak. 1-month excess return -0.09%; 3-month excess return 0.36%; 6-month excess return -13.76%."
2023-07-17,IQV,-14.284448884615774,,3.0672668810998616,miss,linear_regression,target_5d_return,regression,2,"Technical state is constructive, with price above the 50-day and 200-day averages. RSI is in a steady zone near 62.4. MACD remains on the bearish side.",No recent matched news was found for this ticker/date.,Relative strength versus the benchmark looked mixed. 1-month excess return 0.93%; 3-month excess return 1.20%; 6-month excess return -12.69%.,"Model view: the forward return estimate was mildly negative at about -14.28%. Confidence was not explicitly available for this prediction. Technical state is constructive, with price above the 50-day and 200-day averages. RSI is in a steady zone near 62.4. MACD remains on the bearish side. No recent matched news was found for this ticker/date. Relative strength versus the benchmark looked mixed. 1-month excess return 0.93%; 3-month excess return 1.20%; 6-month excess return -12.69%."
2023-07-18,IQV,-13.24854873099989,,3.2734298428112707,miss,linear_regression,target_5d_return,regression,2,"Technical state is constructive, with price above the 50-day and 200-day averages. MACD remains on the bearish side.",No recent matched news was found for this ticker/date.,Relative strength versus the benchmark looked mixed. 1-month excess return 0.83%; 3-month excess return 0.92%; 6-month excess return -13.02%.,"Model view: the forward return estimate was mildly negative at about -13.25%. Confidence was not explicitly available for this prediction. Technical state is constructive, with price above the 50-day and 200-day averages. MACD remains on the bearish side. No recent matched news was found for this ticker/date. Relative strength versus the benchmark looked mixed. 1-month excess return 0.83%; 3-month excess return 0.92%; 6-month excess return -13.02%."
2023-07-19,IQV,-14.499348348427421,,2.882994680404316,miss,linear_regression,target_5d_return,regression,2,"Technical state is constructive, with price above the 50-day and 200-day averages. MACD remains on the bearish side.",No recent matched news was found for this ticker/date.,Relative strength versus the benchmark looked mixed. 1-month excess return 1.16%; 3-month excess return 1.30%; 6-month excess return -12.61%.,"Model view: the forward return estimate was mildly negative at about -14.50%. Confidence was not explicitly available for this prediction. Technical state is constructive, with price above the 50-day and 200-day averages. MACD remains on the bearish side. No recent matched news was found for this ticker/date. Relative strength versus the benchmark looked mixed. 1-month excess return 1.16%; 3-month excess return 1.30%; 6-month excess return -12.61%."
2023-07-20,IQV,-12.792068928349096,,-0.7995748542808157,hit,linear_regression,target_5d_return,regression,2,"Technical state is constructive, with price above the 50-day and 200-day averages. MACD remains on the bullish side.",No recent matched news was found for this ticker/date.,Relative strength versus the benchmark looked mixed. 1-month excess return 2.31%; 3-month excess return 2.94%; 6-month excess return -12.87%.,"Model view: the forward return estimate was mildly negative at about -12.79%. Confidence was not explicitly available for this prediction. Technical state is constructive, with price above the 50-day and 200-day averages. MACD remains on the bullish side. No recent matched news was found for this ticker/date. Relative strength versus the benchmark looked mixed. 1-month excess return 2.31%; 3-month excess return 2.94%; 6-month excess return -12.87%."
2023-07-21,IQV,-14.243216681538588,,-0.9243847634844204,hit,linear_regression,target_5d_return,regression,2,"Technical state is constructive, with price above the 50-day and 200-day averages. RSI is elevated near 71.2, so chasing strength may add risk. MACD remains on the bullish side.",No recent matched news was found for this ticker/date.,Relative strength versus the benchmark looked mixed. 1-month excess return 3.16%; 3-month excess return 5.11%; 6-month excess return -13.67%.,"Model view: the forward return estimate was mildly negative at about -14.24%. Confidence was not explicitly available for this prediction. Technical state is constructive, with price above the 50-day and 200-day averages. RSI is elevated near 71.2, so chasing strength may add risk. MACD remains on the bullish side. No recent matched news was found for this ticker/date. Relative strength versus the benchmark looked mixed. 1-month excess return 3.16%; 3-month excess return 5.11%; 6-month excess return -13.67%."
2023-07-24,IQV,-13.607999850796904,,-1.9284752299485342,hit,linear_regression,target_5d_return,regression,2,"Technical state is constructive, with price above the 50-day and 200-day averages. RSI is elevated near 70.9, so chasing strength may add risk. MACD remains on the bullish side.",No recent matched news was found for this ticker/date.,Relative strength versus the benchmark looked mixed. 1-month excess return 3.16%; 3-month excess return 2.54%; 6-month excess return -12.71%.,"Model view: the forward return estimate was mildly negative at about -13.61%. Confidence was not explicitly available for this prediction. Technical state is constructive, with price above the 50-day and 200-day averages. RSI is elevated near 70.9, so chasing strength may add risk. MACD remains on the bullish side. No recent matched news was found for this ticker/date. Relative strength versus the benchmark looked mixed. 1-month excess return 3.16%; 3-month excess return 2.54%; 6-month excess return -12.71%."
2023-07-25,IQV,-15.7426812672153,,-5.372026621733072,hit,linear_regression,target_5d_return,regression,2,"Technical state is constructive, with price above the 50-day and 200-day averages. RSI is elevated near 74.7, so chasing strength may add risk. MACD remains on the bullish side.",No recent matched news was found for this ticker/date.,Relative strength versus the benchmark looked mixed. 1-month excess return 3.44%; 3-month excess return 3.67%; 6-month excess return -12.46%.,"Model view: the forward return estimate was mildly negative at about -15.74%. Confidence was not explicitly available for this prediction. Technical state is constructive, with price above the 50-day and 200-day averages. RSI is elevated near 74.7, so chasing strength may add risk. MACD remains on the bullish side. No recent matched news was found for this ticker/date. Relative strength versus the benchmark looked mixed. 1-month excess return 3.44%; 3-month excess return 3.67%; 6-month excess return -12.46%."
2023-07-26,IQV,-17.133547249202618,,-5.548374721273519,hit,linear_regression,target_5d_return,regression,2,"Technical state is constructive, with price above the 50-day and 200-day averages. RSI is elevated near 75.1, so chasing strength may add risk. MACD remains on the bullish side.",No recent matched news was found for this ticker/date.,Relative strength versus the benchmark looked mixed. 1-month excess return 3.28%; 3-month excess return 8.78%; 6-month excess return -11.11%.,"Model view: the forward return estimate was mildly negative at about -17.13%. Confidence was not explicitly available for this prediction. Technical state is constructive, with price above the 50-day and 200-day averages. RSI is elevated near 75.1, so chasing strength may add risk. MACD remains on the bullish side. No recent matched news was found for this ticker/date. Relative strength versus the benchmark looked mixed. 1-month excess return 3.28%; 3-month excess return 8.78%; 6-month excess return -11.11%."
2023-07-27,IQV,-14.62761190434868,,-3.6827593348646492,hit,linear_regression,target_5d_return,regression,2,"Technical state is constructive, with price above the 50-day and 200-day averages. RSI is in a steady zone near 56.7. MACD remains on the bullish side.",No recent matched news was found for this ticker/date.,Relative strength versus the benchmark looked mixed. 1-month excess return 1.27%; 3-month excess return 6.25%; 6-month excess return -13.89%.,"Model view: the forward return estimate was mildly negative at about -14.63%. Confidence was not explicitly available for this prediction. Technical state is constructive, with price above the 50-day and 200-day averages. RSI is in a steady zone near 56.7. MACD remains on the bullish side. No recent matched news was found for this ticker/date. Relative strength versus the benchmark looked mixed. 1-month excess return 1.27%; 3-month excess return 6.25%; 6-month excess return -13.89%."
2023-07-28,IQV,-13.160850456435778,,-4.076940733822609,hit,linear_regression,target_5d_return,regression,2,"Technical state is constructive, with price above the 50-day and 200-day averages. RSI is in a steady zone near 59.0. MACD remains on the bearish side.",No recent matched news was found for this ticker/date.,Relative strength versus the benchmark looked weak. 1-month excess return -1.14%; 3-month excess return 12.30%; 6-month excess return -13.96%.,"Model view: the forward return estimate was mildly negative at about -13.16%. Confidence was not explicitly available for this prediction. Technical state is constructive, with price above the 50-day and 200-day averages. RSI is in a steady zone near 59.0. MACD remains on the bearish side. No recent matched news was found for this ticker/date. Relative strength versus the benchmark looked weak. 1-month excess return -1.14%; 3-month excess return 12.30%; 6-month excess return -13.96%."
2023-07-31,IQV,-11.100808375161147,,-1.9932032376510755,hit,linear_regression,target_5d_return,regression,2,"Technical state is constructive, with price above the 50-day and 200-day averages. RSI is in a steady zone near 54.3. MACD remains on the bearish side.",No recent matched news was found for this ticker/date.,Relative strength versus the benchmark looked weak. 1-month excess return -3.46%; 3-month excess return 8.76%; 6-month excess return -15.31%.,"Model view: the forward return estimate was mildly negative at about -11.10%. Confidence was not explicitly available for this prediction. Technical state is constructive, with price above the 50-day and 200-day averages. RSI is in a steady zone near 54.3. MACD remains on the bearish side. No recent matched news was found for this ticker/date. Relative strength versus the benchmark looked weak. 1-month excess return -3.46%; 3-month excess return 8.76%; 6-month excess return -15.31%."
2023-08-01,IQV,-7.650386055281597,,-0.12321647717998818,hit,linear_regression,target_5d_return,regression,2,"Technical state is constructive, with price above the 50-day and 200-day averages. MACD remains on the bearish side.",No recent matched news was found for this ticker/date.,Relative strength versus the benchmark looked weak. 1-month excess return -5.48%; 3-month excess return 5.49%; 6-month excess return -17.06%.,"Model view: the forward return estimate was mildly negative at about -7.65%. Confidence was not explicitly available for this prediction. Technical state is constructive, with price above the 50-day and 200-day averages. MACD remains on the bearish side. No recent matched news was found for this ticker/date. Relative strength versus the benchmark looked weak. 1-month excess return -5.48%; 3-month excess return 5.49%; 6-month excess return -17.06%."
2023-08-02,IQV,-10.069050294839936,,-0.18713938060277435,hit,linear_regression,target_5d_return,regression,2,"Technical state is constructive, with price above the 50-day and 200-day averages. MACD remains on the bearish side.",No recent matched news was found for this ticker/date.,Relative strength versus the benchmark looked weak. 1-month excess return -2.25%; 3-month excess return 8.49%; 6-month excess return -15.24%.,"Model view: the forward return estimate was mildly negative at about -10.07%. Confidence was not explicitly available for this prediction. Technical state is constructive, with price above the 50-day and 200-day averages. MACD remains on the bearish side. No recent matched news was found for this ticker/date. Relative strength versus the benchmark looked weak. 1-month excess return -2.25%; 3-month excess return 8.49%; 6-month excess return -15.24%."
2023-08-03,IQV,-8.97288525500431,,2.538261437689937,miss,linear_regression,target_5d_return,regression,2,"Technical state is constructive, with price above the 50-day and 200-day averages. MACD remains on the bearish side.",No recent matched news was found for this ticker/date.,Relative strength versus the benchmark looked weak. 1-month excess return -3.38%; 3-month excess return 5.64%; 6-month excess return -16.60%.,"Model view: the forward return estimate was mildly negative at about -8.97%. Confidence was not explicitly available for this prediction. Technical state is constructive, with price above the 50-day and 200-day averages. MACD remains on the bearish side. No recent matched news was found for this ticker/date. Relative strength versus the benchmark looked weak. 1-month excess return -3.38%; 3-month excess return 5.64%; 6-month excess return -16.60%."
2023-08-04,IQV,-10.928754655575073,,1.341448283022162,miss,linear_regression,target_5d_return,regression,2,"Technical state is constructive, with price above the 50-day and 200-day averages. MACD remains on the bearish side.",No recent matched news was found for this ticker/date.,Relative strength versus the benchmark looked weak. 1-month excess return -1.95%; 3-month excess return 7.37%; 6-month excess return -17.02%.,"Model view: the forward return estimate was mildly negative at about -10.93%. Confidence was not explicitly available for this prediction. Technical state is constructive, with price above the 50-day and 200-day averages. MACD remains on the bearish side. No recent matched news was found for this ticker/date. Relative strength versus the benchmark looked weak. 1-month excess return -1.95%; 3-month excess return 7.37%; 6-month excess return -17.02%."
2023-08-07,IQV,-10.101804606944821,,0.3739133853254639,miss,linear_regression,target_5d_return,regression,2,"Technical state is constructive, with price above the 50-day and 200-day averages. MACD remains on the bearish side.",No recent matched news was found for this ticker/date.,Relative strength versus the benchmark looked weak. 1-month excess return -1.63%; 3-month excess return 7.06%; 6-month excess return -16.84%.,"Model view: the forward return estimate was mildly negative at about -10.10%. Confidence was not explicitly available for this prediction. Technical state is constructive, with price above the 50-day and 200-day averages. MACD remains on the bearish side. No recent matched news was found for this ticker/date. Relative strength versus the benchmark looked weak. 1-month excess return -1.63%; 3-month excess return 7.06%; 6-month excess return -16.84%."
2023-08-08,IQV,-9.4658766402577,,-0.5482943182379851,hit,linear_regression,target_5d_return,regression,2,"Technical state is constructive, with price above the 50-day and 200-day averages. MACD remains on the bearish side.",No recent matched news was found for this ticker/date.,Relative strength versus the benchmark looked weak. 1-month excess return -2.32%; 3-month excess return 6.57%; 6-month excess return -15.25%.,"Model view: the forward return estimate was mildly negative at about -9.47%. Confidence was not explicitly available for this prediction. Technical state is constructive, with price above the 50-day and 200-day averages. MACD remains on the bearish side. No recent matched news was found for this ticker/date. Relative strength versus the benchmark looked weak. 1-month excess return -2.32%; 3-month excess return 6.57%; 6-month excess return -15.25%."
2023-08-09,IQV,-11.568265178229321,,-1.5913644796479276,hit,linear_regression,target_5d_return,regression,2,"Technical state is constructive, with price above the 50-day and 200-day averages. MACD remains on the bearish side.",No recent matched news was found for this ticker/date.,Relative strength versus the benchmark looked mixed. 1-month excess return 0.38%; 3-month excess return 9.09%; 6-month excess return -14.62%.,"Model view: the forward return estimate was mildly negative at about -11.57%. Confidence was not explicitly available for this prediction. Technical state is constructive, with price above the 50-day and 200-day averages. MACD remains on the bearish side. No recent matched news was found for this ticker/date. Relative strength versus the benchmark looked mixed. 1-month excess return 0.38%; 3-month excess return 9.09%; 6-month excess return -14.62%."
2023-08-10,IQV,-13.379209077457997,,-3.4132888930903604,hit,linear_regression,target_5d_return,regression,2,"Technical state is constructive, with price above the 50-day and 200-day averages. RSI is in a steady zone near 53.0. MACD remains on the bearish side.",No recent matched news was found for this ticker/date.,Relative strength versus the benchmark looked mixed. 1-month excess return 1.26%; 3-month excess return 9.85%; 6-month excess return -14.43%.,"Model view: the forward return estimate was mildly negative at about -13.38%. Confidence was not explicitly available for this prediction. Technical state is constructive, with price above the 50-day and 200-day averages. RSI is in a steady zone near 53.0. MACD remains on the bearish side. No recent matched news was found for this ticker/date. Relative strength versus the benchmark looked mixed. 1-month excess return 1.26%; 3-month excess return 9.85%; 6-month excess return -14.43%."
2023-08-11,IQV,-12.052843145229712,,-2.66557528564767,hit,linear_regression,target_5d_return,regression,2,"Technical state is constructive, with price above the 50-day and 200-day averages. MACD remains on the bearish side.",No recent matched news was found for this ticker/date.,Relative strength versus the benchmark looked mixed. 1-month excess return 0.99%; 3-month excess return 7.66%; 6-month excess return -13.98%.,"Model view: the forward return estimate was mildly negative at about -12.05%. Confidence was not explicitly available for this prediction. Technical state is constructive, with price above the 50-day and 200-day averages. MACD remains on the bearish side. No recent matched news was found for this ticker/date. Relative strength versus the benchmark looked mixed. 1-month excess return 0.99%; 3-month excess return 7.66%; 6-month excess return -13.98%."
2023-08-14,IQV,-14.054560364673502,,-2.6167520600613448,hit,linear_regression,target_5d_return,regression,2,"Technical state is constructive, with price above the 50-day and 200-day averages. MACD remains on the bearish side.",No recent matched news was found for this ticker/date.,Relative strength versus the benchmark looked weak. 1-month excess return -0.19%; 3-month excess return 8.10%; 6-month excess return -11.01%.,"Model view: the forward return estimate was mildly negative at about -14.05%. Confidence was not explicitly available for this prediction. Technical state is constructive, with price above the 50-day and 200-day averages. MACD remains on the bearish side. No recent matched news was found for this ticker/date. Relative strength versus the benchmark looked weak. 1-month excess return -0.19%; 3-month excess return 8.10%; 6-month excess return -11.01%."
2023-08-15,IQV,-10.616973347386232,,-1.672332687864464,hit,linear_regression,target_5d_return,regression,2,"Technical state is mixed, with price not fully aligned across the major moving averages. MACD remains on the bearish side.",No recent matched news was found for this ticker/date.,Relative strength versus the benchmark looked mixed. 1-month excess return 0.06%; 3-month excess return 6.42%; 6-month excess return -13.51%.,"Model view: the forward return estimate was mildly negative at about -10.62%. Confidence was not explicitly available for this prediction. Technical state is mixed, with price not fully aligned across the major moving averages. MACD remains on the bearish side. No recent matched news was found for this ticker/date. Relative strength versus the benchmark looked mixed. 1-month excess return 0.06%; 3-month excess return 6.42%; 6-month excess return -13.51%."
2023-08-16,IQV,-12.357731417256911,,0.43680411465447655,miss,linear_regression,target_5d_return,regression,2,"Technical state is mixed, with price not fully aligned across the major moving averages. MACD remains on the bearish side.",No recent matched news was found for this ticker/date.,Relative strength versus the benchmark looked weak. 1-month excess return -0.83%; 3-month excess return 5.37%; 6-month excess return -11.76%.,"Model view: the forward return estimate was mildly negative at about -12.36%. Confidence was not explicitly available for this prediction. Technical state is mixed, with price not fully aligned across the major moving averages. MACD remains on the bearish side. No recent matched news was found for this ticker/date. Relative strength versus the benchmark looked weak. 1-month excess return -0.83%; 3-month excess return 5.37%; 6-month excess return -11.76%."
2023-08-17,IQV,-11.038632496940632,,0.6068753803389004,miss,linear_regression,target_5d_return,regression,2,"Technical state is mixed, with price not fully aligned across the major moving averages. RSI is weak near 39.4. MACD remains on the bearish side.",No recent matched news was found for this ticker/date.,Relative strength versus the benchmark looked weak. 1-month excess return -0.80%; 3-month excess return 5.91%; 6-month excess return -10.97%.,"Model view: the forward return estimate was mildly negative at about -11.04%. Confidence was not explicitly available for this prediction. Technical state is mixed, with price not fully aligned across the major moving averages. RSI is weak near 39.4. MACD remains on the bearish side. No recent matched news was found for this ticker/date. Relative strength versus the benchmark looked weak. 1-month excess return -0.80%; 3-month excess return 5.91%; 6-month excess return -10.97%."
2023-08-18,IQV,-11.21803613582362,,2.350686456551565,miss,linear_regression,target_5d_return,regression,2,"Technical state is mixed, with price not fully aligned across the major moving averages. RSI is weak near 39.0. MACD remains on the bearish side.",No recent matched news was found for this ticker/date.,Relative strength versus the benchmark looked weak. 1-month excess return -2.00%; 3-month excess return 5.35%; 6-month excess return -11.38%.,"Model view: the forward return estimate was mildly negative at about -11.22%. Confidence was not explicitly available for this prediction. Technical state is mixed, with price not fully aligned across the major moving averages. RSI is weak near 39.0. MACD remains on the bearish side. No recent matched news was found for this ticker/date. Relative strength versus the benchmark looked weak. 1-month excess return -2.00%; 3-month excess return 5.35%; 6-month excess return -11.38%."
2023-08-21,IQV,-11.142035668581958,,3.466128314343009,miss,linear_regression,target_5d_return,regression,2,"Technical state is mixed, with price not fully aligned across the major moving averages. MACD remains on the bearish side.",No recent matched news was found for this ticker/date.,Relative strength versus the benchmark looked weak. 1-month excess return -3.24%; 3-month excess return 2.50%; 6-month excess return -10.33%.,"Model view: the forward return estimate was mildly negative at about -11.14%. Confidence was not explicitly available for this prediction. Technical state is mixed, with price not fully aligned across the major moving averages. MACD remains on the bearish side. No recent matched news was found for this ticker/date. Relative strength versus the benchmark looked weak. 1-month excess return -3.24%; 3-month excess return 2.50%; 6-month excess return -10.33%."
2023-08-22,IQV,-10.833214240750042,,5.1957737104944,miss,linear_regression,target_5d_return,regression,2,"Technical state is mixed, with price not fully aligned across the major moving averages. RSI is weak near 39.4. MACD remains on the bearish side.",No recent matched news was found for this ticker/date.,Relative strength versus the benchmark looked weak. 1-month excess return -2.67%; 3-month excess return 1.44%; 6-month excess return -9.28%.,"Model view: the forward return estimate was mildly negative at about -10.83%. Confidence was not explicitly available for this prediction. Technical state is mixed, with price not fully aligned across the major moving averages. RSI is weak near 39.4. MACD remains on the bearish side. No recent matched news was found for this ticker/date. Relative strength versus the benchmark looked weak. 1-month excess return -2.67%; 3-month excess return 1.44%; 6-month excess return -9.28%."
2023-08-23,IQV,-13.18830238990029,,3.8909982816036637,miss,linear_regression,target_5d_return,regression,2,"Technical state is mixed, with price not fully aligned across the major moving averages. MACD remains on the bearish side.",No recent matched news was found for this ticker/date.,Relative strength versus the benchmark looked weak. 1-month excess return -3.89%; 3-month excess return 0.16%; 6-month excess return -8.65%.,"Model view: the forward return estimate was mildly negative at about -13.19%. Confidence was not explicitly available for this prediction. Technical state is mixed, with price not fully aligned across the major moving averages. MACD remains on the bearish side. No recent matched news was found for this ticker/date. Relative strength versus the benchmark looked weak. 1-month excess return -3.89%; 3-month excess return 0.16%; 6-month excess return -8.65%."
2023-08-24,IQV,-13.547634860433835,,3.3037959062036437,miss,linear_regression,target_5d_return,regression,2,"Technical state is mixed, with price not fully aligned across the major moving averages. MACD remains on the bearish side. Volatility is relatively contained at roughly 14.0%.",No recent matched news was found for this ticker/date.,Relative strength versus the benchmark looked weak. 1-month excess return -3.00%; 3-month excess return 2.50%; 6-month excess return -8.06%.,"Model view: the forward return estimate was mildly negative at about -13.55%. Confidence was not explicitly available for this prediction. Technical state is mixed, with price not fully aligned across the major moving averages. MACD remains on the bearish side. Volatility is relatively contained at roughly 14.0%. No recent matched news was found for this ticker/date. Relative strength versus the benchmark looked weak. 1-month excess return -3.00%; 3-month excess return 2.50%; 6-month excess return -8.06%."
2023-08-25,IQV,-15.194762767131781,,2.4291162310643655,miss,linear_regression,target_5d_return,regression,2,"Technical state is mixed, with price not fully aligned across the major moving averages. RSI is in a steady zone near 52.3. MACD remains on the bearish side.",No recent matched news was found for this ticker/date.,Relative strength versus the benchmark looked mixed. 1-month excess return 0.32%; 3-month excess return 4.80%; 6-month excess return -6.45%.,"Model view: the forward return estimate was mildly negative at about -15.19%. Confidence was not explicitly available for this prediction. Technical state is mixed, with price not fully aligned across the major moving averages. RSI is in a steady zone near 52.3. MACD remains on the bearish side. No recent matched news was found for this ticker/date. Relative strength versus the benchmark looked mixed. 1-month excess return 0.32%; 3-month excess return 4.80%; 6-month excess return -6.45%."
2023-08-28,IQV,-15.128472811181897,,-0.4057865204600497,hit,linear_regression,target_5d_return,regression,2,"Technical state is constructive, with price above the 50-day and 200-day averages. RSI is in a steady zone near 57.8. MACD remains on the bullish side.",No recent matched news was found for this ticker/date.,Relative strength versus the benchmark looked mixed. 1-month excess return 1.17%; 3-month excess return 5.76%; 6-month excess return -5.14%.,"Model view: the forward return estimate was mildly negative at about -15.13%. Confidence was not explicitly available for this prediction. Technical state is constructive, with price above the 50-day and 200-day averages. RSI is in a steady zone near 57.8. MACD remains on the bullish side. No recent matched news was found for this ticker/date. Relative strength versus the benchmark looked mixed. 1-month excess return 1.17%; 3-month excess return 5.76%; 6-month excess return -5.14%."
2023-08-29,IQV,-19.107571849404533,,-2.8071387059443453,hit,linear_regression,target_5d_return,regression,2,"Technical state is constructive, with price above the 50-day and 200-day averages. RSI is in a steady zone near 63.2. MACD remains on the bullish side. Volatility is relatively contained at roughly 14.5%.",No recent matched news was found for this ticker/date.,Relative strength versus the benchmark looked mixed. 1-month excess return 2.53%; 3-month excess return 6.43%; 6-month excess return -5.33%.,"Model view: the forward return estimate was mildly negative at about -19.11%. Confidence was not explicitly available for this prediction. Technical state is constructive, with price above the 50-day and 200-day averages. RSI is in a steady zone near 63.2. MACD remains on the bullish side. Volatility is relatively contained at roughly 14.5%. No recent matched news was found for this ticker/date. Relative strength versus the benchmark looked mixed. 1-month excess return 2.53%; 3-month excess return 6.43%; 6-month excess return -5.33%."
2023-08-30,IQV,-18.339368579672563,,-2.4716112119039124,hit,linear_regression,target_5d_return,regression,2,"Technical state is constructive, with price above the 50-day and 200-day averages. RSI is in a steady zone near 61.7. MACD remains on the bullish side. Volatility is relatively contained at roughly 14.5%.",No recent matched news was found for this ticker/date.,Relative strength versus the benchmark looked mixed. 1-month excess return 3.67%; 3-month excess return 6.10%; 6-month excess return -7.68%.,"Model view: the forward return estimate was mildly negative at about -18.34%. Confidence was not explicitly available for this prediction. Technical state is constructive, with price above the 50-day and 200-day averages. RSI is in a steady zone near 61.7. MACD remains on the bullish side. Volatility is relatively contained at roughly 14.5%. No recent matched news was found for this ticker/date. Relative strength versus the benchmark looked mixed. 1-month excess return 3.67%; 3-month excess return 6.10%; 6-month excess return -7.68%."
2023-08-31,IQV,-15.540215417261631,,-4.087502090432804,hit,linear_regression,target_5d_return,regression,2,"Technical state is constructive, with price above the 50-day and 200-day averages. RSI is in a steady zone near 56.9. MACD remains on the bullish side. Volatility is relatively contained at roughly 14.0%.",No recent matched news was found for this ticker/date.,Relative strength versus the benchmark looked mixed. 1-month excess return 1.55%; 3-month excess return 5.12%; 6-month excess return -10.08%.,"Model view: the forward return estimate was mildly negative at about -15.54%. Confidence was not explicitly available for this prediction. Technical state is constructive, with price above the 50-day and 200-day averages. RSI is in a steady zone near 56.9. MACD remains on the bullish side. Volatility is relatively contained at roughly 14.0%. No recent matched news was found for this ticker/date. Relative strength versus the benchmark looked mixed. 1-month excess return 1.55%; 3-month excess return 5.12%; 6-month excess return -10.08%."
2023-09-01,IQV,-15.221684562999965,,-4.0119466529394465,hit,linear_regression,target_5d_return,regression,2,"Technical state is constructive, with price above the 50-day and 200-day averages. RSI is in a steady zone near 59.9. MACD remains on the bullish side. Volatility is relatively contained at roughly 14.2%.",No recent matched news was found for this ticker/date.,Relative strength versus the benchmark looked mixed. 1-month excess return 3.16%; 3-month excess return 5.95%; 6-month excess return -10.11%.,"Model view: the forward return estimate was mildly negative at about -15.22%. Confidence was not explicitly available for this prediction. Technical state is constructive, with price above the 50-day and 200-day averages. RSI is in a steady zone near 59.9. MACD remains on the bullish side. Volatility is relatively contained at roughly 14.2%. No recent matched news was found for this ticker/date. Relative strength versus the benchmark looked mixed. 1-month excess return 3.16%; 3-month excess return 5.95%; 6-month excess return -10.11%."
2023-09-05,IQV,-14.400223453813226,,-1.8651795593153442,hit,linear_regression,target_5d_return,regression,2,"Technical state is constructive, with price above the 50-day and 200-day averages. RSI is in a steady zone near 52.1. MACD remains on the bullish side. Volatility is relatively contained at roughly 15.0%.",No recent matched news was found for this ticker/date.,Relative strength versus the benchmark looked mixed. 1-month excess return 1.21%; 3-month excess return 3.08%; 6-month excess return -10.47%.,"Model view: the forward return estimate was mildly negative at about -14.40%. Confidence was not explicitly available for this prediction. Technical state is constructive, with price above the 50-day and 200-day averages. RSI is in a steady zone near 52.1. MACD remains on the bullish side. Volatility is relatively contained at roughly 15.0%. No recent matched news was found for this ticker/date. Relative strength versus the benchmark looked mixed. 1-month excess return 1.21%; 3-month excess return 3.08%; 6-month excess return -10.47%."
2023-09-06,IQV,-13.732600940031514,,-1.0145330163588873,hit,linear_regression,target_5d_return,regression,2,"Technical state is mixed, with price not fully aligned across the major moving averages. MACD remains on the bullish side.",No recent matched news was found for this ticker/date.,Relative strength versus the benchmark looked mixed. 1-month excess return 0.75%; 3-month excess return 2.24%; 6-month excess return -9.11%.,"Model view: the forward return estimate was mildly negative at about -13.73%. Confidence was not explicitly available for this prediction. Technical state is mixed, with price not fully aligned across the major moving averages. MACD remains on the bullish side. No recent matched news was found for this ticker/date. Relative strength versus the benchmark looked mixed. 1-month excess return 0.75%; 3-month excess return 2.24%; 6-month excess return -9.11%."
2023-09-07,IQV,-14.201757854571166,,-2.7579878018871296,hit,linear_regression,target_5d_return,regression,2,"Technical state is mixed, with price not fully aligned across the major moving averages. MACD remains on the bullish side.",No recent matched news was found for this ticker/date.,Relative strength versus the benchmark looked mixed. 1-month excess return 0.90%; 3-month excess return 0.71%; 6-month excess return -8.04%.,"Model view: the forward return estimate was mildly negative at about -14.20%. Confidence was not explicitly available for this prediction. Technical state is mixed, with price not fully aligned across the major moving averages. MACD remains on the bullish side. No recent matched news was found for this ticker/date. Relative strength versus the benchmark looked mixed. 1-month excess return 0.90%; 3-month excess return 0.71%; 6-month excess return -8.04%."
2023-09-08,IQV,-12.18729316339273,,-0.852335538722504,hit,linear_regression,target_5d_return,regression,2,"Technical state is mixed, with price not fully aligned across the major moving averages. RSI is weak near 39.2. MACD remains on the bearish side.",No recent matched news was found for this ticker/date.,Relative strength versus the benchmark looked weak. 1-month excess return -2.32%; 3-month excess return -0.25%; 6-month excess return -8.55%.,"Model view: the forward return estimate was mildly negative at about -12.19%. Confidence was not explicitly available for this prediction. Technical state is mixed, with price not fully aligned across the major moving averages. RSI is weak near 39.2. MACD remains on the bearish side. No recent matched news was found for this ticker/date. Relative strength versus the benchmark looked weak. 1-month excess return -2.32%; 3-month excess return -0.25%; 6-month excess return -8.55%."
2023-09-11,IQV,-12.016974075960192,,-2.7771307651921595,hit,linear_regression,target_5d_return,regression,2,"Technical state is mixed, with price not fully aligned across the major moving averages. MACD remains on the bearish side.",No recent matched news was found for this ticker/date.,Relative strength versus the benchmark looked weak. 1-month excess return -3.47%; 3-month excess return -0.09%; 6-month excess return -7.02%.,"Model view: the forward return estimate was mildly negative at about -12.02%. Confidence was not explicitly available for this prediction. Technical state is mixed, with price not fully aligned across the major moving averages. MACD remains on the bearish side. No recent matched news was found for this ticker/date. Relative strength versus the benchmark looked weak. 1-month excess return -3.47%; 3-month excess return -0.09%; 6-month excess return -7.02%."
2023-09-12,IQV,-12.183011153863347,,-3.6398022023985344,hit,linear_regression,target_5d_return,regression,2,"Technical state is mixed, with price not fully aligned across the major moving averages. MACD remains on the bearish side.",No recent matched news was found for this ticker/date.,Relative strength versus the benchmark looked weak. 1-month excess return -1.51%; 3-month excess return -0.51%; 6-month excess return -6.34%.,"Model view: the forward return estimate was mildly negative at about -12.18%. Confidence was not explicitly available for this prediction. Technical state is mixed, with price not fully aligned across the major moving averages. MACD remains on the bearish side. No recent matched news was found for this ticker/date. Relative strength versus the benchmark looked weak. 1-month excess return -1.51%; 3-month excess return -0.51%; 6-month excess return -6.34%."
2023-09-13,IQV,-10.839485564083503,,-5.16159169876812,hit,linear_regression,target_5d_return,regression,2,"Technical state is mixed, with price not fully aligned across the major moving averages. MACD remains on the bearish side.",No recent matched news was found for this ticker/date.,Relative strength versus the benchmark looked weak. 1-month excess return -1.27%; 3-month excess return -1.57%; 6-month excess return -6.08%.,"Model view: the forward return estimate was mildly negative at about -10.84%. Confidence was not explicitly available for this prediction. Technical state is mixed, with price not fully aligned across the major moving averages. MACD remains on the bearish side. No recent matched news was found for this ticker/date. Relative strength versus the benchmark looked weak. 1-month excess return -1.27%; 3-month excess return -1.57%; 6-month excess return -6.08%."
2023-09-14,IQV,-10.454472007366054,,-6.470705110655239,hit,linear_regression,target_5d_return,regression,2,"Technical state is mixed, with price not fully aligned across the major moving averages. RSI is weak near 39.7. MACD remains on the bearish side.",No recent matched news was found for this ticker/date.,Relative strength versus the benchmark looked weak. 1-month excess return -3.85%; 3-month excess return -2.95%; 6-month excess return -6.64%.,"Model view: the forward return estimate was mildly negative at about -10.45%. Confidence was not explicitly available for this prediction. Technical state is mixed, with price not fully aligned across the major moving averages. RSI is weak near 39.7. MACD remains on the bearish side. No recent matched news was found for this ticker/date. Relative strength versus the benchmark looked weak. 1-month excess return -3.85%; 3-month excess return -2.95%; 6-month excess return -6.64%."
2023-09-15,IQV,-10.304906854242514,,-6.12158438565592,hit,linear_regression,target_5d_return,regression,2,"Technical state is mixed, with price not fully aligned across the major moving averages. RSI is weak near 37.8. MACD remains on the bearish side.",No recent matched news was found for this ticker/date.,Relative strength versus the benchmark looked weak. 1-month excess return -2.80%; 3-month excess return -2.83%; 6-month excess return -4.56%.,"Model view: the forward return estimate was mildly negative at about -10.30%. Confidence was not explicitly available for this prediction. Technical state is mixed, with price not fully aligned across the major moving averages. RSI is weak near 37.8. MACD remains on the bearish side. No recent matched news was found for this ticker/date. Relative strength versus the benchmark looked weak. 1-month excess return -2.80%; 3-month excess return -2.83%; 6-month excess return -4.56%."
2023-09-18,IQV,-10.544301375031818,,-3.324579178863618,hit,linear_regression,target_5d_return,regression,2,"Technical state is soft, with price below the 50-day and 200-day averages. RSI is weak near 34.6. MACD remains on the bearish side.",No recent matched news was found for this ticker/date.,Relative strength versus the benchmark looked weak. 1-month excess return -4.38%; 3-month excess return -4.06%; 6-month excess return -4.03%.,"Model view: the forward return estimate was mildly negative at about -10.54%. Confidence was not explicitly available for this prediction. Technical state is soft, with price below the 50-day and 200-day averages. RSI is weak near 34.6. MACD remains on the bearish side. No recent matched news was found for this ticker/date. Relative strength versus the benchmark looked weak. 1-month excess return -4.38%; 3-month excess return -4.06%; 6-month excess return -4.03%."
2023-09-19,IQV,-11.598482395228313,,-3.7820801276338356,hit,linear_regression,target_5d_return,regression,2,"Technical state is soft, with price below the 50-day and 200-day averages. RSI is weak near 34.0. MACD remains on the bearish side.",No recent matched news was found for this ticker/date.,Relative strength versus the benchmark looked weak. 1-month excess return -4.20%; 3-month excess return -4.05%; 6-month excess return -3.56%.,"Model view: the forward return estimate was mildly negative at about -11.60%. Confidence was not explicitly available for this prediction. Technical state is soft, with price below the 50-day and 200-day averages. RSI is weak near 34.0. MACD remains on the bearish side. No recent matched news was found for this ticker/date. Relative strength versus the benchmark looked weak. 1-month excess return -4.20%; 3-month excess return -4.05%; 6-month excess return -3.56%."
2023-09-20,IQV,-9.920002306671417,,-1.5626479815456396,hit,linear_regression,target_5d_return,regression,2,"Technical state is soft, with price below the 50-day and 200-day averages. RSI is weak near 29.7. MACD remains on the bearish side.",No recent matched news was found for this ticker/date.,Relative strength versus the benchmark looked weak. 1-month excess return -4.37%; 3-month excess return -4.78%; 6-month excess return -5.57%.,"Model view: the forward return estimate was mildly negative at about -9.92%. Confidence was not explicitly available for this prediction. Technical state is soft, with price below the 50-day and 200-day averages. RSI is weak near 29.7. MACD remains on the bearish side. No recent matched news was found for this ticker/date. Relative strength versus the benchmark looked weak. 1-month excess return -4.37%; 3-month excess return -4.78%; 6-month excess return -5.57%."
2023-09-21,IQV,-9.449972717924776,,-0.7430443729095626,hit,linear_regression,target_5d_return,regression,2,"Technical state is soft, with price below the 50-day and 200-day averages. RSI is weak near 23.9. MACD remains on the bearish side.",No recent matched news was found for this ticker/date.,Relative strength versus the benchmark looked weak. 1-month excess return -5.77%; 3-month excess return -5.59%; 6-month excess return -5.16%.,"Model view: the forward return estimate was mildly negative at about -9.45%. Confidence was not explicitly available for this prediction. Technical state is soft, with price below the 50-day and 200-day averages. RSI is weak near 23.9. MACD remains on the bearish side. No recent matched news was found for this ticker/date. Relative strength versus the benchmark looked weak. 1-month excess return -5.77%; 3-month excess return -5.59%; 6-month excess return -5.16%."
2023-09-22,IQV,-10.321578382302999,,-1.0062893081761004,hit,linear_regression,target_5d_return,regression,2,"Technical state is soft, with price below the 50-day and 200-day averages. RSI is weak near 23.5. MACD remains on the bearish side.",No recent matched news was found for this ticker/date.,Relative strength versus the benchmark looked weak. 1-month excess return -5.59%; 3-month excess return -6.49%; 6-month excess return -3.75%.,"Model view: the forward return estimate was mildly negative at about -10.32%. Confidence was not explicitly available for this prediction. Technical state is soft, with price below the 50-day and 200-day averages. RSI is weak near 23.5. MACD remains on the bearish side. No recent matched news was found for this ticker/date. Relative strength versus the benchmark looked weak. 1-month excess return -5.59%; 3-month excess return -6.49%; 6-month excess return -3.75%."
2023-09-25,IQV,-13.405991703652585,,-4.204750497801124,hit,linear_regression,target_5d_return,regression,2,"Technical state is soft, with price below the 50-day and 200-day averages. RSI is weak near 32.4. MACD remains on the bearish side.",No recent matched news was found for this ticker/date.,Relative strength versus the benchmark looked weak. 1-month excess return -5.36%; 3-month excess return -5.51%; 6-month excess return -2.19%.,"Model view: the forward return estimate was mildly negative at about -13.41%. Confidence was not explicitly available for this prediction. Technical state is soft, with price below the 50-day and 200-day averages. RSI is weak near 32.4. MACD remains on the bearish side. No recent matched news was found for this ticker/date. Relative strength versus the benchmark looked weak. 1-month excess return -5.36%; 3-month excess return -5.51%; 6-month excess return -2.19%."
2023-09-26,IQV,-12.612727639590691,,-5.1000100596556575,hit,linear_regression,target_5d_return,regression,2,"Technical state is soft, with price below the 50-day and 200-day averages. RSI is weak near 30.9. MACD remains on the bearish side.",No recent matched news was found for this ticker/date.,Relative strength versus the benchmark looked weak. 1-month excess return -5.40%; 3-month excess return -3.98%; 6-month excess return -2.58%.,"Model view: the forward return estimate was mildly negative at about -12.61%. Confidence was not explicitly available for this prediction. Technical state is soft, with price below the 50-day and 200-day averages. RSI is weak near 30.9. MACD remains on the bearish side. No recent matched news was found for this ticker/date. Relative strength versus the benchmark looked weak. 1-month excess return -5.40%; 3-month excess return -3.98%; 6-month excess return -2.58%."
2023-09-27,IQV,-14.330875913229956,,-2.8584213669825,hit,linear_regression,target_5d_return,regression,2,"Technical state is soft, with price below the 50-day and 200-day averages. RSI is weak near 33.7. MACD remains on the bearish side.",No recent matched news was found for this ticker/date.,Relative strength versus the benchmark looked weak. 1-month excess return -5.38%; 3-month excess return -5.35%; 6-month excess return -1.57%.,"Model view: the forward return estimate was mildly negative at about -14.33%. Confidence was not explicitly available for this prediction. Technical state is soft, with price below the 50-day and 200-day averages. RSI is weak near 33.7. MACD remains on the bearish side. No recent matched news was found for this ticker/date. Relative strength versus the benchmark looked weak. 1-month excess return -5.38%; 3-month excess return -5.35%; 6-month excess return -1.57%."
2023-09-28,IQV,-11.968249822487774,,0.060703276595397426,miss,linear_regression,target_5d_return,regression,2,"Technical state is soft, with price below the 50-day and 200-day averages. RSI is weak near 29.0. MACD remains on the bearish side.",No recent matched news was found for this ticker/date.,Relative strength versus the benchmark looked weak. 1-month excess return -7.58%; 3-month excess return -8.51%; 6-month excess return -4.28%.,"Model view: the forward return estimate was mildly negative at about -11.97%. Confidence was not explicitly available for this prediction. Technical state is soft, with price below the 50-day and 200-day averages. RSI is weak near 29.0. MACD remains on the bearish side. No recent matched news was found for this ticker/date. Relative strength versus the benchmark looked weak. 1-month excess return -7.58%; 3-month excess return -8.51%; 6-month excess return -4.28%."
2023-09-29,IQV,-10.008812122534149,,0.9606096008378362,miss,linear_regression,target_5d_return,regression,2,"Technical state is soft, with price below the 50-day and 200-day averages. RSI is weak near 28.1. MACD remains on the bearish side.",No recent matched news was found for this ticker/date.,Relative strength versus the benchmark looked weak. 1-month excess return -7.15%; 3-month excess return -8.89%; 6-month excess return -4.96%.,"Model view: the forward return estimate was mildly negative at about -10.01%. Confidence was not explicitly available for this prediction. Technical state is soft, with price below the 50-day and 200-day averages. RSI is weak near 28.1. MACD remains on the bearish side. No recent matched news was found for this ticker/date. Relative strength versus the benchmark looked weak. 1-month excess return -7.15%; 3-month excess return -8.89%; 6-month excess return -4.96%."
2023-10-02,IQV,-9.566899560938918,,2.9193254903935983,miss,linear_regression,target_5d_return,regression,2,"Technical state is soft, with price below the 50-day and 200-day averages. RSI is weak near 25.5. MACD remains on the bearish side.",No recent matched news was found for this ticker/date.,Relative strength versus the benchmark looked weak. 1-month excess return -7.80%; 3-month excess return -8.53%; 6-month excess return -6.93%.,"Model view: the forward return estimate was mildly negative at about -9.57%. Confidence was not explicitly available for this prediction. Technical state is soft, with price below the 50-day and 200-day averages. RSI is weak near 25.5. MACD remains on the bearish side. No recent matched news was found for this ticker/date. Relative strength versus the benchmark looked weak. 1-month excess return -7.80%; 3-month excess return -8.53%; 6-month excess return -6.93%."
2023-10-03,IQV,-8.97313649269135,,5.651968238229443,miss,linear_regression,target_5d_return,regression,2,"Technical state is soft, with price below the 50-day and 200-day averages. RSI is weak near 23.0. MACD remains on the bearish side.",No recent matched news was found for this ticker/date.,Relative strength versus the benchmark looked weak. 1-month excess return -8.39%; 3-month excess return -8.80%; 6-month excess return -7.21%.,"Model view: the forward return estimate was mildly negative at about -8.97%. Confidence was not explicitly available for this prediction. Technical state is soft, with price below the 50-day and 200-day averages. RSI is weak near 23.0. MACD remains on the bearish side. No recent matched news was found for this ticker/date. Relative strength versus the benchmark looked weak. 1-month excess return -8.39%; 3-month excess return -8.80%; 6-month excess return -7.21%."
2023-10-04,IQV,-10.82135663255718,,4.138881630073432,miss,linear_regression,target_5d_return,regression,2,"Technical state is soft, with price below the 50-day and 200-day averages. RSI is weak near 35.3. MACD remains on the bearish side.",No recent matched news was found for this ticker/date.,Relative strength versus the benchmark looked weak. 1-month excess return -5.59%; 3-month excess return -6.38%; 6-month excess return -4.08%.,"Model view: the forward return estimate was mildly negative at about -10.82%. Confidence was not explicitly available for this prediction. Technical state is soft, with price below the 50-day and 200-day averages. RSI is weak near 35.3. MACD remains on the bearish side. No recent matched news was found for this ticker/date. Relative strength versus the benchmark looked weak. 1-month excess return -5.59%; 3-month excess return -6.38%; 6-month excess return -4.08%."
2023-10-05,IQV,-10.73967245149134,,-0.10616050252338916,hit,linear_regression,target_5d_return,regression,2,"Technical state is soft, with price below the 50-day and 200-day averages. RSI is weak near 37.9. MACD remains on the bearish side.",No recent matched news was found for this ticker/date.,Relative strength versus the benchmark looked weak. 1-month excess return -4.69%; 3-month excess return -5.54%; 6-month excess return -3.74%.,"Model view: the forward return estimate was mildly negative at about -10.74%. Confidence was not explicitly available for this prediction. Technical state is soft, with price below the 50-day and 200-day averages. RSI is weak near 37.9. MACD remains on the bearish side. No recent matched news was found for this ticker/date. Relative strength versus the benchmark looked weak. 1-month excess return -4.69%; 3-month excess return -5.54%; 6-month excess return -3.74%."
2023-10-06,IQV,-12.281475326917256,,0.36246537601460904,miss,linear_regression,target_5d_return,regression,2,"Technical state is soft, with price below the 50-day and 200-day averages. RSI is weak near 39.5. MACD remains on the bearish side.",No recent matched news was found for this ticker/date.,Relative strength versus the benchmark looked weak. 1-month excess return -5.81%; 3-month excess return -7.15%; 6-month excess return -3.52%.,"Model view: the forward return estimate was mildly negative at about -12.28%. Confidence was not explicitly available for this prediction. Technical state is soft, with price below the 50-day and 200-day averages. RSI is weak near 39.5. MACD remains on the bearish side. No recent matched news was found for this ticker/date. Relative strength versus the benchmark looked weak. 1-month excess return -5.81%; 3-month excess return -7.15%; 6-month excess return -3.52%."
2023-10-09,IQV,-13.641425109335547,,-0.2806442705401646,hit,linear_regression,target_5d_return,regression,2,"Technical state is soft, with price below the 50-day and 200-day averages. MACD remains on the bullish side.",No recent matched news was found for this ticker/date.,Relative strength versus the benchmark looked weak. 1-month excess return -3.57%; 3-month excess return -5.43%; 6-month excess return -4.19%.,"Model view: the forward return estimate was mildly negative at about -13.64%. Confidence was not explicitly available for this prediction. Technical state is soft, with price below the 50-day and 200-day averages. MACD remains on the bullish side. No recent matched news was found for this ticker/date. Relative strength versus the benchmark looked weak. 1-month excess return -3.57%; 3-month excess return -5.43%; 6-month excess return -4.19%."
2023-10-10,IQV,-14.15612457038706,,-1.2455930600260068,hit,linear_regression,target_5d_return,regression,2,"Technical state is soft, with price below the 50-day and 200-day averages. MACD remains on the bullish side.",No recent matched news was found for this ticker/date.,Relative strength versus the benchmark looked weak. 1-month excess return -3.30%; 3-month excess return -5.42%; 6-month excess return -5.15%.,"Model view: the forward return estimate was mildly negative at about -14.16%. Confidence was not explicitly available for this prediction. Technical state is soft, with price below the 50-day and 200-day averages. MACD remains on the bullish side. No recent matched news was found for this ticker/date. Relative strength versus the benchmark looked weak. 1-month excess return -3.30%; 3-month excess return -5.42%; 6-month excess return -5.15%."
2023-10-11,IQV,-15.002811650463265,,-7.631013295197297,hit,linear_regression,target_5d_return,regression,2,"Technical state is soft, with price below the 50-day and 200-day averages. RSI is in a steady zone near 50.2. MACD remains on the bullish side.",No recent matched news was found for this ticker/date.,Relative strength versus the benchmark looked weak. 1-month excess return -3.45%; 3-month excess return -3.92%; 6-month excess return -3.62%.,"Model view: the forward return estimate was mildly negative at about -15.00%. Confidence was not explicitly available for this prediction. Technical state is soft, with price below the 50-day and 200-day averages. RSI is in a steady zone near 50.2. MACD remains on the bullish side. No recent matched news was found for this ticker/date. Relative strength versus the benchmark looked weak. 1-month excess return -3.45%; 3-month excess return -3.92%; 6-month excess return -3.62%."
2023-10-12,IQV,-12.58396908812416,,-5.495673587778271,hit,linear_regression,target_5d_return,regression,2,"Technical state is soft, with price below the 50-day and 200-day averages. MACD remains on the bullish side.",No recent matched news was found for this ticker/date.,Relative strength versus the benchmark looked weak. 1-month excess return -5.88%; 3-month excess return -7.17%; 6-month excess return -7.47%.,"Model view: the forward return estimate was mildly negative at about -12.58%. Confidence was not explicitly available for this prediction. Technical state is soft, with price below the 50-day and 200-day averages. MACD remains on the bullish side. No recent matched news was found for this ticker/date. Relative strength versus the benchmark looked weak. 1-month excess return -5.88%; 3-month excess return -7.17%; 6-month excess return -7.47%."
2023-10-13,IQV,-13.957977649870298,,-7.524077023513587,hit,linear_regression,target_5d_return,regression,2,"Technical state is soft, with price below the 50-day and 200-day averages. MACD remains on the bullish side.",No recent matched news was found for this ticker/date.,Relative strength versus the benchmark looked weak. 1-month excess return -2.16%; 3-month excess return -5.65%; 6-month excess return -5.09%.,"Model view: the forward return estimate was mildly negative at about -13.96%. Confidence was not explicitly available for this prediction. Technical state is soft, with price below the 50-day and 200-day averages. MACD remains on the bullish side. No recent matched news was found for this ticker/date. Relative strength versus the benchmark looked weak. 1-month excess return -2.16%; 3-month excess return -5.65%; 6-month excess return -5.09%."
2023-10-16,IQV,-0.2706828400937453,,-7.67413274778681,hit,linear_regression,target_5d_return,regression,3,"Technical state is soft, with price below the 50-day and 200-day averages. MACD remains on the bullish side.",No recent matched news was found for this ticker/date.,Relative strength versus the benchmark looked weak. 1-month excess return -4.01%; 3-month excess return -7.24%; 6-month excess return -7.13%.,"Model view: the forward return estimate was mildly negative at about -0.27%. Confidence was not explicitly available for this prediction. Technical state is soft, with price below the 50-day and 200-day averages. MACD remains on the bullish side. No recent matched news was found for this ticker/date. Relative strength versus the benchmark looked weak. 1-month excess return -4.01%; 3-month excess return -7.24%; 6-month excess return -7.13%."
2023-10-17,IQV,-1.1432445794491641,,-6.185928421403897,hit,linear_regression,target_5d_return,regression,3,"Technical state is soft, with price below the 50-day and 200-day averages. MACD remains on the bullish side.",No recent matched news was found for this ticker/date.,Relative strength versus the benchmark looked weak. 1-month excess return -2.84%; 3-month excess return -7.51%; 6-month excess return -7.11%.,"Model view: the forward return estimate was mildly negative at about -1.14%. Confidence was not explicitly available for this prediction. Technical state is soft, with price below the 50-day and 200-day averages. MACD remains on the bullish side. No recent matched news was found for this ticker/date. Relative strength versus the benchmark looked weak. 1-month excess return -2.84%; 3-month excess return -7.51%; 6-month excess return -7.11%."
2023-10-18,IQV,1.353253657150414,,-4.0910271777651825,miss,linear_regression,target_5d_return,regression,3,"Technical state is soft, with price below the 50-day and 200-day averages. RSI is weak near 32.0. MACD remains on the bullish side. Volatility is elevated at roughly 30.7%.",No recent matched news was found for this ticker/date.,Relative strength versus the benchmark looked weak. 1-month excess return -6.32%; 3-month excess return -11.65%; 6-month excess return -10.26%.,"Model view: the forward return estimate was mildly positive at about 1.35%. Confidence was not explicitly available for this prediction. Technical state is soft, with price below the 50-day and 200-day averages. RSI is weak near 32.0. MACD remains on the bullish side. Volatility is elevated at roughly 30.7%. No recent matched news was found for this ticker/date. Relative strength versus the benchmark looked weak. 1-month excess return -6.32%; 3-month excess return -11.65%; 6-month excess return -10.26%."
2023-10-19,IQV,3.1390937557501912,,-1.2476582763345068,miss,linear_regression,target_5d_return,regression,3,"Technical state is soft, with price below the 50-day and 200-day averages. RSI is weak near 30.2. MACD remains on the bearish side.",No recent matched news was found for this ticker/date.,Relative strength versus the benchmark looked weak. 1-month excess return -5.95%; 3-month excess return -12.48%; 6-month excess return -9.53%.,"Model view: the forward return estimate was mildly positive at about 3.14%. Confidence was not explicitly available for this prediction. Technical state is soft, with price below the 50-day and 200-day averages. RSI is weak near 30.2. MACD remains on the bearish side. No recent matched news was found for this ticker/date. Relative strength versus the benchmark looked weak. 1-month excess return -5.95%; 3-month excess return -12.48%; 6-month excess return -9.53%."
2023-10-20,IQV,3.821004037781374,,-2.397482183940247,miss,linear_regression,target_5d_return,regression,3,"Technical state is soft, with price below the 50-day and 200-day averages. RSI is weak near 28.3. MACD remains on the bearish side.",No recent matched news was found for this ticker/date.,Relative strength versus the benchmark looked weak. 1-month excess return -4.69%; 3-month excess return -11.93%; 6-month excess return -11.09%.,"Model view: the forward return estimate was mildly positive at about 3.82%. Confidence was not explicitly available for this prediction. Technical state is soft, with price below the 50-day and 200-day averages. RSI is weak near 28.3. MACD remains on the bearish side. No recent matched news was found for this ticker/date. Relative strength versus the benchmark looked weak. 1-month excess return -4.69%; 3-month excess return -11.93%; 6-month excess return -11.09%."
2023-10-23,IQV,3.214217780609455,,-3.565403523151356,miss,linear_regression,target_5d_return,regression,3,"Technical state is soft, with price below the 50-day and 200-day averages. RSI is weak near 27.8. MACD remains on the bearish side.",No recent matched news was found for this ticker/date.,Relative strength versus the benchmark looked weak. 1-month excess return -4.88%; 3-month excess return -12.96%; 6-month excess return -11.40%.,"Model view: the forward return estimate was mildly positive at about 3.21%. Confidence was not explicitly available for this prediction. Technical state is soft, with price below the 50-day and 200-day averages. RSI is weak near 27.8. MACD remains on the bearish side. No recent matched news was found for this ticker/date. Relative strength versus the benchmark looked weak. 1-month excess return -4.88%; 3-month excess return -12.96%; 6-month excess return -11.40%."
2023-10-24,IQV,2.0476536544394675,,-3.138893638501483,miss,linear_regression,target_5d_return,regression,3,"Technical state is soft, with price below the 50-day and 200-day averages. RSI is weak near 33.7. MACD remains on the bearish side.",No recent matched news was found for this ticker/date.,Relative strength versus the benchmark looked weak. 1-month excess return -5.40%; 3-month excess return -12.48%; 6-month excess return -6.93%.,"Model view: the forward return estimate was mildly positive at about 2.05%. Confidence was not explicitly available for this prediction. Technical state is soft, with price below the 50-day and 200-day averages. RSI is weak near 33.7. MACD remains on the bearish side. No recent matched news was found for this ticker/date. Relative strength versus the benchmark looked weak. 1-month excess return -5.40%; 3-month excess return -12.48%; 6-month excess return -6.93%."
2023-10-25,IQV,2.8934698959315552,,-0.6677004225342342,miss,linear_regression,target_5d_return,regression,3,"Technical state is soft, with price below the 50-day and 200-day averages. RSI is weak near 29.0. MACD remains on the bearish side. Volatility is elevated at roughly 30.4%.",No recent matched news was found for this ticker/date.,Relative strength versus the benchmark looked weak. 1-month excess return -7.53%; 3-month excess return -11.58%; 6-month excess return -7.91%.,"Model view: the forward return estimate was mildly positive at about 2.89%. Confidence was not explicitly available for this prediction. Technical state is soft, with price below the 50-day and 200-day averages. RSI is weak near 29.0. MACD remains on the bearish side. Volatility is elevated at roughly 30.4%. No recent matched news was found for this ticker/date. Relative strength versus the benchmark looked weak. 1-month excess return -7.53%; 3-month excess return -11.58%; 6-month excess return -7.91%."
2023-10-26,IQV,2.4516991494474345,,3.275137514852755,hit,linear_regression,target_5d_return,regression,3,"Technical state is soft, with price below the 50-day and 200-day averages. RSI is weak near 34.7. MACD remains on the bearish side. Volatility is elevated at roughly 30.7%.",No recent matched news was found for this ticker/date.,Relative strength versus the benchmark looked weak. 1-month excess return -5.27%; 3-month excess return -8.72%; 6-month excess return 0.36%.,"Model view: the forward return estimate was mildly positive at about 2.45%. Confidence was not explicitly available for this prediction. Technical state is soft, with price below the 50-day and 200-day averages. RSI is weak near 34.7. MACD remains on the bearish side. Volatility is elevated at roughly 30.7%. No recent matched news was found for this ticker/date. Relative strength versus the benchmark looked weak. 1-month excess return -5.27%; 3-month excess return -8.72%; 6-month excess return 0.36%."
2023-10-27,IQV,3.8151214630074675,,9.592083068052816,hit,linear_regression,target_5d_return,regression,3,"Technical state is soft, with price below the 50-day and 200-day averages. RSI is weak near 31.0. MACD remains on the bearish side. Volatility is elevated at roughly 31.6%.",No recent matched news was found for this ticker/date.,Relative strength versus the benchmark looked weak. 1-month excess return -4.84%; 3-month excess return -9.28%; 6-month excess return -3.17%.,"Model view: the forward return estimate was mildly positive at about 3.82%. Confidence was not explicitly available for this prediction. Technical state is soft, with price below the 50-day and 200-day averages. RSI is weak near 31.0. MACD remains on the bearish side. Volatility is elevated at roughly 31.6%. No recent matched news was found for this ticker/date. Relative strength versus the benchmark looked weak. 1-month excess return -4.84%; 3-month excess return -9.28%; 6-month excess return -3.17%."
2023-10-30,IQV,5.170023231770638,,11.989156578978877,hit,linear_regression,target_5d_return,regression,3,"Technical state is soft, with price below the 50-day and 200-day averages. RSI is weak near 28.9. MACD remains on the bearish side. Volatility is elevated at roughly 31.7%.",No recent matched news was found for this ticker/date.,Relative strength versus the benchmark looked weak. 1-month excess return -7.20%; 3-month excess return -10.21%; 6-month excess return -6.78%.,"Model view: the forward return estimate was mildly positive at about 5.17%. Confidence was not explicitly available for this prediction. Technical state is soft, with price below the 50-day and 200-day averages. RSI is weak near 28.9. MACD remains on the bearish side. Volatility is elevated at roughly 31.7%. No recent matched news was found for this ticker/date. Relative strength versus the benchmark looked weak. 1-month excess return -7.20%; 3-month excess return -10.21%; 6-month excess return -6.78%."
2023-10-31,IQV,3.8556732469471298,,10.645357410317802,hit,linear_regression,target_5d_return,regression,3,"Technical state is soft, with price below the 50-day and 200-day averages. RSI is weak near 35.1. MACD remains on the bearish side. Volatility is elevated at roughly 32.5%.",No recent matched news was found for this ticker/date.,Relative strength versus the benchmark looked weak. 1-month excess return -4.57%; 3-month excess return -10.35%; 6-month excess return -4.33%.,"Model view: the forward return estimate was mildly positive at about 3.86%. Confidence was not explicitly available for this prediction. Technical state is soft, with price below the 50-day and 200-day averages. RSI is weak near 35.1. MACD remains on the bearish side. Volatility is elevated at roughly 32.5%. No recent matched news was found for this ticker/date. Relative strength versus the benchmark looked weak. 1-month excess return -4.57%; 3-month excess return -10.35%; 6-month excess return -4.33%."
2023-11-01,IQV,1.288387584772461,,10.971613022992454,hit,linear_regression,target_5d_return,regression,3,"Technical state is soft, with price below the 50-day and 200-day averages. RSI is weak near 34.4. MACD remains on the bearish side. Volatility is elevated at roughly 30.2%.",No recent matched news was found for this ticker/date.,Relative strength versus the benchmark looked weak. 1-month excess return -5.88%; 3-month excess return -10.95%; 6-month excess return -7.35%.,"Model view: the forward return estimate was mildly positive at about 1.29%. Confidence was not explicitly available for this prediction. Technical state is soft, with price below the 50-day and 200-day averages. RSI is weak near 34.4. MACD remains on the bearish side. Volatility is elevated at roughly 30.2%. No recent matched news was found for this ticker/date. Relative strength versus the benchmark looked weak. 1-month excess return -5.88%; 3-month excess return -10.95%; 6-month excess return -7.35%."
2023-11-02,IQV,0.09188712779308195,,0.7613130826045644,hit,linear_regression,target_5d_return,regression,3,"Technical state is soft, with price below the 50-day and 200-day averages. MACD remains on the bullish side. Volatility is elevated at roughly 37.3%.",No recent matched news was found for this ticker/date.,Relative strength versus the benchmark looked weak. 1-month excess return -4.46%; 3-month excess return -8.64%; 6-month excess return -3.07%.,"Model view: the forward return estimate was mildly positive at about 0.09%. Confidence was not explicitly available for this prediction. Technical state is soft, with price below the 50-day and 200-day averages. MACD remains on the bullish side. Volatility is elevated at roughly 37.3%. No recent matched news was found for this ticker/date. Relative strength versus the benchmark looked weak. 1-month excess return -4.46%; 3-month excess return -8.64%; 6-month excess return -3.07%."
2023-11-03,IQV,-0.6073951520003262,,-0.6186618861983684,hit,linear_regression,target_5d_return,regression,3,"Technical state is soft, with price below the 50-day and 200-day averages. RSI is in a steady zone near 55.7. MACD remains on the bullish side. Volatility is elevated at roughly 39.5%.",No recent matched news was found for this ticker/date.,Relative strength versus the benchmark looked weak. 1-month excess return -2.76%; 3-month excess return -6.54%; 6-month excess return -0.80%.,"Model view: the forward return estimate was mildly negative at about -0.61%. Confidence was not explicitly available for this prediction. Technical state is soft, with price below the 50-day and 200-day averages. RSI is in a steady zone near 55.7. MACD remains on the bullish side. Volatility is elevated at roughly 39.5%. No recent matched news was found for this ticker/date. Relative strength versus the benchmark looked weak. 1-month excess return -2.76%; 3-month excess return -6.54%; 6-month excess return -0.80%."
2023-11-06,IQV,-1.0610556662769042,,-2.3840705005298224,hit,linear_regression,target_5d_return,regression,3,"Technical state is soft, with price below the 50-day and 200-day averages. RSI is in a steady zone near 56.8. MACD remains on the bullish side. Volatility is elevated at roughly 39.6%.",No recent matched news was found for this ticker/date.,Relative strength versus the benchmark looked weak. 1-month excess return -1.55%; 3-month excess return -6.42%; 6-month excess return -1.03%.,"Model view: the forward return estimate was mildly negative at about -1.06%. Confidence was not explicitly available for this prediction. Technical state is soft, with price below the 50-day and 200-day averages. RSI is in a steady zone near 56.8. MACD remains on the bullish side. Volatility is elevated at roughly 39.6%. No recent matched news was found for this ticker/date. Relative strength versus the benchmark looked weak. 1-month excess return -1.55%; 3-month excess return -6.42%; 6-month excess return -1.03%."
2023-11-07,IQV,-1.2323868661087127,,0.19991697962005173,miss,linear_regression,target_5d_return,regression,3,"Technical state is soft, with price below the 50-day and 200-day averages. RSI is in a steady zone near 58.3. MACD remains on the bullish side. Volatility is elevated at roughly 39.5%.",No recent matched news was found for this ticker/date.,Relative strength versus the benchmark looked weak. 1-month excess return -0.77%; 3-month excess return -6.50%; 6-month excess return 1.26%.,"Model view: the forward return estimate was mildly negative at about -1.23%. Confidence was not explicitly available for this prediction. Technical state is soft, with price below the 50-day and 200-day averages. RSI is in a steady zone near 58.3. MACD remains on the bullish side. Volatility is elevated at roughly 39.5%. No recent matched news was found for this ticker/date. Relative strength versus the benchmark looked weak. 1-month excess return -0.77%; 3-month excess return -6.50%; 6-month excess return 1.26%."
2023-11-08,IQV,-0.5102382212753733,,3.0386501257192666,miss,linear_regression,target_5d_return,regression,3,"Technical state is soft, with price below the 50-day and 200-day averages. RSI is in a steady zone near 57.9. MACD remains on the bullish side. Volatility is elevated at roughly 39.1%.",No recent matched news was found for this ticker/date.,Relative strength versus the benchmark looked weak. 1-month excess return -1.48%; 3-month excess return -7.95%; 6-month excess return 0.28%.,"Model view: the forward return estimate was mildly negative at about -0.51%. Confidence was not explicitly available for this prediction. Technical state is soft, with price below the 50-day and 200-day averages. RSI is in a steady zone near 57.9. MACD remains on the bullish side. Volatility is elevated at roughly 39.1%. No recent matched news was found for this ticker/date. Relative strength versus the benchmark looked weak. 1-month excess return -1.48%; 3-month excess return -7.95%; 6-month excess return 0.28%."
2023-11-09,IQV,2.1333884014608158,,6.711473804513535,hit,linear_regression,target_5d_return,regression,3,"Technical state is soft, with price below the 50-day and 200-day averages. MACD remains on the bullish side. Volatility is elevated at roughly 39.7%.",No recent matched news was found for this ticker/date.,Relative strength versus the benchmark looked weak. 1-month excess return -5.61%; 3-month excess return -10.07%; 6-month excess return -4.20%.,"Model view: the forward return estimate was mildly positive at about 2.13%. Confidence was not explicitly available for this prediction. Technical state is soft, with price below the 50-day and 200-day averages. MACD remains on the bullish side. Volatility is elevated at roughly 39.7%. No recent matched news was found for this ticker/date. Relative strength versus the benchmark looked weak. 1-month excess return -5.61%; 3-month excess return -10.07%; 6-month excess return -4.20%."
2023-11-10,IQV,1.4062421278941841,,4.495355521306288,hit,linear_regression,target_5d_return,regression,3,"Technical state is soft, with price below the 50-day and 200-day averages. RSI is in a steady zone near 52.8. MACD remains on the bullish side. Volatility is elevated at roughly 40.4%.",No recent matched news was found for this ticker/date.,Relative strength versus the benchmark looked weak. 1-month excess return -2.42%; 3-month excess return -9.30%; 6-month excess return -2.92%.,"Model view: the forward return estimate was mildly positive at about 1.41%. Confidence was not explicitly available for this prediction. Technical state is soft, with price below the 50-day and 200-day averages. RSI is in a steady zone near 52.8. MACD remains on the bullish side. Volatility is elevated at roughly 40.4%. No recent matched news was found for this ticker/date. Relative strength versus the benchmark looked weak. 1-month excess return -2.42%; 3-month excess return -9.30%; 6-month excess return -2.92%."
2023-11-13,IQV,2.7604803573909136,,5.9998942670774325,hit,linear_regression,target_5d_return,regression,3,"Technical state is soft, with price below the 50-day and 200-day averages. RSI is in a steady zone near 50.2. MACD remains on the bullish side. Volatility is elevated at roughly 40.6%.",No recent matched news was found for this ticker/date.,Relative strength versus the benchmark looked weak. 1-month excess return -4.88%; 3-month excess return -10.40%; 6-month excess return -5.44%.,"Model view: the forward return estimate was mildly positive at about 2.76%. Confidence was not explicitly available for this prediction. Technical state is soft, with price below the 50-day and 200-day averages. RSI is in a steady zone near 50.2. MACD remains on the bullish side. Volatility is elevated at roughly 40.6%. No recent matched news was found for this ticker/date. Relative strength versus the benchmark looked weak. 1-month excess return -4.88%; 3-month excess return -10.40%; 6-month excess return -5.44%."
2023-11-14,IQV,1.6729977697562604,,3.476656708520509,hit,linear_regression,target_5d_return,regression,3,"Technical state is mixed, with price not fully aligned across the major moving averages. RSI is in a steady zone near 56.8. MACD remains on the bullish side. Volatility is elevated at roughly 42.6%.",No recent matched news was found for this ticker/date.,Relative strength versus the benchmark looked weak. 1-month excess return -2.15%; 3-month excess return -8.88%; 6-month excess return -4.51%.,"Model view: the forward return estimate was mildly positive at about 1.67%. Confidence was not explicitly available for this prediction. Technical state is mixed, with price not fully aligned across the major moving averages. RSI is in a steady zone near 56.8. MACD remains on the bullish side. Volatility is elevated at roughly 42.6%. No recent matched news was found for this ticker/date. Relative strength versus the benchmark looked weak. 1-month excess return -2.15%; 3-month excess return -8.88%; 6-month excess return -4.51%."
2023-11-15,IQV,1.1082683929036667,,1.7927427530389783,hit,linear_regression,target_5d_return,regression,3,"Technical state is mixed, with price not fully aligned across the major moving averages. RSI is in a steady zone near 61.2. MACD remains on the bullish side. Volatility is elevated at roughly 38.9%.",No recent matched news was found for this ticker/date.,Relative strength versus the benchmark looked weak. 1-month excess return 0.30%; 3-month excess return -7.01%; 6-month excess return -1.68%.,"Model view: the forward return estimate was mildly positive at about 1.11%. Confidence was not explicitly available for this prediction. Technical state is mixed, with price not fully aligned across the major moving averages. RSI is in a steady zone near 61.2. MACD remains on the bullish side. Volatility is elevated at roughly 38.9%. No recent matched news was found for this ticker/date. Relative strength versus the benchmark looked weak. 1-month excess return 0.30%; 3-month excess return -7.01%; 6-month excess return -1.68%."
2023-11-16,IQV,1.9807674049123272,,3.5255634832778826,hit,linear_regression,target_5d_return,regression,3,"Technical state is mixed, with price not fully aligned across the major moving averages. RSI is in a steady zone near 59.9. MACD remains on the bullish side. Volatility is elevated at roughly 38.6%.",No recent matched news was found for this ticker/date.,Relative strength versus the benchmark looked weak. 1-month excess return 3.71%; 3-month excess return -7.44%; 6-month excess return -2.63%.,"Model view: the forward return estimate was mildly positive at about 1.98%. Confidence was not explicitly available for this prediction. Technical state is mixed, with price not fully aligned across the major moving averages. RSI is in a steady zone near 59.9. MACD remains on the bullish side. Volatility is elevated at roughly 38.6%. No recent matched news was found for this ticker/date. Relative strength versus the benchmark looked weak. 1-month excess return 3.71%; 3-month excess return -7.44%; 6-month excess return -2.63%."
2023-11-17,IQV,3.4506086714716977,,2.900533539794048,hit,linear_regression,target_5d_return,regression,3,"Technical state is mixed, with price not fully aligned across the major moving averages. RSI is in a steady zone near 59.9. MACD remains on the bullish side. Volatility is elevated at roughly 38.1%.",No recent matched news was found for this ticker/date.,Relative strength versus the benchmark looked weak. 1-month excess return 3.93%; 3-month excess return -7.08%; 6-month excess return -5.05%.,"Model view: the forward return estimate was mildly positive at about 3.45%. Confidence was not explicitly available for this prediction. Technical state is mixed, with price not fully aligned across the major moving averages. RSI is in a steady zone near 59.9. MACD remains on the bullish side. Volatility is elevated at roughly 38.1%. No recent matched news was found for this ticker/date. Relative strength versus the benchmark looked weak. 1-month excess return 3.93%; 3-month excess return -7.08%; 6-month excess return -5.05%."
2023-11-20,IQV,2.483520389321469,,2.781434507579039,hit,linear_regression,target_5d_return,regression,3,"Technical state is mixed, with price not fully aligned across the major moving averages. RSI is in a steady zone near 60.4. MACD remains on the bullish side. Volatility is elevated at roughly 38.0%.",No recent matched news was found for this ticker/date.,Relative strength versus the benchmark looked weak. 1-month excess return 3.49%; 3-month excess return -7.76%; 6-month excess return -6.74%.,"Model view: the forward return estimate was mildly positive at about 2.48%. Confidence was not explicitly available for this prediction. Technical state is mixed, with price not fully aligned across the major moving averages. RSI is in a steady zone near 60.4. MACD remains on the bullish side. Volatility is elevated at roughly 38.0%. No recent matched news was found for this ticker/date. Relative strength versus the benchmark looked weak. 1-month excess return 3.49%; 3-month excess return -7.76%; 6-month excess return -6.74%."
2023-11-21,IQV,2.211566297748262,,3.06579932702451,hit,linear_regression,target_5d_return,regression,3,"Technical state is constructive, with price above the 50-day and 200-day averages. RSI is in a steady zone near 62.4. MACD remains on the bullish side. Volatility is elevated at roughly 37.8%.",No recent matched news was found for this ticker/date.,Relative strength versus the benchmark looked weak. 1-month excess return 5.15%; 3-month excess return -6.33%; 6-month excess return -6.61%.,"Model view: the forward return estimate was mildly positive at about 2.21%. Confidence was not explicitly available for this prediction. Technical state is constructive, with price above the 50-day and 200-day averages. RSI is in a steady zone near 62.4. MACD remains on the bullish side. Volatility is elevated at roughly 37.8%. No recent matched news was found for this ticker/date. Relative strength versus the benchmark looked weak. 1-month excess return 5.15%; 3-month excess return -6.33%; 6-month excess return -6.61%."
2023-11-22,IQV,1.856949337967861,,2.1859496647865795,hit,linear_regression,target_5d_return,regression,3,"Technical state is constructive, with price above the 50-day and 200-day averages. RSI is in a steady zone near 64.3. MACD remains on the bullish side. Volatility is elevated at roughly 35.5%.",No recent matched news was found for this ticker/date.,Relative strength versus the benchmark looked weak. 1-month excess return 4.79%; 3-month excess return -6.91%; 6-month excess return -4.93%.,"Model view: the forward return estimate was mildly positive at about 1.86%. Confidence was not explicitly available for this prediction. Technical state is constructive, with price above the 50-day and 200-day averages. RSI is in a steady zone near 64.3. MACD remains on the bullish side. Volatility is elevated at roughly 35.5%. No recent matched news was found for this ticker/date. Relative strength versus the benchmark looked weak. 1-month excess return 4.79%; 3-month excess return -6.91%; 6-month excess return -4.93%."
2023-11-24,IQV,1.5218705266413926,,2.3112161135004694,hit,linear_regression,target_5d_return,regression,3,"Technical state is constructive, with price above the 50-day and 200-day averages. MACD remains on the bullish side. Volatility is elevated at roughly 35.4%.",No recent matched news was found for this ticker/date.,Relative strength versus the benchmark looked weak. 1-month excess return 7.96%; 3-month excess return -6.70%; 6-month excess return -2.47%.,"Model view: the forward return estimate was mildly positive at about 1.52%. Confidence was not explicitly available for this prediction. Technical state is constructive, with price above the 50-day and 200-day averages. MACD remains on the bullish side. Volatility is elevated at roughly 35.4%. No recent matched news was found for this ticker/date. Relative strength versus the benchmark looked weak. 1-month excess return 7.96%; 3-month excess return -6.70%; 6-month excess return -2.47%."
2023-11-27,IQV,0.8882285017898957,,2.6289605928169646,hit,linear_regression,target_5d_return,regression,3,"Technical state is constructive, with price above the 50-day and 200-day averages. RSI is in a steady zone near 64.3. MACD remains on the bullish side. Volatility is elevated at roughly 33.8%.",No recent matched news was found for this ticker/date.,Relative strength versus the benchmark looked weak. 1-month excess return 4.07%; 3-month excess return -7.64%; 6-month excess return -2.58%.,"Model view: the forward return estimate was mildly positive at about 0.89%. Confidence was not explicitly available for this prediction. Technical state is constructive, with price above the 50-day and 200-day averages. RSI is in a steady zone near 64.3. MACD remains on the bullish side. Volatility is elevated at roughly 33.8%. No recent matched news was found for this ticker/date. Relative strength versus the benchmark looked weak. 1-month excess return 4.07%; 3-month excess return -7.64%; 6-month excess return -2.58%."
2023-11-28,IQV,1.1120395057538834,,1.5687192220823487,hit,linear_regression,target_5d_return,regression,3,"Technical state is constructive, with price above the 50-day and 200-day averages. RSI is in a steady zone near 64.5. MACD remains on the bullish side. Volatility is elevated at roughly 32.7%.",No recent matched news was found for this ticker/date.,Relative strength versus the benchmark looked weak. 1-month excess return 6.47%; 3-month excess return -7.59%; 6-month excess return -2.09%.,"Model view: the forward return estimate was mildly positive at about 1.11%. Confidence was not explicitly available for this prediction. Technical state is constructive, with price above the 50-day and 200-day averages. RSI is in a steady zone near 64.5. MACD remains on the bullish side. Volatility is elevated at roughly 32.7%. No recent matched news was found for this ticker/date. Relative strength versus the benchmark looked weak. 1-month excess return 6.47%; 3-month excess return -7.59%; 6-month excess return -2.09%."
2023-11-29,IQV,0.4622226341754603,,0.8325142882100511,hit,linear_regression,target_5d_return,regression,3,"Technical state is constructive, with price above the 50-day and 200-day averages. MACD remains on the bullish side. Volatility is elevated at roughly 32.5%.",No recent matched news was found for this ticker/date.,Relative strength versus the benchmark looked weak. 1-month excess return 11.28%; 3-month excess return -5.61%; 6-month excess return -0.25%.,"Model view: the forward return estimate was mildly positive at about 0.46%. Confidence was not explicitly available for this prediction. Technical state is constructive, with price above the 50-day and 200-day averages. MACD remains on the bullish side. Volatility is elevated at roughly 32.5%. No recent matched news was found for this ticker/date. Relative strength versus the benchmark looked weak. 1-month excess return 11.28%; 3-month excess return -5.61%; 6-month excess return -0.25%."
2023-11-30,IQV,-0.09518728506522309,,0.415693304192688,miss,linear_regression,target_5d_return,regression,3,"Technical state is constructive, with price above the 50-day and 200-day averages. MACD remains on the bullish side. Volatility is elevated at roughly 32.2%.",No recent matched news was found for this ticker/date.,Relative strength versus the benchmark looked weak. 1-month excess return 9.23%; 3-month excess return -5.18%; 6-month excess return -0.61%.,"Model view: the forward return estimate was mildly negative at about -0.10%. Confidence was not explicitly available for this prediction. Technical state is constructive, with price above the 50-day and 200-day averages. MACD remains on the bullish side. Volatility is elevated at roughly 32.2%. No recent matched news was found for this ticker/date. Relative strength versus the benchmark looked weak. 1-month excess return 9.23%; 3-month excess return -5.18%; 6-month excess return -0.61%."
2023-12-01,IQV,-1.161444576425507,,-0.7514659791125311,hit,linear_regression,target_5d_return,regression,3,"Technical state is constructive, with price above the 50-day and 200-day averages. RSI is elevated near 70.1, so chasing strength may add risk. MACD remains on the bullish side.",No recent matched news was found for this ticker/date.,Relative strength versus the benchmark looked mixed. 1-month excess return 11.88%; 3-month excess return -5.03%; 6-month excess return 0.44%.,"Model view: the forward return estimate was mildly negative at about -1.16%. Confidence was not explicitly available for this prediction. Technical state is constructive, with price above the 50-day and 200-day averages. RSI is elevated near 70.1, so chasing strength may add risk. MACD remains on the bullish side. No recent matched news was found for this ticker/date. Relative strength versus the benchmark looked mixed. 1-month excess return 11.88%; 3-month excess return -5.03%; 6-month excess return 0.44%."
2023-12-04,IQV,-1.4526938047389573,,0.01849229451276191,miss,linear_regression,target_5d_return,regression,3,"Technical state is constructive, with price above the 50-day and 200-day averages. MACD remains on the bullish side.",No recent matched news was found for this ticker/date.,Relative strength versus the benchmark looked weak. 1-month excess return 7.50%; 3-month excess return -3.75%; 6-month excess return -0.93%.,"Model view: the forward return estimate was mildly negative at about -1.45%. Confidence was not explicitly available for this prediction. Technical state is constructive, with price above the 50-day and 200-day averages. MACD remains on the bullish side. No recent matched news was found for this ticker/date. Relative strength versus the benchmark looked weak. 1-month excess return 7.50%; 3-month excess return -3.75%; 6-month excess return -0.93%."
2023-12-05,IQV,-1.1401700104812145,,1.4558327435632012,miss,linear_regression,target_5d_return,regression,3,"Technical state is constructive, with price above the 50-day and 200-day averages. RSI is in a steady zone near 64.6. MACD remains on the bullish side.",No recent matched news was found for this ticker/date.,Relative strength versus the benchmark looked weak. 1-month excess return 3.63%; 3-month excess return -4.39%; 6-month excess return -2.39%.,"Model view: the forward return estimate was mildly negative at about -1.14%. Confidence was not explicitly available for this prediction. Technical state is constructive, with price above the 50-day and 200-day averages. RSI is in a steady zone near 64.6. MACD remains on the bullish side. No recent matched news was found for this ticker/date. Relative strength versus the benchmark looked weak. 1-month excess return 3.63%; 3-month excess return -4.39%; 6-month excess return -2.39%."
2023-12-06,IQV,-1.1436010006519703,,4.805418055722077,miss,linear_regression,target_5d_return,regression,3,"Technical state is constructive, with price above the 50-day and 200-day averages. MACD remains on the bullish side.",No recent matched news was found for this ticker/date.,Relative strength versus the benchmark looked weak. 1-month excess return 4.25%; 3-month excess return -3.77%; 6-month excess return -3.23%.,"Model view: the forward return estimate was mildly negative at about -1.14%. Confidence was not explicitly available for this prediction. Technical state is constructive, with price above the 50-day and 200-day averages. MACD remains on the bullish side. No recent matched news was found for this ticker/date. Relative strength versus the benchmark looked weak. 1-month excess return 4.25%; 3-month excess return -3.77%; 6-month excess return -3.23%."
2023-12-07,IQV,-0.7655197380477725,,7.237544611853375,miss,linear_regression,target_5d_return,regression,3,"Technical state is constructive, with price above the 50-day and 200-day averages. RSI is in a steady zone near 64.8. MACD remains on the bullish side.",No recent matched news was found for this ticker/date.,Relative strength versus the benchmark looked weak. 1-month excess return 2.52%; 3-month excess return -2.18%; 6-month excess return -2.52%.,"Model view: the forward return estimate was mildly negative at about -0.77%. Confidence was not explicitly available for this prediction. Technical state is constructive, with price above the 50-day and 200-day averages. RSI is in a steady zone near 64.8. MACD remains on the bullish side. No recent matched news was found for this ticker/date. Relative strength versus the benchmark looked weak. 1-month excess return 2.52%; 3-month excess return -2.18%; 6-month excess return -2.52%."
2023-12-08,IQV,-0.24858399659253022,,5.314010826028692,miss,linear_regression,target_5d_return,regression,3,"Technical state is constructive, with price above the 50-day and 200-day averages. MACD remains on the bullish side.",No recent matched news was found for this ticker/date.,Relative strength versus the benchmark looked weak. 1-month excess return 2.48%; 3-month excess return -2.65%; 6-month excess return -2.85%.,"Model view: the forward return estimate was mildly negative at about -0.25%. Confidence was not explicitly available for this prediction. Technical state is constructive, with price above the 50-day and 200-day averages. MACD remains on the bullish side. No recent matched news was found for this ticker/date. Relative strength versus the benchmark looked weak. 1-month excess return 2.48%; 3-month excess return -2.65%; 6-month excess return -2.85%."
2023-12-11,IQV,-0.9313232592926548,,4.465814697026516,miss,linear_regression,target_5d_return,regression,3,"Technical state is constructive, with price above the 50-day and 200-day averages. MACD remains on the bullish side.",No recent matched news was found for this ticker/date.,Relative strength versus the benchmark looked weak. 1-month excess return 6.21%; 3-month excess return -3.80%; 6-month excess return -4.42%.,"Model view: the forward return estimate was mildly negative at about -0.93%. Confidence was not explicitly available for this prediction. Technical state is constructive, with price above the 50-day and 200-day averages. MACD remains on the bullish side. No recent matched news was found for this ticker/date. Relative strength versus the benchmark looked weak. 1-month excess return 6.21%; 3-month excess return -3.80%; 6-month excess return -4.42%."
2023-12-12,IQV,-0.45780153824075936,,5.256868104491019,miss,linear_regression,target_5d_return,regression,3,"Technical state is constructive, with price above the 50-day and 200-day averages. MACD remains on the bullish side.",No recent matched news was found for this ticker/date.,Relative strength versus the benchmark looked weak. 1-month excess return 5.56%; 3-month excess return -3.59%; 6-month excess return -5.26%.,"Model view: the forward return estimate was mildly negative at about -0.46%. Confidence was not explicitly available for this prediction. Technical state is constructive, with price above the 50-day and 200-day averages. MACD remains on the bullish side. No recent matched news was found for this ticker/date. Relative strength versus the benchmark looked weak. 1-month excess return 5.56%; 3-month excess return -3.59%; 6-month excess return -5.26%."
2023-12-13,IQV,-2.9582508649890236,,-0.420445656593571,hit,linear_regression,target_5d_return,regression,3,"Technical state is constructive, with price above the 50-day and 200-day averages. RSI is elevated near 76.1, so chasing strength may add risk. MACD remains on the bullish side.",No recent matched news was found for this ticker/date.,Relative strength versus the benchmark looked mixed. 1-month excess return 9.74%; 3-month excess return 1.61%; 6-month excess return -1.47%.,"Model view: the forward return estimate was mildly negative at about -2.96%. Confidence was not explicitly available for this prediction. Technical state is constructive, with price above the 50-day and 200-day averages. RSI is elevated near 76.1, so chasing strength may add risk. MACD remains on the bullish side. No recent matched news was found for this ticker/date. Relative strength versus the benchmark looked mixed. 1-month excess return 9.74%; 3-month excess return 1.61%; 6-month excess return -1.47%."
2023-12-14,IQV,-4.558333923486114,,-0.5291699000451677,hit,linear_regression,target_5d_return,regression,3,"Technical state is constructive, with price above the 50-day and 200-day averages. RSI is elevated near 79.2, so chasing strength may add risk. MACD remains on the bullish side.",No recent matched news was found for this ticker/date.,Relative strength versus the benchmark looked mixed. 1-month excess return 9.78%; 3-month excess return 2.78%; 6-month excess return -0.29%.,"Model view: the forward return estimate was mildly negative at about -4.56%. Confidence was not explicitly available for this prediction. Technical state is constructive, with price above the 50-day and 200-day averages. RSI is elevated near 79.2, so chasing strength may add risk. MACD remains on the bullish side. No recent matched news was found for this ticker/date. Relative strength versus the benchmark looked mixed. 1-month excess return 9.78%; 3-month excess return 2.78%; 6-month excess return -0.29%."
2023-12-15,IQV,-3.3307544451601507,,1.1732549610918408,miss,linear_regression,target_5d_return,regression,3,"Technical state is constructive, with price above the 50-day and 200-day averages. RSI is elevated near 71.0, so chasing strength may add risk. MACD remains on the bullish side.",No recent matched news was found for this ticker/date.,Relative strength versus the benchmark looked mixed. 1-month excess return 5.32%; 3-month excess return 2.46%; 6-month excess return -1.92%.,"Model view: the forward return estimate was mildly negative at about -3.33%. Confidence was not explicitly available for this prediction. Technical state is constructive, with price above the 50-day and 200-day averages. RSI is elevated near 71.0, so chasing strength may add risk. MACD remains on the bullish side. No recent matched news was found for this ticker/date. Relative strength versus the benchmark looked mixed. 1-month excess return 5.32%; 3-month excess return 2.46%; 6-month excess return -1.92%."
2023-12-18,IQV,-2.187982804775712,,2.239234204212659,miss,linear_regression,target_5d_return,regression,3,"Technical state is constructive, with price above the 50-day and 200-day averages. MACD remains on the bullish side.",No recent matched news was found for this ticker/date.,Relative strength versus the benchmark looked mixed. 1-month excess return 5.06%; 3-month excess return 1.53%; 6-month excess return -2.84%.,"Model view: the forward return estimate was mildly negative at about -2.19%. Confidence was not explicitly available for this prediction. Technical state is constructive, with price above the 50-day and 200-day averages. MACD remains on the bullish side. No recent matched news was found for this ticker/date. Relative strength versus the benchmark looked mixed. 1-month excess return 5.06%; 3-month excess return 1.53%; 6-month excess return -2.84%."
2023-12-19,IQV,-3.8069937809588317,,1.3370608889421431,miss,linear_regression,target_5d_return,regression,3,"Technical state is constructive, with price above the 50-day and 200-day averages. RSI is elevated near 71.9, so chasing strength may add risk. MACD remains on the bullish side.",No recent matched news was found for this ticker/date.,Relative strength versus the benchmark looked mixed. 1-month excess return 5.99%; 3-month excess return 3.10%; 6-month excess return -2.20%.,"Model view: the forward return estimate was mildly negative at about -3.81%. Confidence was not explicitly available for this prediction. Technical state is constructive, with price above the 50-day and 200-day averages. RSI is elevated near 71.9, so chasing strength may add risk. MACD remains on the bullish side. No recent matched news was found for this ticker/date. Relative strength versus the benchmark looked mixed. 1-month excess return 5.99%; 3-month excess return 3.10%; 6-month excess return -2.20%."
2023-12-20,IQV,-3.6455751193585377,,3.4355536566840206,miss,linear_regression,target_5d_return,regression,3,"Technical state is constructive, with price above the 50-day and 200-day averages. RSI is in a steady zone near 64.3. MACD remains on the bullish side.",No recent matched news was found for this ticker/date.,Relative strength versus the benchmark looked mixed. 1-month excess return 6.57%; 3-month excess return 4.88%; 6-month excess return -1.49%.,"Model view: the forward return estimate was mildly negative at about -3.65%. Confidence was not explicitly available for this prediction. Technical state is constructive, with price above the 50-day and 200-day averages. RSI is in a steady zone near 64.3. MACD remains on the bullish side. No recent matched news was found for this ticker/date. Relative strength versus the benchmark looked mixed. 1-month excess return 6.57%; 3-month excess return 4.88%; 6-month excess return -1.49%."
2023-12-21,IQV,-4.427564049284311,,0.8939096652814005,miss,linear_regression,target_5d_return,regression,3,"Technical state is constructive, with price above the 50-day and 200-day averages. MACD remains on the bullish side.",No recent matched news was found for this ticker/date.,Relative strength versus the benchmark looked mixed. 1-month excess return 6.24%; 3-month excess return 5.98%; 6-month excess return -1.54%.,"Model view: the forward return estimate was mildly negative at about -4.43%. Confidence was not explicitly available for this prediction. Technical state is constructive, with price above the 50-day and 200-day averages. MACD remains on the bullish side. No recent matched news was found for this ticker/date. Relative strength versus the benchmark looked mixed. 1-month excess return 6.24%; 3-month excess return 5.98%; 6-month excess return -1.54%."
2023-12-22,IQV,-3.8798348953632433,,0.44031497311718404,miss,linear_regression,target_5d_return,regression,3,"Technical state is constructive, with price above the 50-day and 200-day averages. MACD remains on the bullish side.",No recent matched news was found for this ticker/date.,Relative strength versus the benchmark looked mixed. 1-month excess return 5.38%; 3-month excess return 4.13%; 6-month excess return -2.10%.,"Model view: the forward return estimate was mildly negative at about -3.88%. Confidence was not explicitly available for this prediction. Technical state is constructive, with price above the 50-day and 200-day averages. MACD remains on the bullish side. No recent matched news was found for this ticker/date. Relative strength versus the benchmark looked mixed. 1-month excess return 5.38%; 3-month excess return 4.13%; 6-month excess return -2.10%."
2023-12-26,IQV,-5.530484920823622,,-4.769945171920442,hit,linear_regression,target_5d_return,regression,3,"Technical state is constructive, with price above the 50-day and 200-day averages. MACD remains on the bullish side.",No recent matched news was found for this ticker/date.,Relative strength versus the benchmark looked mixed. 1-month excess return 4.49%; 3-month excess return 3.66%; 6-month excess return -1.01%.,"Model view: the forward return estimate was mildly negative at about -5.53%. Confidence was not explicitly available for this prediction. Technical state is constructive, with price above the 50-day and 200-day averages. MACD remains on the bullish side. No recent matched news was found for this ticker/date. Relative strength versus the benchmark looked mixed. 1-month excess return 4.49%; 3-month excess return 3.66%; 6-month excess return -1.01%."
2023-12-27,IQV,-5.209157539471588,,-5.1052071539193555,hit,linear_regression,target_5d_return,regression,3,"Technical state is constructive, with price above the 50-day and 200-day averages. RSI is elevated near 70.7, so chasing strength may add risk. MACD remains on the bullish side.",No recent matched news was found for this ticker/date.,Relative strength versus the benchmark looked mixed. 1-month excess return 5.20%; 3-month excess return 3.23%; 6-month excess return -2.99%.,"Model view: the forward return estimate was mildly negative at about -5.21%. Confidence was not explicitly available for this prediction. Technical state is constructive, with price above the 50-day and 200-day averages. RSI is elevated near 70.7, so chasing strength may add risk. MACD remains on the bullish side. No recent matched news was found for this ticker/date. Relative strength versus the benchmark looked mixed. 1-month excess return 5.20%; 3-month excess return 3.23%; 6-month excess return -2.99%."
2023-12-28,IQV,-4.624862582564586,,-5.2464193181924745,hit,linear_regression,target_5d_return,regression,3,"Technical state is constructive, with price above the 50-day and 200-day averages. RSI is elevated near 71.5, so chasing strength may add risk. MACD remains on the bullish side.",No recent matched news was found for this ticker/date.,Relative strength versus the benchmark looked mixed. 1-month excess return 5.53%; 3-month excess return 6.46%; 6-month excess return -3.70%.,"Model view: the forward return estimate was mildly negative at about -4.62%. Confidence was not explicitly available for this prediction. Technical state is constructive, with price above the 50-day and 200-day averages. RSI is elevated near 71.5, so chasing strength may add risk. MACD remains on the bullish side. No recent matched news was found for this ticker/date. Relative strength versus the benchmark looked mixed. 1-month excess return 5.53%; 3-month excess return 6.46%; 6-month excess return -3.70%."
2023-12-29,IQV,-5.175406774916863,,-3.163630032736031,hit,linear_regression,target_5d_return,regression,3,"Technical state is constructive, with price above the 50-day and 200-day averages. MACD remains on the bullish side.",No recent matched news was found for this ticker/date.,Relative strength versus the benchmark looked mixed. 1-month excess return 3.66%; 3-month excess return 6.37%; 6-month excess return -4.31%.,"Model view: the forward return estimate was mildly negative at about -5.18%. Confidence was not explicitly available for this prediction. Technical state is constructive, with price above the 50-day and 200-day averages. MACD remains on the bullish side. No recent matched news was found for this ticker/date. Relative strength versus the benchmark looked mixed. 1-month excess return 3.66%; 3-month excess return 6.37%; 6-month excess return -4.31%."
2024-01-02,IQV,-5.3542862144559225,,-3.75016251249517,hit,linear_regression,target_5d_return,regression,3,"Technical state is constructive, with price above the 50-day and 200-day averages. MACD remains on the bearish side.",No recent matched news was found for this ticker/date.,Relative strength versus the benchmark looked mixed. 1-month excess return 4.13%; 3-month excess return 8.30%; 6-month excess return -2.14%.,"Model view: the forward return estimate was mildly negative at about -5.35%. Confidence was not explicitly available for this prediction. Technical state is constructive, with price above the 50-day and 200-day averages. MACD remains on the bearish side. No recent matched news was found for this ticker/date. Relative strength versus the benchmark looked mixed. 1-month excess return 4.13%; 3-month excess return 8.30%; 6-month excess return -2.14%."
2024-01-03,IQV,-4.406985374395306,,-1.3090267242081843,hit,linear_regression,target_5d_return,regression,3,"Technical state is constructive, with price above the 50-day and 200-day averages. MACD remains on the bearish side.",No recent matched news was found for this ticker/date.,Relative strength versus the benchmark looked weak. 1-month excess return -0.69%; 3-month excess return 4.15%; 6-month excess return -6.21%.,"Model view: the forward return estimate was mildly negative at about -4.41%. Confidence was not explicitly available for this prediction. Technical state is constructive, with price above the 50-day and 200-day averages. MACD remains on the bearish side. No recent matched news was found for this ticker/date. Relative strength versus the benchmark looked weak. 1-month excess return -0.69%; 3-month excess return 4.15%; 6-month excess return -6.21%."
2024-01-04,IQV,-4.443930883125682,,-2.7853529770134333,hit,linear_regression,target_5d_return,regression,3,"Technical state is constructive, with price above the 50-day and 200-day averages. MACD remains on the bearish side.",No recent matched news was found for this ticker/date.,Relative strength versus the benchmark looked weak. 1-month excess return -0.55%; 3-month excess return 2.00%; 6-month excess return -5.22%.,"Model view: the forward return estimate was mildly negative at about -4.44%. Confidence was not explicitly available for this prediction. Technical state is constructive, with price above the 50-day and 200-day averages. MACD remains on the bearish side. No recent matched news was found for this ticker/date. Relative strength versus the benchmark looked weak. 1-month excess return -0.55%; 3-month excess return 2.00%; 6-month excess return -5.22%."
2024-01-05,IQV,-4.223743785053711,,-3.024668075329928,hit,linear_regression,target_5d_return,regression,3,"Technical state is constructive, with price above the 50-day and 200-day averages. MACD remains on the bearish side.",No recent matched news was found for this ticker/date.,Relative strength versus the benchmark looked mixed. 1-month excess return 0.43%; 3-month excess return 1.20%; 6-month excess return -5.01%.,"Model view: the forward return estimate was mildly negative at about -4.22%. Confidence was not explicitly available for this prediction. Technical state is constructive, with price above the 50-day and 200-day averages. MACD remains on the bearish side. No recent matched news was found for this ticker/date. Relative strength versus the benchmark looked mixed. 1-month excess return 0.43%; 3-month excess return 1.20%; 6-month excess return -5.01%."
2024-01-08,IQV,-5.21705225981328,,-5.070070844475849,hit,linear_regression,target_5d_return,regression,3,"Technical state is constructive, with price above the 50-day and 200-day averages. RSI is in a steady zone near 54.0. MACD remains on the bearish side.",No recent matched news was found for this ticker/date.,Relative strength versus the benchmark looked weak. 1-month excess return -0.44%; 3-month excess return 2.26%; 6-month excess return -5.85%.,"Model view: the forward return estimate was mildly negative at about -5.22%. Confidence was not explicitly available for this prediction. Technical state is constructive, with price above the 50-day and 200-day averages. RSI is in a steady zone near 54.0. MACD remains on the bearish side. No recent matched news was found for this ticker/date. Relative strength versus the benchmark looked weak. 1-month excess return -0.44%; 3-month excess return 2.26%; 6-month excess return -5.85%."
2024-01-09,IQV,-6.572233252153766,,-4.888386172667703,hit,linear_regression,target_5d_return,regression,3,"Technical state is constructive, with price above the 50-day and 200-day averages. RSI is in a steady zone near 50.3. MACD remains on the bearish side.",No recent matched news was found for this ticker/date.,Relative strength versus the benchmark looked weak. 1-month excess return -0.17%; 3-month excess return 1.59%; 6-month excess return -4.48%.,"Model view: the forward return estimate was mildly negative at about -6.57%. Confidence was not explicitly available for this prediction. Technical state is constructive, with price above the 50-day and 200-day averages. RSI is in a steady zone near 50.3. MACD remains on the bearish side. No recent matched news was found for this ticker/date. Relative strength versus the benchmark looked weak. 1-month excess return -0.17%; 3-month excess return 1.59%; 6-month excess return -4.48%."
2024-01-10,IQV,-3.8468517178342596,,-1.8145822101062081,hit,linear_regression,target_5d_return,regression,3,"Technical state is constructive, with price above the 50-day and 200-day averages. MACD remains on the bearish side.",No recent matched news was found for this ticker/date.,Relative strength versus the benchmark looked weak. 1-month excess return -2.69%; 3-month excess return -1.94%; 6-month excess return -7.74%.,"Model view: the forward return estimate was mildly negative at about -3.85%. Confidence was not explicitly available for this prediction. Technical state is constructive, with price above the 50-day and 200-day averages. MACD remains on the bearish side. No recent matched news was found for this ticker/date. Relative strength versus the benchmark looked weak. 1-month excess return -2.69%; 3-month excess return -1.94%; 6-month excess return -7.74%."
2024-01-11,IQV,-3.2072058377191057,,0.6730556026858014,miss,linear_regression,target_5d_return,regression,3,"Technical state is constructive, with price above the 50-day and 200-day averages. MACD remains on the bearish side.",No recent matched news was found for this ticker/date.,Relative strength versus the benchmark looked weak. 1-month excess return -4.21%; 3-month excess return -4.60%; 6-month excess return -8.56%.,"Model view: the forward return estimate was mildly negative at about -3.21%. Confidence was not explicitly available for this prediction. Technical state is constructive, with price above the 50-day and 200-day averages. MACD remains on the bearish side. No recent matched news was found for this ticker/date. Relative strength versus the benchmark looked weak. 1-month excess return -4.21%; 3-month excess return -4.60%; 6-month excess return -8.56%."
2024-01-12,IQV,-2.307561656846592,,1.8237053005257131,miss,linear_regression,target_5d_return,regression,3,"Technical state is mixed, with price not fully aligned across the major moving averages. RSI is weak near 40.0. MACD remains on the bearish side.",No recent matched news was found for this ticker/date.,Relative strength versus the benchmark looked weak. 1-month excess return -4.30%; 3-month excess return -1.69%; 6-month excess return -9.39%.,"Model view: the forward return estimate was mildly negative at about -2.31%. Confidence was not explicitly available for this prediction. Technical state is mixed, with price not fully aligned across the major moving averages. RSI is weak near 40.0. MACD remains on the bearish side. No recent matched news was found for this ticker/date. Relative strength versus the benchmark looked weak. 1-month excess return -4.30%; 3-month excess return -1.69%; 6-month excess return -9.39%."
2024-01-16,IQV,-3.394944250210391,,0.39022183496160157,miss,linear_regression,target_5d_return,regression,3,"Technical state is mixed, with price not fully aligned across the major moving averages. RSI is weak near 38.6. MACD remains on the bearish side.",No recent matched news was found for this ticker/date.,Relative strength versus the benchmark looked weak. 1-month excess return -6.79%; 3-month excess return -3.42%; 6-month excess return -9.30%.,"Model view: the forward return estimate was mildly negative at about -3.39%. Confidence was not explicitly available for this prediction. Technical state is mixed, with price not fully aligned across the major moving averages. RSI is weak near 38.6. MACD remains on the bearish side. No recent matched news was found for this ticker/date. Relative strength versus the benchmark looked weak. 1-month excess return -6.79%; 3-month excess return -3.42%; 6-month excess return -9.30%."
2024-01-17,IQV,-2.3949275379648656,,0.9340482606311928,miss,linear_regression,target_5d_return,regression,3,"Technical state is mixed, with price not fully aligned across the major moving averages. RSI is weak near 36.5. MACD remains on the bearish side.",No recent matched news was found for this ticker/date.,Relative strength versus the benchmark looked weak. 1-month excess return -8.59%; 3-month excess return -2.37%; 6-month excess return -9.95%.,"Model view: the forward return estimate was mildly negative at about -2.39%. Confidence was not explicitly available for this prediction. Technical state is mixed, with price not fully aligned across the major moving averages. RSI is weak near 36.5. MACD remains on the bearish side. No recent matched news was found for this ticker/date. Relative strength versus the benchmark looked weak. 1-month excess return -8.59%; 3-month excess return -2.37%; 6-month excess return -9.95%."
2024-01-18,IQV,-3.485542649767898,,1.083539346188922,miss,linear_regression,target_5d_return,regression,3,"Technical state is mixed, with price not fully aligned across the major moving averages. MACD remains on the bearish side.",No recent matched news was found for this ticker/date.,Relative strength versus the benchmark looked weak. 1-month excess return -7.09%; 3-month excess return -2.19%; 6-month excess return -10.15%.,"Model view: the forward return estimate was mildly negative at about -3.49%. Confidence was not explicitly available for this prediction. Technical state is mixed, with price not fully aligned across the major moving averages. MACD remains on the bearish side. No recent matched news was found for this ticker/date. Relative strength versus the benchmark looked weak. 1-month excess return -7.09%; 3-month excess return -2.19%; 6-month excess return -10.15%."
2024-01-19,IQV,-3.1861494778478496,,0.32499045927192327,miss,linear_regression,target_5d_return,regression,3,"Technical state is mixed, with price not fully aligned across the major moving averages. MACD remains on the bearish side.",No recent matched news was found for this ticker/date.,Relative strength versus the benchmark looked weak. 1-month excess return -6.46%; 3-month excess return 1.83%; 6-month excess return -11.53%.,"Model view: the forward return estimate was mildly negative at about -3.19%. Confidence was not explicitly available for this prediction. Technical state is mixed, with price not fully aligned across the major moving averages. MACD remains on the bearish side. No recent matched news was found for this ticker/date. Relative strength versus the benchmark looked weak. 1-month excess return -6.46%; 3-month excess return 1.83%; 6-month excess return -11.53%."
2024-01-22,IQV,-2.749941546267693,,0.12399736967207975,miss,linear_regression,target_5d_return,regression,3,"Technical state is constructive, with price above the 50-day and 200-day averages. MACD remains on the bearish side.",No recent matched news was found for this ticker/date.,Relative strength versus the benchmark looked weak. 1-month excess return -6.25%; 3-month excess return 3.22%; 6-month excess return -11.52%.,"Model view: the forward return estimate was mildly negative at about -2.75%. Confidence was not explicitly available for this prediction. Technical state is constructive, with price above the 50-day and 200-day averages. MACD remains on the bearish side. No recent matched news was found for this ticker/date. Relative strength versus the benchmark looked weak. 1-month excess return -6.25%; 3-month excess return 3.22%; 6-month excess return -11.52%."
2024-01-23,IQV,-3.26465478700358,,1.6625312939879011,miss,linear_regression,target_5d_return,regression,3,"Technical state is mixed, with price not fully aligned across the major moving averages. MACD remains on the bearish side.",No recent matched news was found for this ticker/date.,Relative strength versus the benchmark looked weak. 1-month excess return -8.71%; 3-month excess return 0.67%; 6-month excess return -13.19%.,"Model view: the forward return estimate was mildly negative at about -3.26%. Confidence was not explicitly available for this prediction. Technical state is mixed, with price not fully aligned across the major moving averages. MACD remains on the bearish side. No recent matched news was found for this ticker/date. Relative strength versus the benchmark looked weak. 1-month excess return -8.71%; 3-month excess return 0.67%; 6-month excess return -13.19%."
2024-01-24,IQV,-2.0737289725517636,,-2.1843334501205014,hit,linear_regression,target_5d_return,regression,3,"Technical state is mixed, with price not fully aligned across the major moving averages. MACD remains on the bearish side.",No recent matched news was found for this ticker/date.,Relative strength versus the benchmark looked weak. 1-month excess return -9.87%; 3-month excess return 0.43%; 6-month excess return -14.62%.,"Model view: the forward return estimate was mildly negative at about -2.07%. Confidence was not explicitly available for this prediction. Technical state is mixed, with price not fully aligned across the major moving averages. MACD remains on the bearish side. No recent matched news was found for this ticker/date. Relative strength versus the benchmark looked weak. 1-month excess return -9.87%; 3-month excess return 0.43%; 6-month excess return -14.62%."
2024-01-25,IQV,-1.7138864814044874,,-1.948954500344402,hit,linear_regression,target_5d_return,regression,3,"Technical state is mixed, with price not fully aligned across the major moving averages. MACD remains on the bearish side.",No recent matched news was found for this ticker/date.,Relative strength versus the benchmark looked weak. 1-month excess return -9.09%; 3-month excess return 0.20%; 6-month excess return -14.22%.,"Model view: the forward return estimate was mildly negative at about -1.71%. Confidence was not explicitly available for this prediction. Technical state is mixed, with price not fully aligned across the major moving averages. MACD remains on the bearish side. No recent matched news was found for this ticker/date. Relative strength versus the benchmark looked weak. 1-month excess return -9.09%; 3-month excess return 0.20%; 6-month excess return -14.22%."
2024-01-26,IQV,-3.492645826279543,,-2.4711909058208748,hit,linear_regression,target_5d_return,regression,3,"Technical state is mixed, with price not fully aligned across the major moving averages. MACD remains on the bearish side.",No recent matched news was found for this ticker/date.,Relative strength versus the benchmark looked weak. 1-month excess return -9.01%; 3-month excess return 2.43%; 6-month excess return -11.57%.,"Model view: the forward return estimate was mildly negative at about -3.49%. Confidence was not explicitly available for this prediction. Technical state is mixed, with price not fully aligned across the major moving averages. MACD remains on the bearish side. No recent matched news was found for this ticker/date. Relative strength versus the benchmark looked weak. 1-month excess return -9.01%; 3-month excess return 2.43%; 6-month excess return -11.57%."
2024-01-29,IQV,-5.0812678025354545,,-3.3529022178434564,hit,linear_regression,target_5d_return,regression,3,"Technical state is mixed, with price not fully aligned across the major moving averages. RSI is in a steady zone near 51.0. MACD remains on the bearish side.",No recent matched news was found for this ticker/date.,Relative strength versus the benchmark looked weak. 1-month excess return -9.10%; 3-month excess return -0.91%; 6-month excess return -11.13%.,"Model view: the forward return estimate was mildly negative at about -5.08%. Confidence was not explicitly available for this prediction. Technical state is mixed, with price not fully aligned across the major moving averages. RSI is in a steady zone near 51.0. MACD remains on the bearish side. No recent matched news was found for this ticker/date. Relative strength versus the benchmark looked weak. 1-month excess return -9.10%; 3-month excess return -0.91%; 6-month excess return -11.13%."
2024-01-30,IQV,-4.581693229733973,,-0.7693007899663651,hit,linear_regression,target_5d_return,regression,3,"Technical state is mixed, with price not fully aligned across the major moving averages. MACD remains on the bearish side.",No recent matched news was found for this ticker/date.,Relative strength versus the benchmark looked weak. 1-month excess return -9.74%; 3-month excess return 1.07%; 6-month excess return -10.23%.,"Model view: the forward return estimate was mildly negative at about -4.58%. Confidence was not explicitly available for this prediction. Technical state is mixed, with price not fully aligned across the major moving averages. MACD remains on the bearish side. No recent matched news was found for this ticker/date. Relative strength versus the benchmark looked weak. 1-month excess return -9.74%; 3-month excess return 1.07%; 6-month excess return -10.23%."
2024-01-31,IQV,-2.0909916522045515,,2.9342557439929307,miss,linear_regression,target_5d_return,regression,3,"Technical state is soft, with price below the 50-day and 200-day averages. RSI is weak near 37.3. MACD remains on the bearish side.",No recent matched news was found for this ticker/date.,Relative strength versus the benchmark looked weak. 1-month excess return -11.61%; 3-month excess return 1.31%; 6-month excess return -10.80%.,"Model view: the forward return estimate was mildly negative at about -2.09%. Confidence was not explicitly available for this prediction. Technical state is soft, with price below the 50-day and 200-day averages. RSI is weak near 37.3. MACD remains on the bearish side. No recent matched news was found for this ticker/date. Relative strength versus the benchmark looked weak. 1-month excess return -11.61%; 3-month excess return 1.31%; 6-month excess return -10.80%."
2024-02-01,IQV,-1.537626874902007,,2.697584886852078,miss,linear_regression,target_5d_return,regression,3,"Technical state is mixed, with price not fully aligned across the major moving averages. MACD remains on the bearish side.",No recent matched news was found for this ticker/date.,Relative strength versus the benchmark looked weak. 1-month excess return -11.89%; 3-month excess return -0.20%; 6-month excess return -12.28%.,"Model view: the forward return estimate was mildly negative at about -1.54%. Confidence was not explicitly available for this prediction. Technical state is mixed, with price not fully aligned across the major moving averages. MACD remains on the bearish side. No recent matched news was found for this ticker/date. Relative strength versus the benchmark looked weak. 1-month excess return -11.89%; 3-month excess return -0.20%; 6-month excess return -12.28%."
2024-02-02,IQV,-1.1683780275485427,,3.534992620755495,miss,linear_regression,target_5d_return,regression,3,"Technical state is mixed, with price not fully aligned across the major moving averages. MACD remains on the bearish side.",No recent matched news was found for this ticker/date.,Relative strength versus the benchmark looked weak. 1-month excess return -9.66%; 3-month excess return 0.11%; 6-month excess return -12.72%.,"Model view: the forward return estimate was mildly negative at about -1.17%. Confidence was not explicitly available for this prediction. Technical state is mixed, with price not fully aligned across the major moving averages. MACD remains on the bearish side. No recent matched news was found for this ticker/date. Relative strength versus the benchmark looked weak. 1-month excess return -9.66%; 3-month excess return 0.11%; 6-month excess return -12.72%."
2024-02-05,IQV,-0.6300698747463158,,3.4027800960975574,miss,linear_regression,target_5d_return,regression,3,"Technical state is mixed, with price not fully aligned across the major moving averages. MACD remains on the bearish side.",No recent matched news was found for this ticker/date.,Relative strength versus the benchmark looked weak. 1-month excess return -9.66%; 3-month excess return -3.73%; 6-month excess return -13.16%.,"Model view: the forward return estimate was mildly negative at about -0.63%. Confidence was not explicitly available for this prediction. Technical state is mixed, with price not fully aligned across the major moving averages. MACD remains on the bearish side. No recent matched news was found for this ticker/date. Relative strength versus the benchmark looked weak. 1-month excess return -9.66%; 3-month excess return -3.73%; 6-month excess return -13.16%."
2024-02-06,IQV,-2.702413976480135,,-0.06499205573945455,hit,linear_regression,target_5d_return,regression,3,"Technical state is mixed, with price not fully aligned across the major moving averages. MACD remains on the bearish side.",No recent matched news was found for this ticker/date.,Relative strength versus the benchmark looked weak. 1-month excess return -7.91%; 3-month excess return -4.43%; 6-month excess return -11.42%.,"Model view: the forward return estimate was mildly negative at about -2.70%. Confidence was not explicitly available for this prediction. Technical state is mixed, with price not fully aligned across the major moving averages. MACD remains on the bearish side. No recent matched news was found for this ticker/date. Relative strength versus the benchmark looked weak. 1-month excess return -7.91%; 3-month excess return -4.43%; 6-month excess return -11.42%."
2024-02-07,IQV,-1.6694011617268572,,13.590559569148851,miss,linear_regression,target_5d_return,regression,3,"Technical state is mixed, with price not fully aligned across the major moving averages. MACD remains on the bearish side.",No recent matched news was found for this ticker/date.,Relative strength versus the benchmark looked weak. 1-month excess return -9.30%; 3-month excess return -6.35%; 6-month excess return -13.09%.,"Model view: the forward return estimate was mildly negative at about -1.67%. Confidence was not explicitly available for this prediction. Technical state is mixed, with price not fully aligned across the major moving averages. MACD remains on the bearish side. No recent matched news was found for this ticker/date. Relative strength versus the benchmark looked weak. 1-month excess return -9.30%; 3-month excess return -6.35%; 6-month excess return -13.09%."
2024-02-08,IQV,-2.3992505828349566,,11.276498258388546,miss,linear_regression,target_5d_return,regression,3,"Technical state is mixed, with price not fully aligned across the major moving averages. RSI is in a steady zone near 52.3. MACD remains on the bullish side.",No recent matched news was found for this ticker/date.,Relative strength versus the benchmark looked weak. 1-month excess return -7.43%; 3-month excess return -5.68%; 6-month excess return -12.62%.,"Model view: the forward return estimate was mildly negative at about -2.40%. Confidence was not explicitly available for this prediction. Technical state is mixed, with price not fully aligned across the major moving averages. RSI is in a steady zone near 52.3. MACD remains on the bullish side. No recent matched news was found for this ticker/date. Relative strength versus the benchmark looked weak. 1-month excess return -7.43%; 3-month excess return -5.68%; 6-month excess return -12.62%."
2024-02-09,IQV,-3.225379412565478,,9.349225224834633,miss,linear_regression,target_5d_return,regression,3,"Technical state is mixed, with price not fully aligned across the major moving averages. RSI is in a steady zone near 54.0. MACD remains on the bullish side.",No recent matched news was found for this ticker/date.,Relative strength versus the benchmark looked weak. 1-month excess return -4.70%; 3-month excess return -5.46%; 6-month excess return -14.03%.,"Model view: the forward return estimate was mildly negative at about -3.23%. Confidence was not explicitly available for this prediction. Technical state is mixed, with price not fully aligned across the major moving averages. RSI is in a steady zone near 54.0. MACD remains on the bullish side. No recent matched news was found for this ticker/date. Relative strength versus the benchmark looked weak. 1-month excess return -4.70%; 3-month excess return -5.46%; 6-month excess return -14.03%."
2024-02-12,IQV,-3.5751186634898646,,7.747378945168637,miss,linear_regression,target_5d_return,regression,3,"Technical state is mixed, with price not fully aligned across the major moving averages. RSI is in a steady zone near 53.5. MACD remains on the bullish side.",No recent matched news was found for this ticker/date.,Relative strength versus the benchmark looked weak. 1-month excess return -3.34%; 3-month excess return -1.98%; 6-month excess return -13.36%.,"Model view: the forward return estimate was mildly negative at about -3.58%. Confidence was not explicitly available for this prediction. Technical state is mixed, with price not fully aligned across the major moving averages. RSI is in a steady zone near 53.5. MACD remains on the bullish side. No recent matched news was found for this ticker/date. Relative strength versus the benchmark looked weak. 1-month excess return -3.34%; 3-month excess return -1.98%; 6-month excess return -13.36%."
2024-02-13,IQV,-2.786577472114847,,10.224366641893369,miss,linear_regression,target_5d_return,regression,3,"Technical state is mixed, with price not fully aligned across the major moving averages. MACD remains on the bullish side.",No recent matched news was found for this ticker/date.,Relative strength versus the benchmark looked weak. 1-month excess return -2.98%; 3-month excess return -2.29%; 6-month excess return -12.47%.,"Model view: the forward return estimate was mildly negative at about -2.79%. Confidence was not explicitly available for this prediction. Technical state is mixed, with price not fully aligned across the major moving averages. MACD remains on the bullish side. No recent matched news was found for this ticker/date. Relative strength versus the benchmark looked weak. 1-month excess return -2.98%; 3-month excess return -2.29%; 6-month excess return -12.47%."
2024-02-14,IQV,-8.567645318751174,,1.5854111763249579,miss,linear_regression,target_5d_return,regression,3,"Technical state is constructive, with price above the 50-day and 200-day averages. RSI is elevated near 74.3, so chasing strength may add risk. MACD remains on the bullish side. Volatility is elevated at roughly 51.1%.",No recent matched news was found for this ticker/date.,Relative strength versus the benchmark looked mixed. 1-month excess return 9.47%; 3-month excess return 12.40%; 6-month excess return -0.74%.,"Model view: the forward return estimate was mildly negative at about -8.57%. Confidence was not explicitly available for this prediction. Technical state is constructive, with price above the 50-day and 200-day averages. RSI is elevated near 74.3, so chasing strength may add risk. MACD remains on the bullish side. Volatility is elevated at roughly 51.1%. No recent matched news was found for this ticker/date. Relative strength versus the benchmark looked mixed. 1-month excess return 9.47%; 3-month excess return 12.40%; 6-month excess return -0.74%."
2024-02-15,IQV,-10.139234734333142,,2.3978106004318045,miss,linear_regression,target_5d_return,regression,3,"Technical state is constructive, with price above the 50-day and 200-day averages. RSI is elevated near 71.6, so chasing strength may add risk. MACD remains on the bullish side. Volatility is elevated at roughly 51.4%.",No recent matched news was found for this ticker/date.,Relative strength versus the benchmark looked mixed. 1-month excess return 8.20%; 3-month excess return 8.52%; 6-month excess return -2.00%.,"Model view: the forward return estimate was mildly negative at about -10.14%. Confidence was not explicitly available for this prediction. Technical state is constructive, with price above the 50-day and 200-day averages. RSI is elevated near 71.6, so chasing strength may add risk. MACD remains on the bullish side. Volatility is elevated at roughly 51.4%. No recent matched news was found for this ticker/date. Relative strength versus the benchmark looked mixed. 1-month excess return 8.20%; 3-month excess return 8.52%; 6-month excess return -2.00%."
2024-02-16,IQV,-9.507042745887501,,3.721705530959163,miss,linear_regression,target_5d_return,regression,3,"Technical state is constructive, with price above the 50-day and 200-day averages. MACD remains on the bullish side. Volatility is elevated at roughly 51.8%.",No recent matched news was found for this ticker/date.,Relative strength versus the benchmark looked mixed. 1-month excess return 7.10%; 3-month excess return 4.81%; 6-month excess return -3.17%.,"Model view: the forward return estimate was mildly negative at about -9.51%. Confidence was not explicitly available for this prediction. Technical state is constructive, with price above the 50-day and 200-day averages. MACD remains on the bullish side. Volatility is elevated at roughly 51.8%. No recent matched news was found for this ticker/date. Relative strength versus the benchmark looked mixed. 1-month excess return 7.10%; 3-month excess return 4.81%; 6-month excess return -3.17%."
2024-02-20,IQV,-9.035901525521835,,5.997615505415554,miss,linear_regression,target_5d_return,regression,3,"Technical state is constructive, with price above the 50-day and 200-day averages. RSI is in a steady zone near 62.9. MACD remains on the bullish side. Volatility is elevated at roughly 52.3%.",No recent matched news was found for this ticker/date.,Relative strength versus the benchmark looked mixed. 1-month excess return 6.01%; 3-month excess return 4.29%; 6-month excess return -4.11%.,"Model view: the forward return estimate was mildly negative at about -9.04%. Confidence was not explicitly available for this prediction. Technical state is constructive, with price above the 50-day and 200-day averages. RSI is in a steady zone near 62.9. MACD remains on the bullish side. Volatility is elevated at roughly 52.3%. No recent matched news was found for this ticker/date. Relative strength versus the benchmark looked mixed. 1-month excess return 6.01%; 3-month excess return 4.29%; 6-month excess return -4.11%."
2024-02-21,IQV,-8.413115123894583,,5.491402076167651,miss,linear_regression,target_5d_return,regression,3,"Technical state is constructive, with price above the 50-day and 200-day averages. RSI is in a steady zone near 64.7. MACD remains on the bullish side. Volatility is elevated at roughly 51.6%.",No recent matched news was found for this ticker/date.,Relative strength versus the benchmark looked mixed. 1-month excess return 6.12%; 3-month excess return 5.57%; 6-month excess return -2.49%.,"Model view: the forward return estimate was mildly negative at about -8.41%. Confidence was not explicitly available for this prediction. Technical state is constructive, with price above the 50-day and 200-day averages. RSI is in a steady zone near 64.7. MACD remains on the bullish side. Volatility is elevated at roughly 51.6%. No recent matched news was found for this ticker/date. Relative strength versus the benchmark looked mixed. 1-month excess return 6.12%; 3-month excess return 5.57%; 6-month excess return -2.49%."
2024-02-22,IQV,-12.27684922831517,,-0.068733339136684,hit,linear_regression,target_5d_return,regression,3,"Technical state is constructive, with price above the 50-day and 200-day averages. RSI is elevated near 70.7, so chasing strength may add risk. MACD remains on the bullish side. Volatility is elevated at roughly 53.1%.",No recent matched news was found for this ticker/date.,Relative strength versus the benchmark looked mixed. 1-month excess return 11.13%; 3-month excess return 8.71%; 6-month excess return -0.32%.,"Model view: the forward return estimate was mildly negative at about -12.28%. Confidence was not explicitly available for this prediction. Technical state is constructive, with price above the 50-day and 200-day averages. RSI is elevated near 70.7, so chasing strength may add risk. MACD remains on the bullish side. Volatility is elevated at roughly 53.1%. No recent matched news was found for this ticker/date. Relative strength versus the benchmark looked mixed. 1-month excess return 11.13%; 3-month excess return 8.71%; 6-month excess return -0.32%."
2024-02-23,IQV,-11.282459466790412,,2.0990061298665763,miss,linear_regression,target_5d_return,regression,3,"Technical state is constructive, with price above the 50-day and 200-day averages. RSI is elevated near 70.7, so chasing strength may add risk. MACD remains on the bullish side. Volatility is elevated at roughly 53.1%.",No recent matched news was found for this ticker/date.,Relative strength versus the benchmark looked mixed. 1-month excess return 11.49%; 3-month excess return 7.08%; 6-month excess return -0.30%.,"Model view: the forward return estimate was mildly negative at about -11.28%. Confidence was not explicitly available for this prediction. Technical state is constructive, with price above the 50-day and 200-day averages. RSI is elevated near 70.7, so chasing strength may add risk. MACD remains on the bullish side. Volatility is elevated at roughly 53.1%. No recent matched news was found for this ticker/date. Relative strength versus the benchmark looked mixed. 1-month excess return 11.49%; 3-month excess return 7.08%; 6-month excess return -0.30%."
2024-02-26,IQV,-10.435018453990294,,1.6486188384884803,miss,linear_regression,target_5d_return,regression,3,"Technical state is constructive, with price above the 50-day and 200-day averages. RSI is elevated near 70.8, so chasing strength may add risk. MACD remains on the bullish side. Volatility is elevated at roughly 53.2%.",No recent matched news was found for this ticker/date.,Relative strength versus the benchmark looked mixed. 1-month excess return 11.15%; 3-month excess return 6.89%; 6-month excess return -0.99%.,"Model view: the forward return estimate was mildly negative at about -10.44%. Confidence was not explicitly available for this prediction. Technical state is constructive, with price above the 50-day and 200-day averages. RSI is elevated near 70.8, so chasing strength may add risk. MACD remains on the bullish side. Volatility is elevated at roughly 53.2%. No recent matched news was found for this ticker/date. Relative strength versus the benchmark looked mixed. 1-month excess return 11.15%; 3-month excess return 6.89%; 6-month excess return -0.99%."
2024-02-27,IQV,-10.608119609315706,,0.5465361800218282,miss,linear_regression,target_5d_return,regression,3,"Technical state is constructive, with price above the 50-day and 200-day averages. RSI is elevated near 71.6, so chasing strength may add risk. MACD remains on the bullish side. Volatility is elevated at roughly 53.2%.",No recent matched news was found for this ticker/date.,Relative strength versus the benchmark looked mixed. 1-month excess return 11.21%; 3-month excess return 6.00%; 6-month excess return -1.65%.,"Model view: the forward return estimate was mildly negative at about -10.61%. Confidence was not explicitly available for this prediction. Technical state is constructive, with price above the 50-day and 200-day averages. RSI is elevated near 71.6, so chasing strength may add risk. MACD remains on the bullish side. Volatility is elevated at roughly 53.2%. No recent matched news was found for this ticker/date. Relative strength versus the benchmark looked mixed. 1-month excess return 11.21%; 3-month excess return 6.00%; 6-month excess return -1.65%."
2024-02-28,IQV,-11.238918681902389,,1.0626837473747708,miss,linear_regression,target_5d_return,regression,3,"Technical state is constructive, with price above the 50-day and 200-day averages. RSI is elevated near 72.5, so chasing strength may add risk. MACD remains on the bullish side. Volatility is elevated at roughly 53.0%.",No recent matched news was found for this ticker/date.,Relative strength versus the benchmark looked mixed. 1-month excess return 11.77%; 3-month excess return 7.39%; 6-month excess return -1.48%.,"Model view: the forward return estimate was mildly negative at about -11.24%. Confidence was not explicitly available for this prediction. Technical state is constructive, with price above the 50-day and 200-day averages. RSI is elevated near 72.5, so chasing strength may add risk. MACD remains on the bullish side. Volatility is elevated at roughly 53.0%. No recent matched news was found for this ticker/date. Relative strength versus the benchmark looked mixed. 1-month excess return 11.77%; 3-month excess return 7.39%; 6-month excess return -1.48%."
2024-02-29,IQV,-9.11842665930473,,4.624531682483357,miss,linear_regression,target_5d_return,regression,3,"Technical state is constructive, with price above the 50-day and 200-day averages. MACD remains on the bullish side. Volatility is elevated at roughly 50.5%.",No recent matched news was found for this ticker/date.,Relative strength versus the benchmark looked mixed. 1-month excess return 10.36%; 3-month excess return 5.45%; 6-month excess return -3.38%.,"Model view: the forward return estimate was mildly negative at about -9.12%. Confidence was not explicitly available for this prediction. Technical state is constructive, with price above the 50-day and 200-day averages. MACD remains on the bullish side. Volatility is elevated at roughly 50.5%. No recent matched news was found for this ticker/date. Relative strength versus the benchmark looked mixed. 1-month excess return 10.36%; 3-month excess return 5.45%; 6-month excess return -3.38%."
2024-03-01,IQV,-11.488250183749726,,1.8736366744772859,miss,linear_regression,target_5d_return,regression,3,"Technical state is constructive, with price above the 50-day and 200-day averages. RSI is elevated near 71.1, so chasing strength may add risk. MACD remains on the bullish side. Volatility is elevated at roughly 50.6%.",No recent matched news was found for this ticker/date.,Relative strength versus the benchmark looked mixed. 1-month excess return 15.02%; 3-month excess return 5.23%; 6-month excess return -1.35%.,"Model view: the forward return estimate was mildly negative at about -11.49%. Confidence was not explicitly available for this prediction. Technical state is constructive, with price above the 50-day and 200-day averages. RSI is elevated near 71.1, so chasing strength may add risk. MACD remains on the bullish side. Volatility is elevated at roughly 50.6%. No recent matched news was found for this ticker/date. Relative strength versus the benchmark looked mixed. 1-month excess return 15.02%; 3-month excess return 5.23%; 6-month excess return -1.35%."
2024-03-04,IQV,-11.201100000287822,,2.790582398553565,miss,linear_regression,target_5d_return,regression,3,"Technical state is constructive, with price above the 50-day and 200-day averages. MACD remains on the bullish side. Volatility is elevated at roughly 50.6%.",No recent matched news was found for this ticker/date.,Relative strength versus the benchmark looked mixed. 1-month excess return 14.34%; 3-month excess return 5.22%; 6-month excess return -0.79%.,"Model view: the forward return estimate was mildly negative at about -11.20%. Confidence was not explicitly available for this prediction. Technical state is constructive, with price above the 50-day and 200-day averages. MACD remains on the bullish side. Volatility is elevated at roughly 50.6%. No recent matched news was found for this ticker/date. Relative strength versus the benchmark looked mixed. 1-month excess return 14.34%; 3-month excess return 5.22%; 6-month excess return -0.79%."
2024-03-05,IQV,-9.658693962948488,,3.5571579791483954,miss,linear_regression,target_5d_return,regression,3,"Technical state is constructive, with price above the 50-day and 200-day averages. MACD remains on the bullish side. Volatility is elevated at roughly 50.8%.",No recent matched news was found for this ticker/date.,Relative strength versus the benchmark looked mixed. 1-month excess return 16.11%; 3-month excess return 4.85%; 6-month excess return -0.87%.,"Model view: the forward return estimate was mildly negative at about -9.66%. Confidence was not explicitly available for this prediction. Technical state is constructive, with price above the 50-day and 200-day averages. MACD remains on the bullish side. Volatility is elevated at roughly 50.8%. No recent matched news was found for this ticker/date. Relative strength versus the benchmark looked mixed. 1-month excess return 16.11%; 3-month excess return 4.85%; 6-month excess return -0.87%."
2024-03-06,IQV,-11.766503128433138,,1.0594112593781846,miss,linear_regression,target_5d_return,regression,3,"Technical state is constructive, with price above the 50-day and 200-day averages. MACD remains on the bullish side. Volatility is elevated at roughly 50.6%.",No recent matched news was found for this ticker/date.,Relative strength versus the benchmark looked favorable. 1-month excess return 16.52%; 3-month excess return 5.32%; 6-month excess return 1.03%.,"Model view: the forward return estimate was mildly negative at about -11.77%. Confidence was not explicitly available for this prediction. Technical state is constructive, with price above the 50-day and 200-day averages. MACD remains on the bullish side. Volatility is elevated at roughly 50.6%. No recent matched news was found for this ticker/date. Relative strength versus the benchmark looked favorable. 1-month excess return 16.52%; 3-month excess return 5.32%; 6-month excess return 1.03%."
2024-03-07,IQV,-12.707677430154641,,-1.674466101695915,hit,linear_regression,target_5d_return,regression,3,"Technical state is constructive, with price above the 50-day and 200-day averages. RSI is elevated near 73.3, so chasing strength may add risk. MACD remains on the bullish side. Volatility is elevated at roughly 50.5%.",No recent matched news was found for this ticker/date.,Relative strength versus the benchmark looked favorable. 1-month excess return 15.81%; 3-month excess return 7.88%; 6-month excess return 2.76%.,"Model view: the forward return estimate was mildly negative at about -12.71%. Confidence was not explicitly available for this prediction. Technical state is constructive, with price above the 50-day and 200-day averages. RSI is elevated near 73.3, so chasing strength may add risk. MACD remains on the bullish side. Volatility is elevated at roughly 50.5%. No recent matched news was found for this ticker/date. Relative strength versus the benchmark looked favorable. 1-month excess return 15.81%; 3-month excess return 7.88%; 6-month excess return 2.76%."
2024-03-08,IQV,-12.900869621876874,,-1.7380768680358538,hit,linear_regression,target_5d_return,regression,3,"Technical state is constructive, with price above the 50-day and 200-day averages. RSI is elevated near 71.0, so chasing strength may add risk. MACD remains on the bullish side. Volatility is elevated at roughly 50.8%.",No recent matched news was found for this ticker/date.,Relative strength versus the benchmark looked favorable. 1-month excess return 17.23%; 3-month excess return 6.72%; 6-month excess return 2.38%.,"Model view: the forward return estimate was mildly negative at about -12.90%. Confidence was not explicitly available for this prediction. Technical state is constructive, with price above the 50-day and 200-day averages. RSI is elevated near 71.0, so chasing strength may add risk. MACD remains on the bullish side. Volatility is elevated at roughly 50.8%. No recent matched news was found for this ticker/date. Relative strength versus the benchmark looked favorable. 1-month excess return 17.23%; 3-month excess return 6.72%; 6-month excess return 2.38%."
2024-03-11,IQV,-14.66784420730202,,-1.8214833705863076,hit,linear_regression,target_5d_return,regression,3,"Technical state is constructive, with price above the 50-day and 200-day averages. RSI is elevated near 72.0, so chasing strength may add risk. MACD remains on the bullish side. Volatility is elevated at roughly 50.8%.",No recent matched news was found for this ticker/date.,Relative strength versus the benchmark looked favorable. 1-month excess return 16.56%; 3-month excess return 8.67%; 6-month excess return 6.29%.,"Model view: the forward return estimate was mildly negative at about -14.67%. Confidence was not explicitly available for this prediction. Technical state is constructive, with price above the 50-day and 200-day averages. RSI is elevated near 72.0, so chasing strength may add risk. MACD remains on the bullish side. Volatility is elevated at roughly 50.8%. No recent matched news was found for this ticker/date. Relative strength versus the benchmark looked favorable. 1-month excess return 16.56%; 3-month excess return 8.67%; 6-month excess return 6.29%."
2024-03-12,IQV,-15.45425515823778,,-1.9066006657802337,hit,linear_regression,target_5d_return,regression,3,"Technical state is constructive, with price above the 50-day and 200-day averages. RSI is elevated near 72.3, so chasing strength may add risk. MACD remains on the bullish side. Volatility is elevated at roughly 50.7%.",No recent matched news was found for this ticker/date.,Relative strength versus the benchmark looked favorable. 1-month excess return 15.63%; 3-month excess return 8.03%; 6-month excess return 5.05%.,"Model view: the forward return estimate was mildly negative at about -15.45%. Confidence was not explicitly available for this prediction. Technical state is constructive, with price above the 50-day and 200-day averages. RSI is elevated near 72.3, so chasing strength may add risk. MACD remains on the bullish side. Volatility is elevated at roughly 50.7%. No recent matched news was found for this ticker/date. Relative strength versus the benchmark looked favorable. 1-month excess return 15.63%; 3-month excess return 8.03%; 6-month excess return 5.05%."
2024-03-13,IQV,-13.218224911024246,,-1.146095343529574,hit,linear_regression,target_5d_return,regression,3,"Technical state is constructive, with price above the 50-day and 200-day averages. MACD remains on the bullish side. Volatility is elevated at roughly 50.8%.",No recent matched news was found for this ticker/date.,Relative strength versus the benchmark looked favorable. 1-month excess return 14.33%; 3-month excess return 6.47%; 6-month excess return 2.21%.,"Model view: the forward return estimate was mildly negative at about -13.22%. Confidence was not explicitly available for this prediction. Technical state is constructive, with price above the 50-day and 200-day averages. MACD remains on the bullish side. Volatility is elevated at roughly 50.8%. No recent matched news was found for this ticker/date. Relative strength versus the benchmark looked favorable. 1-month excess return 14.33%; 3-month excess return 6.47%; 6-month excess return 2.21%."
2024-03-14,IQV,-11.114498887018764,,0.11799066240825162,miss,linear_regression,target_5d_return,regression,3,"Technical state is constructive, with price above the 50-day and 200-day averages. RSI is in a steady zone near 63.8. MACD remains on the bearish side.",No recent matched news was found for this ticker/date.,Relative strength versus the benchmark looked favorable. 1-month excess return 13.86%; 3-month excess return 6.02%; 6-month excess return 2.05%.,"Model view: the forward return estimate was mildly negative at about -11.11%. Confidence was not explicitly available for this prediction. Technical state is constructive, with price above the 50-day and 200-day averages. RSI is in a steady zone near 63.8. MACD remains on the bearish side. No recent matched news was found for this ticker/date. Relative strength versus the benchmark looked favorable. 1-month excess return 13.86%; 3-month excess return 6.02%; 6-month excess return 2.05%."
2024-03-15,IQV,-12.513314858297415,,-0.11871435391851426,hit,linear_regression,target_5d_return,regression,3,"Technical state is constructive, with price above the 50-day and 200-day averages. RSI is in a steady zone near 61.2. MACD remains on the bearish side.",No recent matched news was found for this ticker/date.,Relative strength versus the benchmark looked favorable. 1-month excess return 1.24%; 3-month excess return 3.17%; 6-month excess return 5.11%.,"Model view: the forward return estimate was mildly negative at about -12.51%. Confidence was not explicitly available for this prediction. Technical state is constructive, with price above the 50-day and 200-day averages. RSI is in a steady zone near 61.2. MACD remains on the bearish side. No recent matched news was found for this ticker/date. Relative strength versus the benchmark looked favorable. 1-month excess return 1.24%; 3-month excess return 3.17%; 6-month excess return 5.11%."
2024-03-18,IQV,-10.87948460418266,,-1.9655691221294624,hit,linear_regression,target_5d_return,regression,3,"Technical state is constructive, with price above the 50-day and 200-day averages. RSI is in a steady zone near 62.4. MACD remains on the bearish side.",No recent matched news was found for this ticker/date.,Relative strength versus the benchmark looked favorable. 1-month excess return 2.63%; 3-month excess return 1.08%; 6-month excess return 4.20%.,"Model view: the forward return estimate was mildly negative at about -10.88%. Confidence was not explicitly available for this prediction. Technical state is constructive, with price above the 50-day and 200-day averages. RSI is in a steady zone near 62.4. MACD remains on the bearish side. No recent matched news was found for this ticker/date. Relative strength versus the benchmark looked favorable. 1-month excess return 2.63%; 3-month excess return 1.08%; 6-month excess return 4.20%."
2024-03-19,IQV,-11.623202573310683,,-2.5259671374101456,hit,linear_regression,target_5d_return,regression,3,"Technical state is constructive, with price above the 50-day and 200-day averages. RSI is in a steady zone near 62.8. MACD remains on the bearish side.",No recent matched news was found for this ticker/date.,Relative strength versus the benchmark looked favorable. 1-month excess return 2.91%; 3-month excess return 2.29%; 6-month excess return 5.17%.,"Model view: the forward return estimate was mildly negative at about -11.62%. Confidence was not explicitly available for this prediction. Technical state is constructive, with price above the 50-day and 200-day averages. RSI is in a steady zone near 62.8. MACD remains on the bearish side. No recent matched news was found for this ticker/date. Relative strength versus the benchmark looked favorable. 1-month excess return 2.91%; 3-month excess return 2.29%; 6-month excess return 5.17%."
2024-03-20,IQV,-11.368966868258122,,-0.05935181060456873,hit,linear_regression,target_5d_return,regression,3,"Technical state is constructive, with price above the 50-day and 200-day averages. RSI is in a steady zone near 60.0. MACD remains on the bearish side.",No recent matched news was found for this ticker/date.,Relative strength versus the benchmark looked favorable. 1-month excess return 2.56%; 3-month excess return 1.69%; 6-month excess return 3.51%.,"Model view: the forward return estimate was mildly negative at about -11.37%. Confidence was not explicitly available for this prediction. Technical state is constructive, with price above the 50-day and 200-day averages. RSI is in a steady zone near 60.0. MACD remains on the bearish side. No recent matched news was found for this ticker/date. Relative strength versus the benchmark looked favorable. 1-month excess return 2.56%; 3-month excess return 1.69%; 6-month excess return 3.51%."
2024-03-21,IQV,-11.657163812501787,,-0.6560332279076597,hit,linear_regression,target_5d_return,regression,3,"Technical state is constructive, with price above the 50-day and 200-day averages. RSI is in a steady zone near 62.3. MACD remains on the bearish side.",No recent matched news was found for this ticker/date.,Relative strength versus the benchmark looked favorable. 1-month excess return 1.95%; 3-month excess return 1.38%; 6-month excess return 4.94%.,"Model view: the forward return estimate was mildly negative at about -11.66%. Confidence was not explicitly available for this prediction. Technical state is constructive, with price above the 50-day and 200-day averages. RSI is in a steady zone near 62.3. MACD remains on the bearish side. No recent matched news was found for this ticker/date. Relative strength versus the benchmark looked favorable. 1-month excess return 1.95%; 3-month excess return 1.38%; 6-month excess return 4.94%."
2024-03-22,IQV,-11.980415330403824,,-1.4024834569000388,hit,linear_regression,target_5d_return,regression,3,"Technical state is constructive, with price above the 50-day and 200-day averages. RSI is in a steady zone near 58.1. MACD remains on the bearish side.",No recent matched news was found for this ticker/date.,Relative strength versus the benchmark looked favorable. 1-month excess return -0.65%; 3-month excess return 0.77%; 6-month excess return 6.30%.,"Model view: the forward return estimate was mildly negative at about -11.98%. Confidence was not explicitly available for this prediction. Technical state is constructive, with price above the 50-day and 200-day averages. RSI is in a steady zone near 58.1. MACD remains on the bearish side. No recent matched news was found for this ticker/date. Relative strength versus the benchmark looked favorable. 1-month excess return -0.65%; 3-month excess return 0.77%; 6-month excess return 6.30%."
2024-03-25,IQV,-11.363586070440958,,-1.354070359152948,hit,linear_regression,target_5d_return,regression,3,"Technical state is constructive, with price above the 50-day and 200-day averages. RSI is in a steady zone near 52.0. MACD remains on the bearish side.",No recent matched news was found for this ticker/date.,Relative strength versus the benchmark looked mixed. 1-month excess return -1.74%; 3-month excess return -1.53%; 6-month excess return 4.82%.,"Model view: the forward return estimate was mildly negative at about -11.36%. Confidence was not explicitly available for this prediction. Technical state is constructive, with price above the 50-day and 200-day averages. RSI is in a steady zone near 52.0. MACD remains on the bearish side. No recent matched news was found for this ticker/date. Relative strength versus the benchmark looked mixed. 1-month excess return -1.74%; 3-month excess return -1.53%; 6-month excess return 4.82%."
2024-03-26,IQV,-10.941709701972824,,-1.9213730766452053,hit,linear_regression,target_5d_return,regression,3,"Technical state is constructive, with price above the 50-day and 200-day averages. RSI is in a steady zone near 50.2. MACD remains on the bearish side.",No recent matched news was found for this ticker/date.,Relative strength versus the benchmark looked mixed. 1-month excess return -2.37%; 3-month excess return -1.49%; 6-month excess return 2.84%.,"Model view: the forward return estimate was mildly negative at about -10.94%. Confidence was not explicitly available for this prediction. Technical state is constructive, with price above the 50-day and 200-day averages. RSI is in a steady zone near 50.2. MACD remains on the bearish side. No recent matched news was found for this ticker/date. Relative strength versus the benchmark looked mixed. 1-month excess return -2.37%; 3-month excess return -1.49%; 6-month excess return 2.84%."
2024-03-27,IQV,-11.671233582892993,,-5.558858192888683,hit,linear_regression,target_5d_return,regression,3,"Technical state is constructive, with price above the 50-day and 200-day averages. RSI is in a steady zone near 57.1. MACD remains on the bearish side.",No recent matched news was found for this ticker/date.,Relative strength versus the benchmark looked mixed. 1-month excess return -1.68%; 3-month excess return -0.67%; 6-month excess return 3.26%.,"Model view: the forward return estimate was mildly negative at about -11.67%. Confidence was not explicitly available for this prediction. Technical state is constructive, with price above the 50-day and 200-day averages. RSI is in a steady zone near 57.1. MACD remains on the bearish side. No recent matched news was found for this ticker/date. Relative strength versus the benchmark looked mixed. 1-month excess return -1.68%; 3-month excess return -0.67%; 6-month excess return 3.26%."
2024-03-28,IQV,-11.516365772690248,,-4.523706935433102,hit,linear_regression,target_5d_return,regression,3,"Technical state is constructive, with price above the 50-day and 200-day averages. RSI is in a steady zone near 57.5. MACD remains on the bearish side.",No recent matched news was found for this ticker/date.,Relative strength versus the benchmark looked mixed. 1-month excess return -2.30%; 3-month excess return -0.73%; 6-month excess return 2.70%.,"Model view: the forward return estimate was mildly negative at about -11.52%. Confidence was not explicitly available for this prediction. Technical state is constructive, with price above the 50-day and 200-day averages. RSI is in a steady zone near 57.5. MACD remains on the bearish side. No recent matched news was found for this ticker/date. Relative strength versus the benchmark looked mixed. 1-month excess return -2.30%; 3-month excess return -0.73%; 6-month excess return 2.70%."
2024-04-01,IQV,-12.41335636733932,,-2.961383558398478,hit,linear_regression,target_5d_return,regression,3,"Technical state is constructive, with price above the 50-day and 200-day averages. RSI is in a steady zone near 50.8. MACD remains on the bearish side.",No recent matched news was found for this ticker/date.,Relative strength versus the benchmark looked weak. 1-month excess return -2.12%; 3-month excess return -2.68%; 6-month excess return 3.93%.,"Model view: the forward return estimate was mildly negative at about -12.41%. Confidence was not explicitly available for this prediction. Technical state is constructive, with price above the 50-day and 200-day averages. RSI is in a steady zone near 50.8. MACD remains on the bearish side. No recent matched news was found for this ticker/date. Relative strength versus the benchmark looked weak. 1-month excess return -2.12%; 3-month excess return -2.68%; 6-month excess return 3.93%."
2024-04-02,IQV,-11.474607594041588,,-0.07331378754775741,hit,linear_regression,target_5d_return,regression,3,"Technical state is constructive, with price above the 50-day and 200-day averages. MACD remains on the bearish side.",No recent matched news was found for this ticker/date.,Relative strength versus the benchmark looked weak. 1-month excess return -3.92%; 3-month excess return -3.08%; 6-month excess return 3.33%.,"Model view: the forward return estimate was mildly negative at about -11.47%. Confidence was not explicitly available for this prediction. Technical state is constructive, with price above the 50-day and 200-day averages. MACD remains on the bearish side. No recent matched news was found for this ticker/date. Relative strength versus the benchmark looked weak. 1-month excess return -3.92%; 3-month excess return -3.08%; 6-month excess return 3.33%."
2024-04-03,IQV,-11.21424246640733,,-1.469253489259592,hit,linear_regression,target_5d_return,regression,3,"Technical state is constructive, with price above the 50-day and 200-day averages. MACD remains on the bearish side.",No recent matched news was found for this ticker/date.,Relative strength versus the benchmark looked weak. 1-month excess return -4.79%; 3-month excess return -4.52%; 6-month excess return 3.76%.,"Model view: the forward return estimate was mildly negative at about -11.21%. Confidence was not explicitly available for this prediction. Technical state is constructive, with price above the 50-day and 200-day averages. MACD remains on the bearish side. No recent matched news was found for this ticker/date. Relative strength versus the benchmark looked weak. 1-month excess return -4.79%; 3-month excess return -4.52%; 6-month excess return 3.76%."
2024-04-04,IQV,-9.570489826872135,,-0.21380728187058162,hit,linear_regression,target_5d_return,regression,3,"Technical state is mixed, with price not fully aligned across the major moving averages. RSI is weak near 37.5. MACD remains on the bearish side.",No recent matched news was found for this ticker/date.,Relative strength versus the benchmark looked weak. 1-month excess return -5.81%; 3-month excess return -1.03%; 6-month excess return 3.35%.,"Model view: the forward return estimate was mildly negative at about -9.57%. Confidence was not explicitly available for this prediction. Technical state is mixed, with price not fully aligned across the major moving averages. RSI is weak near 37.5. MACD remains on the bearish side. No recent matched news was found for this ticker/date. Relative strength versus the benchmark looked weak. 1-month excess return -5.81%; 3-month excess return -1.03%; 6-month excess return 3.35%."
2024-04-05,IQV,-10.831968434971786,,-2.990267679419689,hit,linear_regression,target_5d_return,regression,3,"Technical state is constructive, with price above the 50-day and 200-day averages. MACD remains on the bearish side.",No recent matched news was found for this ticker/date.,Relative strength versus the benchmark looked weak. 1-month excess return -6.23%; 3-month excess return -1.25%; 6-month excess return 0.82%.,"Model view: the forward return estimate was mildly negative at about -10.83%. Confidence was not explicitly available for this prediction. Technical state is constructive, with price above the 50-day and 200-day averages. MACD remains on the bearish side. No recent matched news was found for this ticker/date. Relative strength versus the benchmark looked weak. 1-month excess return -6.23%; 3-month excess return -1.25%; 6-month excess return 0.82%."
2024-04-08,IQV,-10.392283991499202,,-4.2815719825634035,hit,linear_regression,target_5d_return,regression,3,"Technical state is constructive, with price above the 50-day and 200-day averages. MACD remains on the bearish side.",No recent matched news was found for this ticker/date.,Relative strength versus the benchmark looked weak. 1-month excess return -7.33%; 3-month excess return -1.35%; 6-month excess return -0.17%.,"Model view: the forward return estimate was mildly negative at about -10.39%. Confidence was not explicitly available for this prediction. Technical state is constructive, with price above the 50-day and 200-day averages. MACD remains on the bearish side. No recent matched news was found for this ticker/date. Relative strength versus the benchmark looked weak. 1-month excess return -7.33%; 3-month excess return -1.35%; 6-month excess return -0.17%."
2024-04-09,IQV,-10.55065171094199,,-6.599275392560999,hit,linear_regression,target_5d_return,regression,3,"Technical state is constructive, with price above the 50-day and 200-day averages. MACD remains on the bearish side.",No recent matched news was found for this ticker/date.,Relative strength versus the benchmark looked mixed. 1-month excess return -6.07%; 3-month excess return 0.06%; 6-month excess return 2.54%.,"Model view: the forward return estimate was mildly negative at about -10.55%. Confidence was not explicitly available for this prediction. Technical state is constructive, with price above the 50-day and 200-day averages. MACD remains on the bearish side. No recent matched news was found for this ticker/date. Relative strength versus the benchmark looked mixed. 1-month excess return -6.07%; 3-month excess return 0.06%; 6-month excess return 2.54%."
2024-04-10,IQV,-11.265618706942762,,-5.079154369535599,hit,linear_regression,target_5d_return,regression,3,"Technical state is mixed, with price not fully aligned across the major moving averages. MACD remains on the bearish side.",No recent matched news was found for this ticker/date.,Relative strength versus the benchmark looked weak. 1-month excess return -7.98%; 3-month excess return -0.67%; 6-month excess return 0.98%.,"Model view: the forward return estimate was mildly negative at about -11.27%. Confidence was not explicitly available for this prediction. Technical state is mixed, with price not fully aligned across the major moving averages. MACD remains on the bearish side. No recent matched news was found for this ticker/date. Relative strength versus the benchmark looked weak. 1-month excess return -7.98%; 3-month excess return -0.67%; 6-month excess return 0.98%."
2024-04-11,IQV,-8.745213044818017,,-4.558442949650421,hit,linear_regression,target_5d_return,regression,3,"Technical state is mixed, with price not fully aligned across the major moving averages. RSI is weak near 39.8. MACD remains on the bearish side.",No recent matched news was found for this ticker/date.,Relative strength versus the benchmark looked weak. 1-month excess return -8.35%; 3-month excess return 0.92%; 6-month excess return -1.12%.,"Model view: the forward return estimate was mildly negative at about -8.75%. Confidence was not explicitly available for this prediction. Technical state is mixed, with price not fully aligned across the major moving averages. RSI is weak near 39.8. MACD remains on the bearish side. No recent matched news was found for this ticker/date. Relative strength versus the benchmark looked weak. 1-month excess return -8.35%; 3-month excess return 0.92%; 6-month excess return -1.12%."
2024-04-12,IQV,-7.784653415686322,,-2.621354865578618,hit,linear_regression,target_5d_return,regression,3,"Technical state is mixed, with price not fully aligned across the major moving averages. RSI is weak near 35.9. MACD remains on the bearish side.",No recent matched news was found for this ticker/date.,Relative strength versus the benchmark looked weak. 1-month excess return -7.38%; 3-month excess return 2.22%; 6-month excess return -2.62%.,"Model view: the forward return estimate was mildly negative at about -7.78%. Confidence was not explicitly available for this prediction. Technical state is mixed, with price not fully aligned across the major moving averages. RSI is weak near 35.9. MACD remains on the bearish side. No recent matched news was found for this ticker/date. Relative strength versus the benchmark looked weak. 1-month excess return -7.38%; 3-month excess return 2.22%; 6-month excess return -2.62%."
2024-04-15,IQV,-5.793837941318,,0.07786497358095446,miss,linear_regression,target_5d_return,regression,3,"Technical state is mixed, with price not fully aligned across the major moving averages. RSI is weak near 33.1. MACD remains on the bearish side.",No recent matched news was found for this ticker/date.,Relative strength versus the benchmark looked mixed. 1-month excess return -7.04%; 3-month excess return 2.25%; 6-month excess return 0.64%.,"Model view: the forward return estimate was mildly negative at about -5.79%. Confidence was not explicitly available for this prediction. Technical state is mixed, with price not fully aligned across the major moving averages. RSI is weak near 33.1. MACD remains on the bearish side. No recent matched news was found for this ticker/date. Relative strength versus the benchmark looked mixed. 1-month excess return -7.04%; 3-month excess return 2.25%; 6-month excess return 0.64%."
2024-04-16,IQV,-6.873792269909374,,4.137206839831786,miss,linear_regression,target_5d_return,regression,3,"Technical state is mixed, with price not fully aligned across the major moving averages. RSI is weak near 31.4. MACD remains on the bearish side.",No recent matched news was found for this ticker/date.,Relative strength versus the benchmark looked weak. 1-month excess return -7.79%; 3-month excess return 1.71%; 6-month excess return -1.80%.,"Model view: the forward return estimate was mildly negative at about -6.87%. Confidence was not explicitly available for this prediction. Technical state is mixed, with price not fully aligned across the major moving averages. RSI is weak near 31.4. MACD remains on the bearish side. No recent matched news was found for this ticker/date. Relative strength versus the benchmark looked weak. 1-month excess return -7.79%; 3-month excess return 1.71%; 6-month excess return -1.80%."
2024-04-17,IQV,-6.786116528664949,,5.98019640831271,miss,linear_regression,target_5d_return,regression,3,"Technical state is mixed, with price not fully aligned across the major moving averages. RSI is weak near 29.8. MACD remains on the bearish side.",No recent matched news was found for this ticker/date.,Relative strength versus the benchmark looked weak. 1-month excess return -7.75%; 3-month excess return 1.78%; 6-month excess return -0.63%.,"Model view: the forward return estimate was mildly negative at about -6.79%. Confidence was not explicitly available for this prediction. Technical state is mixed, with price not fully aligned across the major moving averages. RSI is weak near 29.8. MACD remains on the bearish side. No recent matched news was found for this ticker/date. Relative strength versus the benchmark looked weak. 1-month excess return -7.75%; 3-month excess return 1.78%; 6-month excess return -0.63%."
2024-04-18,IQV,-7.926026006251235,,2.9977539347115556,miss,linear_regression,target_5d_return,regression,3,"Technical state is mixed, with price not fully aligned across the major moving averages. RSI is weak near 29.8. MACD remains on the bearish side.",No recent matched news was found for this ticker/date.,Relative strength versus the benchmark looked weak. 1-month excess return -7.12%; 3-month excess return 1.76%; 6-month excess return -0.41%.,"Model view: the forward return estimate was mildly negative at about -7.93%. Confidence was not explicitly available for this prediction. Technical state is mixed, with price not fully aligned across the major moving averages. RSI is weak near 29.8. MACD remains on the bearish side. No recent matched news was found for this ticker/date. Relative strength versus the benchmark looked weak. 1-month excess return -7.12%; 3-month excess return 1.76%; 6-month excess return -0.41%."
2024-04-19,IQV,-8.023881665173146,,2.9768988793630546,miss,linear_regression,target_5d_return,regression,3,"Technical state is mixed, with price not fully aligned across the major moving averages. RSI is weak near 31.7. MACD remains on the bearish side.",No recent matched news was found for this ticker/date.,Relative strength versus the benchmark looked mixed. 1-month excess return -4.61%; 3-month excess return 3.23%; 6-month excess return 5.56%.,"Model view: the forward return estimate was mildly negative at about -8.02%. Confidence was not explicitly available for this prediction. Technical state is mixed, with price not fully aligned across the major moving averages. RSI is weak near 31.7. MACD remains on the bearish side. No recent matched news was found for this ticker/date. Relative strength versus the benchmark looked mixed. 1-month excess return -4.61%; 3-month excess return 3.23%; 6-month excess return 5.56%."
2024-04-22,IQV,-9.163209000112117,,1.7895735519947165,miss,linear_regression,target_5d_return,regression,3,"Technical state is mixed, with price not fully aligned across the major moving averages. RSI is weak near 38.1. MACD remains on the bearish side.",No recent matched news was found for this ticker/date.,Relative strength versus the benchmark looked mixed. 1-month excess return -4.49%; 3-month excess return 2.92%; 6-month excess return 6.73%.,"Model view: the forward return estimate was mildly negative at about -9.16%. Confidence was not explicitly available for this prediction. Technical state is mixed, with price not fully aligned across the major moving averages. RSI is weak near 38.1. MACD remains on the bearish side. No recent matched news was found for this ticker/date. Relative strength versus the benchmark looked mixed. 1-month excess return -4.49%; 3-month excess return 2.92%; 6-month excess return 6.73%."
2024-04-23,IQV,-10.222784207709394,,-2.8706692586103255,hit,linear_regression,target_5d_return,regression,3,"Technical state is mixed, with price not fully aligned across the major moving averages. MACD remains on the bearish side.",No recent matched news was found for this ticker/date.,Relative strength versus the benchmark looked mixed. 1-month excess return -2.47%; 3-month excess return 7.44%; 6-month excess return 9.31%.,"Model view: the forward return estimate was mildly negative at about -10.22%. Confidence was not explicitly available for this prediction. Technical state is mixed, with price not fully aligned across the major moving averages. MACD remains on the bearish side. No recent matched news was found for this ticker/date. Relative strength versus the benchmark looked mixed. 1-month excess return -2.47%; 3-month excess return 7.44%; 6-month excess return 9.31%."
2024-04-24,IQV,-12.660996359300013,,-3.2801835312274874,hit,linear_regression,target_5d_return,regression,3,"Technical state is mixed, with price not fully aligned across the major moving averages. RSI is in a steady zone near 52.5. MACD remains on the bullish side.",No recent matched news was found for this ticker/date.,Relative strength versus the benchmark looked mixed. 1-month excess return -0.42%; 3-month excess return 8.98%; 6-month excess return 10.86%.,"Model view: the forward return estimate was mildly negative at about -12.66%. Confidence was not explicitly available for this prediction. Technical state is mixed, with price not fully aligned across the major moving averages. RSI is in a steady zone near 52.5. MACD remains on the bullish side. No recent matched news was found for this ticker/date. Relative strength versus the benchmark looked mixed. 1-month excess return -0.42%; 3-month excess return 8.98%; 6-month excess return 10.86%."
2024-04-25,IQV,-10.682302932368911,,-5.060260088079438,hit,linear_regression,target_5d_return,regression,3,"Technical state is mixed, with price not fully aligned across the major moving averages. MACD remains on the bullish side.",No recent matched news was found for this ticker/date.,Relative strength versus the benchmark looked mixed. 1-month excess return -2.61%; 3-month excess return 5.44%; 6-month excess return 6.48%.,"Model view: the forward return estimate was mildly negative at about -10.68%. Confidence was not explicitly available for this prediction. Technical state is mixed, with price not fully aligned across the major moving averages. MACD remains on the bullish side. No recent matched news was found for this ticker/date. Relative strength versus the benchmark looked mixed. 1-month excess return -2.61%; 3-month excess return 5.44%; 6-month excess return 6.48%."
2024-04-26,IQV,-12.075184300320045,,-4.900378715237008,hit,linear_regression,target_5d_return,regression,3,"Technical state is mixed, with price not fully aligned across the major moving averages. MACD remains on the bullish side.",No recent matched news was found for this ticker/date.,Relative strength versus the benchmark looked mixed. 1-month excess return -4.19%; 3-month excess return 4.46%; 6-month excess return 7.85%.,"Model view: the forward return estimate was mildly negative at about -12.08%. Confidence was not explicitly available for this prediction. Technical state is mixed, with price not fully aligned across the major moving averages. MACD remains on the bullish side. No recent matched news was found for this ticker/date. Relative strength versus the benchmark looked mixed. 1-month excess return -4.19%; 3-month excess return 4.46%; 6-month excess return 7.85%."
2024-04-29,IQV,-9.508605349272651,,-3.5841696086879926,hit,linear_regression,target_5d_return,regression,3,"Technical state is mixed, with price not fully aligned across the major moving averages. MACD remains on the bullish side.",No recent matched news was found for this ticker/date.,Relative strength versus the benchmark looked favorable. 1-month excess return -4.42%; 3-month excess return 4.17%; 6-month excess return 3.98%.,"Model view: the forward return estimate was mildly negative at about -9.51%. Confidence was not explicitly available for this prediction. Technical state is mixed, with price not fully aligned across the major moving averages. MACD remains on the bullish side. No recent matched news was found for this ticker/date. Relative strength versus the benchmark looked favorable. 1-month excess return -4.42%; 3-month excess return 4.17%; 6-month excess return 3.98%."
2024-04-30,IQV,-9.280392332602881,,-1.1347477388492289,hit,linear_regression,target_5d_return,regression,3,"Technical state is mixed, with price not fully aligned across the major moving averages. MACD remains on the bullish side.",No recent matched news was found for this ticker/date.,Relative strength versus the benchmark looked favorable. 1-month excess return -2.99%; 3-month excess return 4.49%; 6-month excess return 6.51%.,"Model view: the forward return estimate was mildly negative at about -9.28%. Confidence was not explicitly available for this prediction. Technical state is mixed, with price not fully aligned across the major moving averages. MACD remains on the bullish side. No recent matched news was found for this ticker/date. Relative strength versus the benchmark looked favorable. 1-month excess return -2.99%; 3-month excess return 4.49%; 6-month excess return 6.51%."
2024-05-01,IQV,-11.014439463704983,,-2.172232122246387,hit,linear_regression,target_5d_return,regression,3,"Technical state is mixed, with price not fully aligned across the major moving averages. MACD remains on the bullish side.",No recent matched news was found for this ticker/date.,Relative strength versus the benchmark looked favorable. 1-month excess return -1.56%; 3-month excess return 8.24%; 6-month excess return 11.04%.,"Model view: the forward return estimate was mildly negative at about -11.01%. Confidence was not explicitly available for this prediction. Technical state is mixed, with price not fully aligned across the major moving averages. MACD remains on the bullish side. No recent matched news was found for this ticker/date. Relative strength versus the benchmark looked favorable. 1-month excess return -1.56%; 3-month excess return 8.24%; 6-month excess return 11.04%."
2024-05-02,IQV,-9.750875424349571,,3.1781748347851746,miss,linear_regression,target_5d_return,regression,3,"Technical state is mixed, with price not fully aligned across the major moving averages. RSI is weak near 33.3. MACD remains on the bearish side.",No recent matched news was found for this ticker/date.,Relative strength versus the benchmark looked mixed. 1-month excess return -5.82%; 3-month excess return 1.89%; 6-month excess return 2.01%.,"Model view: the forward return estimate was mildly negative at about -9.75%. Confidence was not explicitly available for this prediction. Technical state is mixed, with price not fully aligned across the major moving averages. RSI is weak near 33.3. MACD remains on the bearish side. No recent matched news was found for this ticker/date. Relative strength versus the benchmark looked mixed. 1-month excess return -5.82%; 3-month excess return 1.89%; 6-month excess return 2.01%."
2024-05-03,IQV,-8.499797413363096,,4.794738303257051,miss,linear_regression,target_5d_return,regression,3,"Technical state is mixed, with price not fully aligned across the major moving averages. RSI is weak near 35.2. MACD remains on the bearish side.",No recent matched news was found for this ticker/date.,Relative strength versus the benchmark looked mixed. 1-month excess return -6.04%; 3-month excess return 2.53%; 6-month excess return 3.08%.,"Model view: the forward return estimate was mildly negative at about -8.50%. Confidence was not explicitly available for this prediction. Technical state is mixed, with price not fully aligned across the major moving averages. RSI is weak near 35.2. MACD remains on the bearish side. No recent matched news was found for this ticker/date. Relative strength versus the benchmark looked mixed. 1-month excess return -6.04%; 3-month excess return 2.53%; 6-month excess return 3.08%."
2024-05-06,IQV,-7.712419498905448,,0.8809020697421621,miss,linear_regression,target_5d_return,regression,3,"Technical state is mixed, with price not fully aligned across the major moving averages. MACD remains on the bearish side.",No recent matched news was found for this ticker/date.,Relative strength versus the benchmark looked weak. 1-month excess return -5.60%; 3-month excess return 2.87%; 6-month excess return -0.74%.,"Model view: the forward return estimate was mildly negative at about -7.71%. Confidence was not explicitly available for this prediction. Technical state is mixed, with price not fully aligned across the major moving averages. MACD remains on the bearish side. No recent matched news was found for this ticker/date. Relative strength versus the benchmark looked weak. 1-month excess return -5.60%; 3-month excess return 2.87%; 6-month excess return -0.74%."
2024-05-07,IQV,-7.060108988703591,,0.8728288405897455,miss,linear_regression,target_5d_return,regression,3,"Technical state is mixed, with price not fully aligned across the major moving averages. MACD remains on the bearish side.",No recent matched news was found for this ticker/date.,Relative strength versus the benchmark looked weak. 1-month excess return -4.85%; 3-month excess return 1.67%; 6-month excess return -2.82%.,"Model view: the forward return estimate was mildly negative at about -7.06%. Confidence was not explicitly available for this prediction. Technical state is mixed, with price not fully aligned across the major moving averages. MACD remains on the bearish side. No recent matched news was found for this ticker/date. Relative strength versus the benchmark looked weak. 1-month excess return -4.85%; 3-month excess return 1.67%; 6-month excess return -2.82%."
2024-05-08,IQV,-5.67868272264407,,2.5495863762077464,miss,linear_regression,target_5d_return,regression,3,"Technical state is mixed, with price not fully aligned across the major moving averages. MACD remains on the bearish side.",No recent matched news was found for this ticker/date.,Relative strength versus the benchmark looked weak. 1-month excess return -6.73%; 3-month excess return 2.46%; 6-month excess return -3.93%.,"Model view: the forward return estimate was mildly negative at about -5.68%. Confidence was not explicitly available for this prediction. Technical state is mixed, with price not fully aligned across the major moving averages. MACD remains on the bearish side. No recent matched news was found for this ticker/date. Relative strength versus the benchmark looked weak. 1-month excess return -6.73%; 3-month excess return 2.46%; 6-month excess return -3.93%."
2024-05-09,IQV,-6.568573693683519,,2.5305423773926083,miss,linear_regression,target_5d_return,regression,3,"Technical state is mixed, with price not fully aligned across the major moving averages. MACD remains on the bullish side.",No recent matched news was found for this ticker/date.,Relative strength versus the benchmark looked weak. 1-month excess return -5.43%; 3-month excess return 1.24%; 6-month excess return -4.58%.,"Model view: the forward return estimate was mildly negative at about -6.57%. Confidence was not explicitly available for this prediction. Technical state is mixed, with price not fully aligned across the major moving averages. MACD remains on the bullish side. No recent matched news was found for this ticker/date. Relative strength versus the benchmark looked weak. 1-month excess return -5.43%; 3-month excess return 1.24%; 6-month excess return -4.58%."
2024-05-10,IQV,-7.105887228015903,,-1.2388965877428881,hit,linear_regression,target_5d_return,regression,3,"Technical state is mixed, with price not fully aligned across the major moving averages. RSI is in a steady zone near 50.6. MACD remains on the bullish side.",No recent matched news was found for this ticker/date.,Relative strength versus the benchmark looked weak. 1-month excess return -2.22%; 3-month excess return 3.36%; 6-month excess return -2.01%.,"Model view: the forward return estimate was mildly negative at about -7.11%. Confidence was not explicitly available for this prediction. Technical state is mixed, with price not fully aligned across the major moving averages. RSI is in a steady zone near 50.6. MACD remains on the bullish side. No recent matched news was found for this ticker/date. Relative strength versus the benchmark looked weak. 1-month excess return -2.22%; 3-month excess return 3.36%; 6-month excess return -2.01%."
2024-05-13,IQV,-7.227114025788937,,0.4584365536747459,miss,linear_regression,target_5d_return,regression,3,"Technical state is mixed, with price not fully aligned across the major moving averages. MACD remains on the bullish side.",No recent matched news was found for this ticker/date.,Relative strength versus the benchmark looked weak. 1-month excess return -4.18%; 3-month excess return 1.15%; 6-month excess return -0.75%.,"Model view: the forward return estimate was mildly negative at about -7.23%. Confidence was not explicitly available for this prediction. Technical state is mixed, with price not fully aligned across the major moving averages. MACD remains on the bullish side. No recent matched news was found for this ticker/date. Relative strength versus the benchmark looked weak. 1-month excess return -4.18%; 3-month excess return 1.15%; 6-month excess return -0.75%."
2024-05-14,IQV,-7.374475620698051,,-0.7614409065862304,hit,linear_regression,target_5d_return,regression,3,"Technical state is mixed, with price not fully aligned across the major moving averages. MACD remains on the bullish side.",No recent matched news was found for this ticker/date.,Relative strength versus the benchmark looked weak. 1-month excess return -3.77%; 3-month excess return 1.41%; 6-month excess return -0.88%.,"Model view: the forward return estimate was mildly negative at about -7.37%. Confidence was not explicitly available for this prediction. Technical state is mixed, with price not fully aligned across the major moving averages. MACD remains on the bullish side. No recent matched news was found for this ticker/date. Relative strength versus the benchmark looked weak. 1-month excess return -3.77%; 3-month excess return 1.41%; 6-month excess return -0.88%."
2024-05-15,IQV,-9.717810979715141,,-3.2778482528494135,hit,linear_regression,target_5d_return,regression,3,"Technical state is mixed, with price not fully aligned across the major moving averages. RSI is in a steady zone near 50.7. MACD remains on the bullish side.",No recent matched news was found for this ticker/date.,Relative strength versus the benchmark looked weak. 1-month excess return -3.23%; 3-month excess return -10.26%; 6-month excess return 0.28%.,"Model view: the forward return estimate was mildly negative at about -9.72%. Confidence was not explicitly available for this prediction. Technical state is mixed, with price not fully aligned across the major moving averages. RSI is in a steady zone near 50.7. MACD remains on the bullish side. No recent matched news was found for this ticker/date. Relative strength versus the benchmark looked weak. 1-month excess return -3.23%; 3-month excess return -10.26%; 6-month excess return 0.28%."
2024-05-16,IQV,-10.092045173712311,,-3.36595900515293,hit,linear_regression,target_5d_return,regression,3,"Technical state is mixed, with price not fully aligned across the major moving averages. RSI is in a steady zone near 52.2. MACD remains on the bullish side.",No recent matched news was found for this ticker/date.,Relative strength versus the benchmark looked weak. 1-month excess return -2.24%; 3-month excess return -8.01%; 6-month excess return -0.67%.,"Model view: the forward return estimate was mildly negative at about -10.09%. Confidence was not explicitly available for this prediction. Technical state is mixed, with price not fully aligned across the major moving averages. RSI is in a steady zone near 52.2. MACD remains on the bullish side. No recent matched news was found for this ticker/date. Relative strength versus the benchmark looked weak. 1-month excess return -2.24%; 3-month excess return -8.01%; 6-month excess return -0.67%."
2024-05-17,IQV,-7.95400339760207,,-0.6834443387501388,hit,linear_regression,target_5d_return,regression,3,"Technical state is mixed, with price not fully aligned across the major moving averages. MACD remains on the bullish side.",No recent matched news was found for this ticker/date.,Relative strength versus the benchmark looked weak. 1-month excess return -4.28%; 3-month excess return -9.14%; 6-month excess return -5.49%.,"Model view: the forward return estimate was mildly negative at about -7.95%. Confidence was not explicitly available for this prediction. Technical state is mixed, with price not fully aligned across the major moving averages. MACD remains on the bullish side. No recent matched news was found for this ticker/date. Relative strength versus the benchmark looked weak. 1-month excess return -4.28%; 3-month excess return -9.14%; 6-month excess return -5.49%."
2024-05-20,IQV,-7.940652070297976,,-1.4689859089136004,hit,linear_regression,target_5d_return,regression,3,"Technical state is mixed, with price not fully aligned across the major moving averages. MACD remains on the bullish side.",No recent matched news was found for this ticker/date.,Relative strength versus the benchmark looked weak. 1-month excess return -6.17%; 3-month excess return -8.71%; 6-month excess return -5.41%.,"Model view: the forward return estimate was mildly negative at about -7.94%. Confidence was not explicitly available for this prediction. Technical state is mixed, with price not fully aligned across the major moving averages. MACD remains on the bullish side. No recent matched news was found for this ticker/date. Relative strength versus the benchmark looked weak. 1-month excess return -6.17%; 3-month excess return -8.71%; 6-month excess return -5.41%."
2024-05-21,IQV,-7.699924931897958,,-1.9094972489211437,hit,linear_regression,target_5d_return,regression,3,"Technical state is mixed, with price not fully aligned across the major moving averages. MACD remains on the bullish side.",No recent matched news was found for this ticker/date.,Relative strength versus the benchmark looked weak. 1-month excess return -7.26%; 3-month excess return -10.22%; 6-month excess return -5.89%.,"Model view: the forward return estimate was mildly negative at about -7.70%. Confidence was not explicitly available for this prediction. Technical state is mixed, with price not fully aligned across the major moving averages. MACD remains on the bullish side. No recent matched news was found for this ticker/date. Relative strength versus the benchmark looked weak. 1-month excess return -7.26%; 3-month excess return -10.22%; 6-month excess return -5.89%."
2024-05-22,IQV,-6.518570817286336,,-1.583861368132078,hit,linear_regression,target_5d_return,regression,3,"Technical state is mixed, with price not fully aligned across the major moving averages. MACD remains on the bullish side.",No recent matched news was found for this ticker/date.,Relative strength versus the benchmark looked weak. 1-month excess return -10.06%; 3-month excess return -13.00%; 6-month excess return -6.58%.,"Model view: the forward return estimate was mildly negative at about -6.52%. Confidence was not explicitly available for this prediction. Technical state is mixed, with price not fully aligned across the major moving averages. MACD remains on the bullish side. No recent matched news was found for this ticker/date. Relative strength versus the benchmark looked weak. 1-month excess return -10.06%; 3-month excess return -13.00%; 6-month excess return -6.58%."
2024-05-23,IQV,-5.09832511514674,,-3.5228324140252676,hit,linear_regression,target_5d_return,regression,3,"Technical state is mixed, with price not fully aligned across the major moving averages. MACD remains on the bullish side.",No recent matched news was found for this ticker/date.,Relative strength versus the benchmark looked weak. 1-month excess return -9.79%; 3-month excess return -11.73%; 6-month excess return -6.65%.,"Model view: the forward return estimate was mildly negative at about -5.10%. Confidence was not explicitly available for this prediction. Technical state is mixed, with price not fully aligned across the major moving averages. MACD remains on the bullish side. No recent matched news was found for this ticker/date. Relative strength versus the benchmark looked weak. 1-month excess return -9.79%; 3-month excess return -11.73%; 6-month excess return -6.65%."
2024-05-24,IQV,-7.169695040817833,,-5.718643089622921,hit,linear_regression,target_5d_return,regression,3,"Technical state is mixed, with price not fully aligned across the major moving averages. MACD remains on the bullish side.",No recent matched news was found for this ticker/date.,Relative strength versus the benchmark looked weak. 1-month excess return -7.09%; 3-month excess return -11.88%; 6-month excess return -6.82%.,"Model view: the forward return estimate was mildly negative at about -7.17%. Confidence was not explicitly available for this prediction. Technical state is mixed, with price not fully aligned across the major moving averages. MACD remains on the bullish side. No recent matched news was found for this ticker/date. Relative strength versus the benchmark looked weak. 1-month excess return -7.09%; 3-month excess return -11.88%; 6-month excess return -6.82%."
2024-05-28,IQV,-5.796108670050903,,-4.203614201341299,hit,linear_regression,target_5d_return,regression,3,"Technical state is mixed, with price not fully aligned across the major moving averages. MACD remains on the bullish side.",No recent matched news was found for this ticker/date.,Relative strength versus the benchmark looked weak. 1-month excess return -7.74%; 3-month excess return -13.44%; 6-month excess return -9.50%.,"Model view: the forward return estimate was mildly negative at about -5.80%. Confidence was not explicitly available for this prediction. Technical state is mixed, with price not fully aligned across the major moving averages. MACD remains on the bullish side. No recent matched news was found for this ticker/date. Relative strength versus the benchmark looked weak. 1-month excess return -7.74%; 3-month excess return -13.44%; 6-month excess return -9.50%."
2024-05-29,IQV,-5.016304140026482,,-2.7111138237847276,hit,linear_regression,target_5d_return,regression,3,"Technical state is mixed, with price not fully aligned across the major moving averages. MACD remains on the bearish side.",No recent matched news was found for this ticker/date.,Relative strength versus the benchmark looked weak. 1-month excess return -7.62%; 3-month excess return -14.08%; 6-month excess return -9.04%.,"Model view: the forward return estimate was mildly negative at about -5.02%. Confidence was not explicitly available for this prediction. Technical state is mixed, with price not fully aligned across the major moving averages. MACD remains on the bearish side. No recent matched news was found for this ticker/date. Relative strength versus the benchmark looked weak. 1-month excess return -7.62%; 3-month excess return -14.08%; 6-month excess return -9.04%."
2024-05-30,IQV,-4.508728961013792,,-0.8810930465124489,hit,linear_regression,target_5d_return,regression,3,"Technical state is mixed, with price not fully aligned across the major moving averages. RSI is weak near 38.2. MACD remains on the bearish side.",No recent matched news was found for this ticker/date.,Relative strength versus the benchmark looked weak. 1-month excess return -8.14%; 3-month excess return -12.89%; 6-month excess return -9.50%.,"Model view: the forward return estimate was mildly negative at about -4.51%. Confidence was not explicitly available for this prediction. Technical state is mixed, with price not fully aligned across the major moving averages. RSI is weak near 38.2. MACD remains on the bearish side. No recent matched news was found for this ticker/date. Relative strength versus the benchmark looked weak. 1-month excess return -8.14%; 3-month excess return -12.89%; 6-month excess return -9.50%."
2024-05-31,IQV,-2.65287218419724,,0.06390040256905039,miss,linear_regression,target_5d_return,regression,3,"Technical state is soft, with price below the 50-day and 200-day averages. RSI is weak near 34.7. MACD remains on the bearish side.",No recent matched news was found for this ticker/date.,Relative strength versus the benchmark looked weak. 1-month excess return -11.31%; 3-month excess return -16.01%; 6-month excess return -13.53%.,"Model view: the forward return estimate was mildly negative at about -2.65%. Confidence was not explicitly available for this prediction. Technical state is soft, with price below the 50-day and 200-day averages. RSI is weak near 34.7. MACD remains on the bearish side. No recent matched news was found for this ticker/date. Relative strength versus the benchmark looked weak. 1-month excess return -11.31%; 3-month excess return -16.01%; 6-month excess return -13.53%."
2024-06-03,IQV,-1.428877652978376,,-0.29565269369399294,hit,linear_regression,target_5d_return,regression,3,"Technical state is soft, with price below the 50-day and 200-day averages. RSI is weak near 32.2. MACD remains on the bearish side.",No recent matched news was found for this ticker/date.,Relative strength versus the benchmark looked weak. 1-month excess return -7.06%; 3-month excess return -16.98%; 6-month excess return -14.57%.,"Model view: the forward return estimate was mildly negative at about -1.43%. Confidence was not explicitly available for this prediction. Technical state is soft, with price below the 50-day and 200-day averages. RSI is weak near 32.2. MACD remains on the bearish side. No recent matched news was found for this ticker/date. Relative strength versus the benchmark looked weak. 1-month excess return -7.06%; 3-month excess return -16.98%; 6-month excess return -14.57%."
2024-06-04,IQV,-1.498588887018738,,-0.7689465997166578,hit,linear_regression,target_5d_return,regression,3,"Technical state is soft, with price below the 50-day and 200-day averages. RSI is weak near 33.6. MACD remains on the bearish side.",No recent matched news was found for this ticker/date.,Relative strength versus the benchmark looked weak. 1-month excess return -6.12%; 3-month excess return -17.40%; 6-month excess return -15.02%.,"Model view: the forward return estimate was mildly negative at about -1.50%. Confidence was not explicitly available for this prediction. Technical state is soft, with price below the 50-day and 200-day averages. RSI is weak near 33.6. MACD remains on the bearish side. No recent matched news was found for this ticker/date. Relative strength versus the benchmark looked weak. 1-month excess return -6.12%; 3-month excess return -17.40%; 6-month excess return -15.02%."
2024-06-05,IQV,-2.025384029162052,,-0.657828790665993,hit,linear_regression,target_5d_return,regression,3,"Technical state is soft, with price below the 50-day and 200-day averages. RSI is weak near 37.0. MACD remains on the bearish side.",No recent matched news was found for this ticker/date.,Relative strength versus the benchmark looked weak. 1-month excess return -7.13%; 3-month excess return -18.36%; 6-month excess return -15.89%.,"Model view: the forward return estimate was mildly negative at about -2.03%. Confidence was not explicitly available for this prediction. Technical state is soft, with price below the 50-day and 200-day averages. RSI is weak near 37.0. MACD remains on the bearish side. No recent matched news was found for this ticker/date. Relative strength versus the benchmark looked weak. 1-month excess return -7.13%; 3-month excess return -18.36%; 6-month excess return -15.89%."
2024-06-06,IQV,-1.3276053927727431,,-2.9615849320205667,hit,linear_regression,target_5d_return,regression,3,"Technical state is soft, with price below the 50-day and 200-day averages. MACD remains on the bearish side.",No recent matched news was found for this ticker/date.,Relative strength versus the benchmark looked weak. 1-month excess return -7.15%; 3-month excess return -18.58%; 6-month excess return -14.23%.,"Model view: the forward return estimate was mildly negative at about -1.33%. Confidence was not explicitly available for this prediction. Technical state is soft, with price below the 50-day and 200-day averages. MACD remains on the bearish side. No recent matched news was found for this ticker/date. Relative strength versus the benchmark looked weak. 1-month excess return -7.15%; 3-month excess return -18.58%; 6-month excess return -14.23%."
2024-06-07,IQV,-2.126030095899357,,-2.955797953667094,hit,linear_regression,target_5d_return,regression,3,"Technical state is soft, with price below the 50-day and 200-day averages. RSI is weak near 38.4. MACD remains on the bearish side.",No recent matched news was found for this ticker/date.,Relative strength versus the benchmark looked weak. 1-month excess return -7.03%; 3-month excess return -19.10%; 6-month excess return -15.77%.,"Model view: the forward return estimate was mildly negative at about -2.13%. Confidence was not explicitly available for this prediction. Technical state is soft, with price below the 50-day and 200-day averages. RSI is weak near 38.4. MACD remains on the bearish side. No recent matched news was found for this ticker/date. Relative strength versus the benchmark looked weak. 1-month excess return -7.03%; 3-month excess return -19.10%; 6-month excess return -15.77%."
2024-06-10,IQV,-2.0550216896965354,,-1.1629497685871737,hit,linear_regression,target_5d_return,regression,3,"Technical state is soft, with price below the 50-day and 200-day averages. RSI is weak near 34.5. MACD remains on the bearish side.",No recent matched news was found for this ticker/date.,Relative strength versus the benchmark looked weak. 1-month excess return -8.82%; 3-month excess return -21.30%; 6-month excess return -16.54%.,"Model view: the forward return estimate was mildly negative at about -2.06%. Confidence was not explicitly available for this prediction. Technical state is soft, with price below the 50-day and 200-day averages. RSI is weak near 34.5. MACD remains on the bearish side. No recent matched news was found for this ticker/date. Relative strength versus the benchmark looked weak. 1-month excess return -8.82%; 3-month excess return -21.30%; 6-month excess return -16.54%."
2024-06-11,IQV,-0.8510054038106929,,-1.2435584168214664,hit,linear_regression,target_5d_return,regression,3,"Technical state is soft, with price below the 50-day and 200-day averages. RSI is weak near 34.1. MACD remains on the bearish side.",No recent matched news was found for this ticker/date.,Relative strength versus the benchmark looked weak. 1-month excess return -11.02%; 3-month excess return -20.72%; 6-month excess return -16.59%.,"Model view: the forward return estimate was mildly negative at about -0.85%. Confidence was not explicitly available for this prediction. Technical state is soft, with price below the 50-day and 200-day averages. RSI is weak near 34.1. MACD remains on the bearish side. No recent matched news was found for this ticker/date. Relative strength versus the benchmark looked weak. 1-month excess return -11.02%; 3-month excess return -20.72%; 6-month excess return -16.59%."
2024-06-12,IQV,-0.4921434139907077,,-1.5037267412410182,hit,linear_regression,target_5d_return,regression,3,"Technical state is soft, with price below the 50-day and 200-day averages. RSI is weak near 38.3. MACD remains on the bearish side.",No recent matched news was found for this ticker/date.,Relative strength versus the benchmark looked weak. 1-month excess return -9.00%; 3-month excess return -19.86%; 6-month excess return -16.68%.,"Model view: the forward return estimate was mildly negative at about -0.49%. Confidence was not explicitly available for this prediction. Technical state is soft, with price below the 50-day and 200-day averages. RSI is weak near 38.3. MACD remains on the bearish side. No recent matched news was found for this ticker/date. Relative strength versus the benchmark looked weak. 1-month excess return -9.00%; 3-month excess return -19.86%; 6-month excess return -16.68%."
2024-06-13,IQV,-0.5425418506112336,,1.070290341313762,miss,linear_regression,target_5d_return,regression,3,"Technical state is soft, with price below the 50-day and 200-day averages. RSI is weak near 34.1. MACD remains on the bearish side.",No recent matched news was found for this ticker/date.,Relative strength versus the benchmark looked weak. 1-month excess return -11.08%; 3-month excess return -21.20%; 6-month excess return -18.45%.,"Model view: the forward return estimate was mildly negative at about -0.54%. Confidence was not explicitly available for this prediction. Technical state is soft, with price below the 50-day and 200-day averages. RSI is weak near 34.1. MACD remains on the bearish side. No recent matched news was found for this ticker/date. Relative strength versus the benchmark looked weak. 1-month excess return -11.08%; 3-month excess return -21.20%; 6-month excess return -18.45%."
2024-06-14,IQV,0.8221717000203583,,0.6298455172223827,hit,linear_regression,target_5d_return,regression,3,"Technical state is soft, with price below the 50-day and 200-day averages. RSI is weak near 32.8. MACD remains on the bearish side. Volatility is relatively contained at roughly 14.8%.",No recent matched news was found for this ticker/date.,Relative strength versus the benchmark looked weak. 1-month excess return -11.44%; 3-month excess return -21.98%; 6-month excess return -21.22%.,"Model view: the forward return estimate was mildly positive at about 0.82%. Confidence was not explicitly available for this prediction. Technical state is soft, with price below the 50-day and 200-day averages. RSI is weak near 32.8. MACD remains on the bearish side. Volatility is relatively contained at roughly 14.8%. No recent matched news was found for this ticker/date. Relative strength versus the benchmark looked weak. 1-month excess return -11.44%; 3-month excess return -21.98%; 6-month excess return -21.22%."
2024-06-17,IQV,1.689115338501263,,-0.8906849287632301,miss,linear_regression,target_5d_return,regression,3,"Technical state is soft, with price below the 50-day and 200-day averages. RSI is weak near 34.1. MACD remains on the bearish side. Volatility is relatively contained at roughly 14.4%.",No recent matched news was found for this ticker/date.,Relative strength versus the benchmark looked weak. 1-month excess return -12.72%; 3-month excess return -22.31%; 6-month excess return -23.43%.,"Model view: the forward return estimate was mildly positive at about 1.69%. Confidence was not explicitly available for this prediction. Technical state is soft, with price below the 50-day and 200-day averages. RSI is weak near 34.1. MACD remains on the bearish side. Volatility is relatively contained at roughly 14.4%. No recent matched news was found for this ticker/date. Relative strength versus the benchmark looked weak. 1-month excess return -12.72%; 3-month excess return -22.31%; 6-month excess return -23.43%."
2024-06-18,IQV,1.5365452383153653,,-0.7752709397537028,miss,linear_regression,target_5d_return,regression,3,"Technical state is soft, with price below the 50-day and 200-day averages. RSI is weak near 33.5. MACD remains on the bearish side. Volatility is relatively contained at roughly 14.4%.",No recent matched news was found for this ticker/date.,Relative strength versus the benchmark looked weak. 1-month excess return -11.55%; 3-month excess return -22.29%; 6-month excess return -22.56%.,"Model view: the forward return estimate was mildly positive at about 1.54%. Confidence was not explicitly available for this prediction. Technical state is soft, with price below the 50-day and 200-day averages. RSI is weak near 33.5. MACD remains on the bearish side. Volatility is relatively contained at roughly 14.4%. No recent matched news was found for this ticker/date. Relative strength versus the benchmark looked weak. 1-month excess return -11.55%; 3-month excess return -22.29%; 6-month excess return -22.56%."
2024-06-20,IQV,1.1201026428647751,,-0.6723014263003146,miss,linear_regression,target_5d_return,regression,3,"Technical state is soft, with price below the 50-day and 200-day averages. RSI is weak near 36.8. MACD remains on the bearish side. Volatility is relatively contained at roughly 14.9%.",No recent matched news was found for this ticker/date.,Relative strength versus the benchmark looked weak. 1-month excess return -10.14%; 3-month excess return -20.07%; 6-month excess return -20.67%.,"Model view: the forward return estimate was mildly positive at about 1.12%. Confidence was not explicitly available for this prediction. Technical state is soft, with price below the 50-day and 200-day averages. RSI is weak near 36.8. MACD remains on the bearish side. Volatility is relatively contained at roughly 14.9%. No recent matched news was found for this ticker/date. Relative strength versus the benchmark looked weak. 1-month excess return -10.14%; 3-month excess return -20.07%; 6-month excess return -20.67%."
2024-06-21,IQV,1.318280666340523,,-2.2242763276734134,miss,linear_regression,target_5d_return,regression,3,"Technical state is soft, with price below the 50-day and 200-day averages. MACD remains on the bullish side. Volatility is relatively contained at roughly 15.0%.",No recent matched news was found for this ticker/date.,Relative strength versus the benchmark looked weak. 1-month excess return -8.45%; 3-month excess return -19.29%; 6-month excess return -20.02%.,"Model view: the forward return estimate was mildly positive at about 1.32%. Confidence was not explicitly available for this prediction. Technical state is soft, with price below the 50-day and 200-day averages. MACD remains on the bullish side. Volatility is relatively contained at roughly 15.0%. No recent matched news was found for this ticker/date. Relative strength versus the benchmark looked weak. 1-month excess return -8.45%; 3-month excess return -19.29%; 6-month excess return -20.02%."
2024-06-24,IQV,1.8658509653663444,,-2.615718128131639,miss,linear_regression,target_5d_return,regression,3,"Technical state is soft, with price below the 50-day and 200-day averages. RSI is weak near 38.3. MACD remains on the bullish side. Volatility is relatively contained at roughly 15.0%.",No recent matched news was found for this ticker/date.,Relative strength versus the benchmark looked weak. 1-month excess return -8.03%; 3-month excess return -19.62%; 6-month excess return -21.20%.,"Model view: the forward return estimate was mildly positive at about 1.87%. Confidence was not explicitly available for this prediction. Technical state is soft, with price below the 50-day and 200-day averages. RSI is weak near 38.3. MACD remains on the bullish side. Volatility is relatively contained at roughly 15.0%. No recent matched news was found for this ticker/date. Relative strength versus the benchmark looked weak. 1-month excess return -8.03%; 3-month excess return -19.62%; 6-month excess return -21.20%."
2024-06-25,IQV,2.2967285181949704,,-1.868317558628374,miss,linear_regression,target_5d_return,regression,3,"Technical state is soft, with price below the 50-day and 200-day averages. RSI is weak near 34.7. MACD remains on the bullish side. Volatility is relatively contained at roughly 14.4%.",No recent matched news was found for this ticker/date.,Relative strength versus the benchmark looked weak. 1-month excess return -10.84%; 3-month excess return -20.19%; 6-month excess return -23.52%.,"Model view: the forward return estimate was mildly positive at about 2.30%. Confidence was not explicitly available for this prediction. Technical state is soft, with price below the 50-day and 200-day averages. RSI is weak near 34.7. MACD remains on the bullish side. Volatility is relatively contained at roughly 14.4%. No recent matched news was found for this ticker/date. Relative strength versus the benchmark looked weak. 1-month excess return -10.84%; 3-month excess return -20.19%; 6-month excess return -23.52%."
2024-06-26,IQV,2.9339809889894424,,-2.0693225062738962,miss,linear_regression,target_5d_return,regression,3,"Technical state is soft, with price below the 50-day and 200-day averages. RSI is weak near 34.4. MACD remains on the bullish side. Volatility is relatively contained at roughly 14.0%.",No recent matched news was found for this ticker/date.,Relative strength versus the benchmark looked weak. 1-month excess return -11.38%; 3-month excess return -20.31%; 6-month excess return -23.51%.,"Model view: the forward return estimate was mildly positive at about 2.93%. Confidence was not explicitly available for this prediction. Technical state is soft, with price below the 50-day and 200-day averages. RSI is weak near 34.4. MACD remains on the bullish side. Volatility is relatively contained at roughly 14.0%. No recent matched news was found for this ticker/date. Relative strength versus the benchmark looked weak. 1-month excess return -11.38%; 3-month excess return -20.31%; 6-month excess return -23.51%."
2024-06-27,IQV,3.1579279153718813,,-2.1856610559268463,miss,linear_regression,target_5d_return,regression,3,"Technical state is soft, with price below the 50-day and 200-day averages. RSI is weak near 38.3. MACD remains on the bullish side. Volatility is relatively contained at roughly 14.5%.",No recent matched news was found for this ticker/date.,Relative strength versus the benchmark looked weak. 1-month excess return -9.59%; 3-month excess return -20.57%; 6-month excess return -23.18%.,"Model view: the forward return estimate was mildly positive at about 3.16%. Confidence was not explicitly available for this prediction. Technical state is soft, with price below the 50-day and 200-day averages. RSI is weak near 38.3. MACD remains on the bullish side. Volatility is relatively contained at roughly 14.5%. No recent matched news was found for this ticker/date. Relative strength versus the benchmark looked weak. 1-month excess return -9.59%; 3-month excess return -20.57%; 6-month excess return -23.18%."
2024-06-28,IQV,3.373503753714611,,-1.1823685069682122,miss,linear_regression,target_5d_return,regression,3,"Technical state is soft, with price below the 50-day and 200-day averages. RSI is weak near 36.4. MACD remains on the bullish side. Volatility is relatively contained at roughly 14.2%.",No recent matched news was found for this ticker/date.,Relative strength versus the benchmark looked weak. 1-month excess return -9.43%; 3-month excess return -20.43%; 6-month excess return -23.04%.,"Model view: the forward return estimate was mildly positive at about 3.37%. Confidence was not explicitly available for this prediction. Technical state is soft, with price below the 50-day and 200-day averages. RSI is weak near 36.4. MACD remains on the bullish side. Volatility is relatively contained at roughly 14.2%. No recent matched news was found for this ticker/date. Relative strength versus the benchmark looked weak. 1-month excess return -9.43%; 3-month excess return -20.43%; 6-month excess return -23.04%."
2024-07-01,IQV,4.77083499595724,,2.1871540306248605,hit,linear_regression,target_5d_return,regression,3,"Technical state is soft, with price below the 50-day and 200-day averages. RSI is weak near 32.3. MACD remains on the bullish side. Volatility is relatively contained at roughly 14.1%.",No recent matched news was found for this ticker/date.,Relative strength versus the benchmark looked weak. 1-month excess return -10.61%; 3-month excess return -20.64%; 6-month excess return -24.87%.,"Model view: the forward return estimate was mildly positive at about 4.77%. Confidence was not explicitly available for this prediction. Technical state is soft, with price below the 50-day and 200-day averages. RSI is weak near 32.3. MACD remains on the bullish side. Volatility is relatively contained at roughly 14.1%. No recent matched news was found for this ticker/date. Relative strength versus the benchmark looked weak. 1-month excess return -10.61%; 3-month excess return -20.64%; 6-month excess return -24.87%."
2024-07-02,IQV,4.769209381957292,,2.1738056009544593,hit,linear_regression,target_5d_return,regression,3,"Technical state is soft, with price below the 50-day and 200-day averages. RSI is weak near 31.1. MACD remains on the bearish side. Volatility is relatively contained at roughly 13.6%.",No recent matched news was found for this ticker/date.,Relative strength versus the benchmark looked weak. 1-month excess return -9.41%; 3-month excess return -21.28%; 6-month excess return -25.84%.,"Model view: the forward return estimate was mildly positive at about 4.77%. Confidence was not explicitly available for this prediction. Technical state is soft, with price below the 50-day and 200-day averages. RSI is weak near 31.1. MACD remains on the bearish side. Volatility is relatively contained at roughly 13.6%. No recent matched news was found for this ticker/date. Relative strength versus the benchmark looked weak. 1-month excess return -9.41%; 3-month excess return -21.28%; 6-month excess return -25.84%."
2024-07-03,IQV,5.4943940243342935,,6.107057217692846,hit,linear_regression,target_5d_return,regression,3,"Technical state is soft, with price below the 50-day and 200-day averages. RSI is weak near 30.2. MACD remains on the bearish side. Volatility is relatively contained at roughly 13.5%.",No recent matched news was found for this ticker/date.,Relative strength versus the benchmark looked weak. 1-month excess return -8.93%; 3-month excess return -21.06%; 6-month excess return -27.01%.,"Model view: the forward return estimate was mildly positive at about 5.49%. Confidence was not explicitly available for this prediction. Technical state is soft, with price below the 50-day and 200-day averages. RSI is weak near 30.2. MACD remains on the bearish side. Volatility is relatively contained at roughly 13.5%. No recent matched news was found for this ticker/date. Relative strength versus the benchmark looked weak. 1-month excess return -8.93%; 3-month excess return -21.06%; 6-month excess return -27.01%."
2024-07-05,IQV,3.5767744681923928,,7.722244879433582,hit,linear_regression,target_5d_return,regression,3,"Technical state is soft, with price below the 50-day and 200-day averages. RSI is weak near 34.0. MACD remains on the bearish side. Volatility is relatively contained at roughly 13.3%.",No recent matched news was found for this ticker/date.,Relative strength versus the benchmark looked weak. 1-month excess return -9.14%; 3-month excess return -20.89%; 6-month excess return -23.76%.,"Model view: the forward return estimate was mildly positive at about 3.58%. Confidence was not explicitly available for this prediction. Technical state is soft, with price below the 50-day and 200-day averages. RSI is weak near 34.0. MACD remains on the bearish side. Volatility is relatively contained at roughly 13.3%. No recent matched news was found for this ticker/date. Relative strength versus the benchmark looked weak. 1-month excess return -9.14%; 3-month excess return -20.89%; 6-month excess return -23.76%."
2024-07-08,IQV,3.6746463908606257,,8.112375203496768,hit,linear_regression,target_5d_return,regression,3,"Technical state is soft, with price below the 50-day and 200-day averages. RSI is weak near 36.3. MACD remains on the bullish side. Volatility is relatively contained at roughly 13.1%.",No recent matched news was found for this ticker/date.,Relative strength versus the benchmark looked weak. 1-month excess return -8.37%; 3-month excess return -20.57%; 6-month excess return -23.90%.,"Model view: the forward return estimate was mildly positive at about 3.67%. Confidence was not explicitly available for this prediction. Technical state is soft, with price below the 50-day and 200-day averages. RSI is weak near 36.3. MACD remains on the bullish side. Volatility is relatively contained at roughly 13.1%. No recent matched news was found for this ticker/date. Relative strength versus the benchmark looked weak. 1-month excess return -8.37%; 3-month excess return -20.57%; 6-month excess return -23.90%."
2024-07-09,IQV,2.316739954138437,,9.349916866279507,hit,linear_regression,target_5d_return,regression,3,"Technical state is soft, with price below the 50-day and 200-day averages. MACD remains on the bullish side.",No recent matched news was found for this ticker/date.,Relative strength versus the benchmark looked weak. 1-month excess return -7.33%; 3-month excess return -18.96%; 6-month excess return -22.20%.,"Model view: the forward return estimate was mildly positive at about 2.32%. Confidence was not explicitly available for this prediction. Technical state is soft, with price below the 50-day and 200-day averages. MACD remains on the bullish side. No recent matched news was found for this ticker/date. Relative strength versus the benchmark looked weak. 1-month excess return -7.33%; 3-month excess return -18.96%; 6-month excess return -22.20%."
2024-07-10,IQV,2.49674858446276,,8.637606343821158,hit,linear_regression,target_5d_return,regression,3,"Technical state is soft, with price below the 50-day and 200-day averages. MACD remains on the bullish side. Volatility is relatively contained at roughly 14.3%.",No recent matched news was found for this ticker/date.,Relative strength versus the benchmark looked weak. 1-month excess return -8.40%; 3-month excess return -21.67%; 6-month excess return -23.66%.,"Model view: the forward return estimate was mildly positive at about 2.50%. Confidence was not explicitly available for this prediction. Technical state is soft, with price below the 50-day and 200-day averages. MACD remains on the bullish side. Volatility is relatively contained at roughly 14.3%. No recent matched news was found for this ticker/date. Relative strength versus the benchmark looked weak. 1-month excess return -8.40%; 3-month excess return -21.67%; 6-month excess return -23.66%."
2024-07-11,IQV,0.009076904108549437,,2.465368028581727,hit,linear_regression,target_5d_return,regression,3,"Technical state is soft, with price below the 50-day and 200-day averages. RSI is in a steady zone near 58.0. MACD remains on the bullish side.",No recent matched news was found for this ticker/date.,Relative strength versus the benchmark looked weak. 1-month excess return -2.18%; 3-month excess return -16.54%; 6-month excess return -18.58%.,"Model view: the forward return estimate was mildly positive at about 0.01%. Confidence was not explicitly available for this prediction. Technical state is soft, with price below the 50-day and 200-day averages. RSI is in a steady zone near 58.0. MACD remains on the bullish side. No recent matched news was found for this ticker/date. Relative strength versus the benchmark looked weak. 1-month excess return -2.18%; 3-month excess return -16.54%; 6-month excess return -18.58%."
2024-07-12,IQV,-2.746147958367037,,0.17844009392014026,miss,linear_regression,target_5d_return,regression,3,"Technical state is constructive, with price above the 50-day and 200-day averages. RSI is in a steady zone near 64.0. MACD remains on the bullish side.",No recent matched news was found for this ticker/date.,Relative strength versus the benchmark looked weak. 1-month excess return -0.24%; 3-month excess return -13.90%; 6-month excess return -14.25%.,"Model view: the forward return estimate was mildly negative at about -2.75%. Confidence was not explicitly available for this prediction. Technical state is constructive, with price above the 50-day and 200-day averages. RSI is in a steady zone near 64.0. MACD remains on the bullish side. No recent matched news was found for this ticker/date. Relative strength versus the benchmark looked weak. 1-month excess return -0.24%; 3-month excess return -13.90%; 6-month excess return -14.25%."
2024-07-15,IQV,-3.934343596998688,,8.561687719751653,miss,linear_regression,target_5d_return,regression,3,"Technical state is constructive, with price above the 50-day and 200-day averages. MACD remains on the bullish side.",No recent matched news was found for this ticker/date.,Relative strength versus the benchmark looked weak. 1-month excess return 0.17%; 3-month excess return -13.47%; 6-month excess return -12.31%.,"Model view: the forward return estimate was mildly negative at about -3.93%. Confidence was not explicitly available for this prediction. Technical state is constructive, with price above the 50-day and 200-day averages. MACD remains on the bullish side. No recent matched news was found for this ticker/date. Relative strength versus the benchmark looked weak. 1-month excess return 0.17%; 3-month excess return -13.47%; 6-month excess return -12.31%."
2024-07-16,IQV,-5.856110539562409,,2.498172311857494,miss,linear_regression,target_5d_return,regression,3,"Technical state is constructive, with price above the 50-day and 200-day averages. RSI is elevated near 72.4, so chasing strength may add risk. MACD remains on the bullish side.",No recent matched news was found for this ticker/date.,Relative strength versus the benchmark looked weak. 1-month excess return 4.78%; 3-month excess return -11.17%; 6-month excess return -9.56%.,"Model view: the forward return estimate was mildly negative at about -5.86%. Confidence was not explicitly available for this prediction. Technical state is constructive, with price above the 50-day and 200-day averages. RSI is elevated near 72.4, so chasing strength may add risk. MACD remains on the bullish side. No recent matched news was found for this ticker/date. Relative strength versus the benchmark looked weak. 1-month excess return 4.78%; 3-month excess return -11.17%; 6-month excess return -9.56%."
2024-07-17,IQV,-6.570628191823361,,3.6736319251856164,miss,linear_regression,target_5d_return,regression,3,"Technical state is constructive, with price above the 50-day and 200-day averages. MACD remains on the bullish side.",No recent matched news was found for this ticker/date.,Relative strength versus the benchmark looked weak. 1-month excess return 5.68%; 3-month excess return -10.09%; 6-month excess return -8.98%.,"Model view: the forward return estimate was mildly negative at about -6.57%. Confidence was not explicitly available for this prediction. Technical state is constructive, with price above the 50-day and 200-day averages. MACD remains on the bullish side. No recent matched news was found for this ticker/date. Relative strength versus the benchmark looked weak. 1-month excess return 5.68%; 3-month excess return -10.09%; 6-month excess return -8.98%."
2024-07-18,IQV,-4.972346308351022,,3.3088667914876524,miss,linear_regression,target_5d_return,regression,3,"Technical state is constructive, with price above the 50-day and 200-day averages. RSI is in a steady zone near 58.1. MACD remains on the bullish side.",No recent matched news was found for this ticker/date.,Relative strength versus the benchmark looked weak. 1-month excess return 4.41%; 3-month excess return -11.48%; 6-month excess return -10.41%.,"Model view: the forward return estimate was mildly negative at about -4.97%. Confidence was not explicitly available for this prediction. Technical state is constructive, with price above the 50-day and 200-day averages. RSI is in a steady zone near 58.1. MACD remains on the bullish side. No recent matched news was found for this ticker/date. Relative strength versus the benchmark looked weak. 1-month excess return 4.41%; 3-month excess return -11.48%; 6-month excess return -10.41%."
2024-07-19,IQV,-3.437783646763891,,6.723957052255081,miss,linear_regression,target_5d_return,regression,3,"Technical state is constructive, with price above the 50-day and 200-day averages. RSI is in a steady zone near 57.6. MACD remains on the bullish side.",No recent matched news was found for this ticker/date.,Relative strength versus the benchmark looked weak. 1-month excess return 5.46%; 3-month excess return -11.08%; 6-month excess return -9.87%.,"Model view: the forward return estimate was mildly negative at about -3.44%. Confidence was not explicitly available for this prediction. Technical state is constructive, with price above the 50-day and 200-day averages. RSI is in a steady zone near 57.6. MACD remains on the bullish side. No recent matched news was found for this ticker/date. Relative strength versus the benchmark looked weak. 1-month excess return 5.46%; 3-month excess return -11.08%; 6-month excess return -9.87%."
2024-07-22,IQV,-6.85758261145351,,-3.254086313488813,hit,linear_regression,target_5d_return,regression,3,"Technical state is constructive, with price above the 50-day and 200-day averages. RSI is elevated near 73.4, so chasing strength may add risk. MACD remains on the bullish side. Volatility is elevated at roughly 40.0%.",No recent matched news was found for this ticker/date.,Relative strength versus the benchmark looked weak. 1-month excess return 13.12%; 3-month excess return -4.50%; 6-month excess return -1.15%.,"Model view: the forward return estimate was mildly negative at about -6.86%. Confidence was not explicitly available for this prediction. Technical state is constructive, with price above the 50-day and 200-day averages. RSI is elevated near 73.4, so chasing strength may add risk. MACD remains on the bullish side. Volatility is elevated at roughly 40.0%. No recent matched news was found for this ticker/date. Relative strength versus the benchmark looked weak. 1-month excess return 13.12%; 3-month excess return -4.50%; 6-month excess return -1.15%."
2024-07-23,IQV,-9.8970432320332,,2.839320837855097,miss,linear_regression,target_5d_return,regression,3,"Technical state is constructive, with price above the 50-day and 200-day averages. MACD remains on the bullish side. Volatility is elevated at roughly 41.3%.",No recent matched news was found for this ticker/date.,Relative strength versus the benchmark looked weak. 1-month excess return 9.00%; 3-month excess return -7.65%; 6-month excess return -4.89%.,"Model view: the forward return estimate was mildly negative at about -9.90%. Confidence was not explicitly available for this prediction. Technical state is constructive, with price above the 50-day and 200-day averages. MACD remains on the bullish side. Volatility is elevated at roughly 41.3%. No recent matched news was found for this ticker/date. Relative strength versus the benchmark looked weak. 1-month excess return 9.00%; 3-month excess return -7.65%; 6-month excess return -4.89%."
2024-07-24,IQV,-8.50979146958238,,3.132982503681281,miss,linear_regression,target_5d_return,regression,3,"Technical state is constructive, with price above the 50-day and 200-day averages. MACD remains on the bullish side. Volatility is elevated at roughly 40.8%.",No recent matched news was found for this ticker/date.,Relative strength versus the benchmark looked mixed. 1-month excess return 12.15%; 3-month excess return -6.93%; 6-month excess return 0.22%.,"Model view: the forward return estimate was mildly negative at about -8.51%. Confidence was not explicitly available for this prediction. Technical state is constructive, with price above the 50-day and 200-day averages. MACD remains on the bullish side. Volatility is elevated at roughly 40.8%. No recent matched news was found for this ticker/date. Relative strength versus the benchmark looked mixed. 1-month excess return 12.15%; 3-month excess return -6.93%; 6-month excess return 0.22%."
2024-07-25,IQV,-8.495215335767528,,6.918079895255702,miss,linear_regression,target_5d_return,regression,3,"Technical state is constructive, with price above the 50-day and 200-day averages. RSI is in a steady zone near 57.8. MACD remains on the bullish side. Volatility is elevated at roughly 42.5%.",No recent matched news was found for this ticker/date.,Relative strength versus the benchmark looked weak. 1-month excess return 11.41%; 3-month excess return -10.07%; 6-month excess return -1.82%.,"Model view: the forward return estimate was mildly negative at about -8.50%. Confidence was not explicitly available for this prediction. Technical state is constructive, with price above the 50-day and 200-day averages. RSI is in a steady zone near 57.8. MACD remains on the bullish side. Volatility is elevated at roughly 42.5%. No recent matched news was found for this ticker/date. Relative strength versus the benchmark looked weak. 1-month excess return 11.41%; 3-month excess return -10.07%; 6-month excess return -1.82%."
2024-07-26,IQV,-8.410753983734837,,0.880377446685765,miss,linear_regression,target_5d_return,regression,3,"Technical state is constructive, with price above the 50-day and 200-day averages. RSI is in a steady zone near 63.0. MACD remains on the bullish side. Volatility is elevated at roughly 43.5%.",No recent matched news was found for this ticker/date.,Relative strength versus the benchmark looked weak. 1-month excess return 14.04%; 3-month excess return -5.73%; 6-month excess return -0.34%.,"Model view: the forward return estimate was mildly negative at about -8.41%. Confidence was not explicitly available for this prediction. Technical state is constructive, with price above the 50-day and 200-day averages. RSI is in a steady zone near 63.0. MACD remains on the bullish side. Volatility is elevated at roughly 43.5%. No recent matched news was found for this ticker/date. Relative strength versus the benchmark looked weak. 1-month excess return 14.04%; 3-month excess return -5.73%; 6-month excess return -0.34%."
2024-07-29,IQV,-8.668730267169979,,-1.517389295475502,hit,linear_regression,target_5d_return,regression,3,"Technical state is constructive, with price above the 50-day and 200-day averages. RSI is in a steady zone near 60.3. MACD remains on the bullish side. Volatility is elevated at roughly 43.7%.",No recent matched news was found for this ticker/date.,Relative strength versus the benchmark looked weak. 1-month excess return 12.14%; 3-month excess return -6.16%; 6-month excess return -1.91%.,"Model view: the forward return estimate was mildly negative at about -8.67%. Confidence was not explicitly available for this prediction. Technical state is constructive, with price above the 50-day and 200-day averages. RSI is in a steady zone near 60.3. MACD remains on the bullish side. Volatility is elevated at roughly 43.7%. No recent matched news was found for this ticker/date. Relative strength versus the benchmark looked weak. 1-month excess return 12.14%; 3-month excess return -6.16%; 6-month excess return -1.91%."
2024-07-30,IQV,-9.95363987349978,,-3.383968957744643,hit,linear_regression,target_5d_return,regression,3,"Technical state is constructive, with price above the 50-day and 200-day averages. MACD remains on the bullish side. Volatility is elevated at roughly 44.1%.",No recent matched news was found for this ticker/date.,Relative strength versus the benchmark looked mixed. 1-month excess return 16.55%; 3-month excess return -1.95%; 6-month excess return 2.32%.,"Model view: the forward return estimate was mildly negative at about -9.95%. Confidence was not explicitly available for this prediction. Technical state is constructive, with price above the 50-day and 200-day averages. MACD remains on the bullish side. Volatility is elevated at roughly 44.1%. No recent matched news was found for this ticker/date. Relative strength versus the benchmark looked mixed. 1-month excess return 16.55%; 3-month excess return -1.95%; 6-month excess return 2.32%."
2024-07-31,IQV,-12.043060959158622,,-6.745725906087829,hit,linear_regression,target_5d_return,regression,3,"Technical state is constructive, with price above the 50-day and 200-day averages. MACD remains on the bullish side. Volatility is elevated at roughly 43.9%.",No recent matched news was found for this ticker/date.,Relative strength versus the benchmark looked mixed. 1-month excess return 17.17%; 3-month excess return -3.40%; 6-month excess return 1.29%.,"Model view: the forward return estimate was mildly negative at about -12.04%. Confidence was not explicitly available for this prediction. Technical state is constructive, with price above the 50-day and 200-day averages. MACD remains on the bullish side. Volatility is elevated at roughly 43.9%. No recent matched news was found for this ticker/date. Relative strength versus the benchmark looked mixed. 1-month excess return 17.17%; 3-month excess return -3.40%; 6-month excess return 1.29%."
2024-08-01,IQV,-12.931626484071641,,-4.948459194689081,hit,linear_regression,target_5d_return,regression,3,"Technical state is constructive, with price above the 50-day and 200-day averages. MACD remains on the bullish side. Volatility is elevated at roughly 43.7%.",No recent matched news was found for this ticker/date.,Relative strength versus the benchmark looked mixed. 1-month excess return 20.80%; 3-month excess return -1.88%; 6-month excess return 6.83%.,"Model view: the forward return estimate was mildly negative at about -12.93%. Confidence was not explicitly available for this prediction. Technical state is constructive, with price above the 50-day and 200-day averages. MACD remains on the bullish side. Volatility is elevated at roughly 43.7%. No recent matched news was found for this ticker/date. Relative strength versus the benchmark looked mixed. 1-month excess return 20.80%; 3-month excess return -1.88%; 6-month excess return 6.83%."
2024-08-02,IQV,-10.01502463443675,,-1.7826112914029912,hit,linear_regression,target_5d_return,regression,3,"Technical state is constructive, with price above the 50-day and 200-day averages. RSI is in a steady zone near 59.8. MACD remains on the bullish side. Volatility is elevated at roughly 45.5%.",No recent matched news was found for this ticker/date.,Relative strength versus the benchmark looked favorable. 1-month excess return 20.24%; 3-month excess return 3.31%; 6-month excess return 5.47%.,"Model view: the forward return estimate was mildly negative at about -10.02%. Confidence was not explicitly available for this prediction. Technical state is constructive, with price above the 50-day and 200-day averages. RSI is in a steady zone near 59.8. MACD remains on the bullish side. Volatility is elevated at roughly 45.5%. No recent matched news was found for this ticker/date. Relative strength versus the benchmark looked favorable. 1-month excess return 20.24%; 3-month excess return 3.31%; 6-month excess return 5.47%."
2024-08-05,IQV,-9.89190931750367,,-0.9372939181789275,hit,linear_regression,target_5d_return,regression,3,"Technical state is constructive, with price above the 50-day and 200-day averages. RSI is in a steady zone near 52.1. MACD remains on the bullish side. Volatility is elevated at roughly 47.9%.",No recent matched news was found for this ticker/date.,Relative strength versus the benchmark looked favorable. 1-month excess return 19.07%; 3-month excess return 3.49%; 6-month excess return 6.26%.,"Model view: the forward return estimate was mildly negative at about -9.89%. Confidence was not explicitly available for this prediction. Technical state is constructive, with price above the 50-day and 200-day averages. RSI is in a steady zone near 52.1. MACD remains on the bullish side. Volatility is elevated at roughly 47.9%. No recent matched news was found for this ticker/date. Relative strength versus the benchmark looked favorable. 1-month excess return 19.07%; 3-month excess return 3.49%; 6-month excess return 6.26%."
2024-08-06,IQV,-9.966704877421003,,0.4973480409215414,miss,linear_regression,target_5d_return,regression,3,"Technical state is constructive, with price above the 50-day and 200-day averages. RSI is in a steady zone near 54.8. MACD remains on the bearish side. Volatility is elevated at roughly 47.7%.",No recent matched news was found for this ticker/date.,Relative strength versus the benchmark looked favorable. 1-month excess return 19.51%; 3-month excess return 3.40%; 6-month excess return 6.56%.,"Model view: the forward return estimate was mildly negative at about -9.97%. Confidence was not explicitly available for this prediction. Technical state is constructive, with price above the 50-day and 200-day averages. RSI is in a steady zone near 54.8. MACD remains on the bearish side. Volatility is elevated at roughly 47.7%. No recent matched news was found for this ticker/date. Relative strength versus the benchmark looked favorable. 1-month excess return 19.51%; 3-month excess return 3.40%; 6-month excess return 6.56%."
2024-08-07,IQV,-7.655264670054263,,2.86996417420724,miss,linear_regression,target_5d_return,regression,3,"Technical state is constructive, with price above the 50-day and 200-day averages. MACD remains on the bearish side. Volatility is elevated at roughly 49.5%.",No recent matched news was found for this ticker/date.,Relative strength versus the benchmark looked mixed. 1-month excess return 14.49%; 3-month excess return -0.05%; 6-month excess return 1.62%.,"Model view: the forward return estimate was mildly negative at about -7.66%. Confidence was not explicitly available for this prediction. Technical state is constructive, with price above the 50-day and 200-day averages. MACD remains on the bearish side. Volatility is elevated at roughly 49.5%. No recent matched news was found for this ticker/date. Relative strength versus the benchmark looked mixed. 1-month excess return 14.49%; 3-month excess return -0.05%; 6-month excess return 1.62%."
2024-08-08,IQV,-10.081593858680131,,2.050237720899184,miss,linear_regression,target_5d_return,regression,3,"Technical state is constructive, with price above the 50-day and 200-day averages. RSI is in a steady zone near 53.4. MACD remains on the bearish side. Volatility is elevated at roughly 49.0%.",No recent matched news was found for this ticker/date.,Relative strength versus the benchmark looked favorable. 1-month excess return 16.81%; 3-month excess return 1.00%; 6-month excess return 3.59%.,"Model view: the forward return estimate was mildly negative at about -10.08%. Confidence was not explicitly available for this prediction. Technical state is constructive, with price above the 50-day and 200-day averages. RSI is in a steady zone near 53.4. MACD remains on the bearish side. Volatility is elevated at roughly 49.0%. No recent matched news was found for this ticker/date. Relative strength versus the benchmark looked favorable. 1-month excess return 16.81%; 3-month excess return 1.00%; 6-month excess return 3.59%."
2024-08-09,IQV,-9.36917161622794,,0.9095901170699472,miss,linear_regression,target_5d_return,regression,3,"Technical state is constructive, with price above the 50-day and 200-day averages. RSI is in a steady zone near 54.4. MACD remains on the bearish side. Volatility is elevated at roughly 48.5%.",No recent matched news was found for this ticker/date.,Relative strength versus the benchmark looked favorable. 1-month excess return 12.43%; 3-month excess return 1.17%; 6-month excess return 2.50%.,"Model view: the forward return estimate was mildly negative at about -9.37%. Confidence was not explicitly available for this prediction. Technical state is constructive, with price above the 50-day and 200-day averages. RSI is in a steady zone near 54.4. MACD remains on the bearish side. Volatility is elevated at roughly 48.5%. No recent matched news was found for this ticker/date. Relative strength versus the benchmark looked favorable. 1-month excess return 12.43%; 3-month excess return 1.17%; 6-month excess return 2.50%."
2024-08-12,IQV,-9.492087144176383,,5.03326430422435,miss,linear_regression,target_5d_return,regression,3,"Technical state is constructive, with price above the 50-day and 200-day averages. MACD remains on the bearish side. Volatility is elevated at roughly 49.5%.",No recent matched news was found for this ticker/date.,Relative strength versus the benchmark looked weak. 1-month excess return 8.01%; 3-month excess return -3.49%; 6-month excess return -0.31%.,"Model view: the forward return estimate was mildly negative at about -9.49%. Confidence was not explicitly available for this prediction. Technical state is constructive, with price above the 50-day and 200-day averages. MACD remains on the bearish side. Volatility is elevated at roughly 49.5%. No recent matched news was found for this ticker/date. Relative strength versus the benchmark looked weak. 1-month excess return 8.01%; 3-month excess return -3.49%; 6-month excess return -0.31%."
2024-08-13,IQV,-10.348898435858283,,3.564838077909682,miss,linear_regression,target_5d_return,regression,3,"Technical state is constructive, with price above the 50-day and 200-day averages. RSI is in a steady zone near 54.6. MACD remains on the bearish side. Volatility is elevated at roughly 49.4%.",No recent matched news was found for this ticker/date.,Relative strength versus the benchmark looked favorable. 1-month excess return 9.02%; 3-month excess return 0.04%; 6-month excess return 1.24%.,"Model view: the forward return estimate was mildly negative at about -10.35%. Confidence was not explicitly available for this prediction. Technical state is constructive, with price above the 50-day and 200-day averages. RSI is in a steady zone near 54.6. MACD remains on the bearish side. Volatility is elevated at roughly 49.4%. No recent matched news was found for this ticker/date. Relative strength versus the benchmark looked favorable. 1-month excess return 9.02%; 3-month excess return 0.04%; 6-month excess return 1.24%."
2024-08-14,IQV,-0.6641091776666294,,4.567966207800533,miss,linear_regression,target_5d_return,regression,4,"Technical state is constructive, with price above the 50-day and 200-day averages. RSI is in a steady zone near 52.7. MACD remains on the bearish side. Volatility is elevated at roughly 49.4%.",No recent matched news was found for this ticker/date.,Relative strength versus the benchmark looked weak. 1-month excess return 5.10%; 3-month excess return -1.71%; 6-month excess return -0.37%.,"Model view: the forward return estimate was mildly negative at about -0.66%. Confidence was not explicitly available for this prediction. Technical state is constructive, with price above the 50-day and 200-day averages. RSI is in a steady zone near 52.7. MACD remains on the bearish side. Volatility is elevated at roughly 49.4%. No recent matched news was found for this ticker/date. Relative strength versus the benchmark looked weak. 1-month excess return 5.10%; 3-month excess return -1.71%; 6-month excess return -0.37%."
2024-08-15,IQV,-0.08389429313486482,,1.6811269728085554,miss,linear_regression,target_5d_return,regression,4,"Technical state is constructive, with price above the 50-day and 200-day averages. RSI is in a steady zone near 56.2. MACD remains on the bearish side. Volatility is elevated at roughly 48.8%.",No recent matched news was found for this ticker/date.,Relative strength versus the benchmark looked weak. 1-month excess return 5.28%; 3-month excess return -1.32%; 6-month excess return -11.98%.,"Model view: the forward return estimate was mildly negative at about -0.08%. Confidence was not explicitly available for this prediction. Technical state is constructive, with price above the 50-day and 200-day averages. RSI is in a steady zone near 56.2. MACD remains on the bearish side. Volatility is elevated at roughly 48.8%. No recent matched news was found for this ticker/date. Relative strength versus the benchmark looked weak. 1-month excess return 5.28%; 3-month excess return -1.32%; 6-month excess return -11.98%."
2024-08-16,IQV,-0.4882572760649745,,3.880978009209146,miss,linear_regression,target_5d_return,regression,4,"Technical state is constructive, with price above the 50-day and 200-day averages. RSI is in a steady zone near 55.0. MACD remains on the bearish side. Volatility is elevated at roughly 48.9%.",No recent matched news was found for this ticker/date.,Relative strength versus the benchmark looked weak. 1-month excess return 6.28%; 3-month excess return -2.86%; 6-month excess return -11.18%.,"Model view: the forward return estimate was mildly negative at about -0.49%. Confidence was not explicitly available for this prediction. Technical state is constructive, with price above the 50-day and 200-day averages. RSI is in a steady zone near 55.0. MACD remains on the bearish side. Volatility is elevated at roughly 48.9%. No recent matched news was found for this ticker/date. Relative strength versus the benchmark looked weak. 1-month excess return 6.28%; 3-month excess return -2.86%; 6-month excess return -11.18%."
2024-08-19,IQV,-2.488104081036431,,1.953848047416673,miss,linear_regression,target_5d_return,regression,4,"Technical state is constructive, with price above the 50-day and 200-day averages. RSI is in a steady zone near 57.6. MACD remains on the bearish side. Volatility is elevated at roughly 36.5%.",No recent matched news was found for this ticker/date.,Relative strength versus the benchmark looked weak. 1-month excess return 6.31%; 3-month excess return -0.52%; 6-month excess return -10.16%.,"Model view: the forward return estimate was mildly negative at about -2.49%. Confidence was not explicitly available for this prediction. Technical state is constructive, with price above the 50-day and 200-day averages. RSI is in a steady zone near 57.6. MACD remains on the bearish side. Volatility is elevated at roughly 36.5%. No recent matched news was found for this ticker/date. Relative strength versus the benchmark looked weak. 1-month excess return 6.31%; 3-month excess return -0.52%; 6-month excess return -10.16%."
2024-08-20,IQV,-3.321871905095201,,0.6722295479458573,miss,linear_regression,target_5d_return,regression,4,"Technical state is constructive, with price above the 50-day and 200-day averages. RSI is in a steady zone near 60.3. MACD remains on the bullish side. Volatility is elevated at roughly 35.6%.",No recent matched news was found for this ticker/date.,Relative strength versus the benchmark looked weak. 1-month excess return -0.03%; 3-month excess return 1.92%; 6-month excess return -7.30%.,"Model view: the forward return estimate was mildly negative at about -3.32%. Confidence was not explicitly available for this prediction. Technical state is constructive, with price above the 50-day and 200-day averages. RSI is in a steady zone near 60.3. MACD remains on the bullish side. Volatility is elevated at roughly 35.6%. No recent matched news was found for this ticker/date. Relative strength versus the benchmark looked weak. 1-month excess return -0.03%; 3-month excess return 1.92%; 6-month excess return -7.30%."
2024-08-21,IQV,-1.4928199241517557,,0.2226733003068082,miss,linear_regression,target_5d_return,regression,4,"Technical state is constructive, with price above the 50-day and 200-day averages. RSI is in a steady zone near 60.3. MACD remains on the bullish side. Volatility is elevated at roughly 35.6%.",No recent matched news was found for this ticker/date.,Relative strength versus the benchmark looked mixed. 1-month excess return 2.19%; 3-month excess return 2.19%; 6-month excess return -8.67%.,"Model view: the forward return estimate was mildly negative at about -1.49%. Confidence was not explicitly available for this prediction. Technical state is constructive, with price above the 50-day and 200-day averages. RSI is in a steady zone near 60.3. MACD remains on the bullish side. Volatility is elevated at roughly 35.6%. No recent matched news was found for this ticker/date. Relative strength versus the benchmark looked mixed. 1-month excess return 2.19%; 3-month excess return 2.19%; 6-month excess return -8.67%."
2024-08-22,IQV,-1.422077829322098,,2.3799748581308178,miss,linear_regression,target_5d_return,regression,4,"Technical state is constructive, with price above the 50-day and 200-day averages. RSI is in a steady zone near 58.1. MACD remains on the bullish side. Volatility is elevated at roughly 34.1%.",No recent matched news was found for this ticker/date.,Relative strength versus the benchmark looked weak. 1-month excess return -0.18%; 3-month excess return 3.43%; 6-month excess return -10.51%.,"Model view: the forward return estimate was mildly negative at about -1.42%. Confidence was not explicitly available for this prediction. Technical state is constructive, with price above the 50-day and 200-day averages. RSI is in a steady zone near 58.1. MACD remains on the bullish side. Volatility is elevated at roughly 34.1%. No recent matched news was found for this ticker/date. Relative strength versus the benchmark looked weak. 1-month excess return -0.18%; 3-month excess return 3.43%; 6-month excess return -10.51%."
2024-08-23,IQV,-2.6247385386006528,,1.052508919400874,miss,linear_regression,target_5d_return,regression,4,"Technical state is constructive, with price above the 50-day and 200-day averages. RSI is in a steady zone near 61.1. MACD remains on the bullish side. Volatility is elevated at roughly 32.8%.",No recent matched news was found for this ticker/date.,Relative strength versus the benchmark looked mixed. 1-month excess return 2.74%; 3-month excess return 2.75%; 6-month excess return -10.01%.,"Model view: the forward return estimate was mildly negative at about -2.62%. Confidence was not explicitly available for this prediction. Technical state is constructive, with price above the 50-day and 200-day averages. RSI is in a steady zone near 61.1. MACD remains on the bullish side. Volatility is elevated at roughly 32.8%. No recent matched news was found for this ticker/date. Relative strength versus the benchmark looked mixed. 1-month excess return 2.74%; 3-month excess return 2.75%; 6-month excess return -10.01%."
2024-08-26,IQV,-1.9234547565395423,,0.3832796521838322,miss,linear_regression,target_5d_return,regression,4,"Technical state is constructive, with price above the 50-day and 200-day averages. RSI is in a steady zone near 59.9. MACD remains on the bullish side. Volatility is elevated at roughly 32.6%.",No recent matched news was found for this ticker/date.,Relative strength versus the benchmark looked mixed. 1-month excess return 0.41%; 3-month excess return 2.06%; 6-month excess return -10.67%.,"Model view: the forward return estimate was mildly negative at about -1.92%. Confidence was not explicitly available for this prediction. Technical state is constructive, with price above the 50-day and 200-day averages. RSI is in a steady zone near 59.9. MACD remains on the bullish side. Volatility is elevated at roughly 32.6%. No recent matched news was found for this ticker/date. Relative strength versus the benchmark looked mixed. 1-month excess return 0.41%; 3-month excess return 2.06%; 6-month excess return -10.67%."
2024-08-27,IQV,-2.35295382620344,,0.09653669689575484,miss,linear_regression,target_5d_return,regression,4,"Technical state is constructive, with price above the 50-day and 200-day averages. RSI is in a steady zone near 60.5. MACD remains on the bullish side. Volatility is elevated at roughly 30.2%.",No recent matched news was found for this ticker/date.,Relative strength versus the benchmark looked mixed. 1-month excess return 1.71%; 3-month excess return 3.71%; 6-month excess return -10.86%.,"Model view: the forward return estimate was mildly negative at about -2.35%. Confidence was not explicitly available for this prediction. Technical state is constructive, with price above the 50-day and 200-day averages. RSI is in a steady zone near 60.5. MACD remains on the bullish side. Volatility is elevated at roughly 30.2%. No recent matched news was found for this ticker/date. Relative strength versus the benchmark looked mixed. 1-month excess return 1.71%; 3-month excess return 3.71%; 6-month excess return -10.86%."
2024-08-28,IQV,-2.862408400486275,,0.2383342074802064,miss,linear_regression,target_5d_return,regression,4,"Technical state is constructive, with price above the 50-day and 200-day averages. RSI is in a steady zone near 59.1. MACD remains on the bullish side. Volatility is elevated at roughly 30.3%.",No recent matched news was found for this ticker/date.,Relative strength versus the benchmark looked weak. 1-month excess return -2.22%; 3-month excess return 3.94%; 6-month excess return -11.40%.,"Model view: the forward return estimate was mildly negative at about -2.86%. Confidence was not explicitly available for this prediction. Technical state is constructive, with price above the 50-day and 200-day averages. RSI is in a steady zone near 59.1. MACD remains on the bullish side. Volatility is elevated at roughly 30.3%. No recent matched news was found for this ticker/date. Relative strength versus the benchmark looked weak. 1-month excess return -2.22%; 3-month excess return 3.94%; 6-month excess return -11.40%."
2024-08-29,IQV,-2.3835992502362613,,-3.0782671432612263,hit,linear_regression,target_5d_return,regression,4,"Technical state is constructive, with price above the 50-day and 200-day averages. RSI is in a steady zone near 62.0. MACD remains on the bullish side. Volatility is elevated at roughly 30.5%.",No recent matched news was found for this ticker/date.,Relative strength versus the benchmark looked mixed. 1-month excess return 0.41%; 3-month excess return 5.92%; 6-month excess return -8.44%.,"Model view: the forward return estimate was mildly negative at about -2.38%. Confidence was not explicitly available for this prediction. Technical state is constructive, with price above the 50-day and 200-day averages. RSI is in a steady zone near 62.0. MACD remains on the bullish side. Volatility is elevated at roughly 30.5%. No recent matched news was found for this ticker/date. Relative strength versus the benchmark looked mixed. 1-month excess return 0.41%; 3-month excess return 5.92%; 6-month excess return -8.44%."
2024-08-30,IQV,-1.5399095511245715,,-4.24567990658018,hit,linear_regression,target_5d_return,regression,4,"Technical state is constructive, with price above the 50-day and 200-day averages. RSI is in a steady zone near 62.6. MACD remains on the bullish side.",No recent matched news was found for this ticker/date.,Relative strength versus the benchmark looked weak. 1-month excess return -2.52%; 3-month excess return 7.92%; 6-month excess return -10.24%.,"Model view: the forward return estimate was mildly negative at about -1.54%. Confidence was not explicitly available for this prediction. Technical state is constructive, with price above the 50-day and 200-day averages. RSI is in a steady zone near 62.6. MACD remains on the bullish side. No recent matched news was found for this ticker/date. Relative strength versus the benchmark looked weak. 1-month excess return -2.52%; 3-month excess return 7.92%; 6-month excess return -10.24%."
2024-09-03,IQV,-1.5037842916451307,,-5.470037676901008,hit,linear_regression,target_5d_return,regression,4,"Technical state is constructive, with price above the 50-day and 200-day averages. RSI is in a steady zone near 58.7. MACD remains on the bullish side.",No recent matched news was found for this ticker/date.,Relative strength versus the benchmark looked weak. 1-month excess return -0.70%; 3-month excess return 10.32%; 6-month excess return -8.89%.,"Model view: the forward return estimate was mildly negative at about -1.50%. Confidence was not explicitly available for this prediction. Technical state is constructive, with price above the 50-day and 200-day averages. RSI is in a steady zone near 58.7. MACD remains on the bullish side. No recent matched news was found for this ticker/date. Relative strength versus the benchmark looked weak. 1-month excess return -0.70%; 3-month excess return 10.32%; 6-month excess return -8.89%."
2024-09-04,IQV,-1.3977175945671707,,-4.637515454092467,hit,linear_regression,target_5d_return,regression,4,"Technical state is constructive, with price above the 50-day and 200-day averages. RSI is in a steady zone near 58.7. MACD remains on the bearish side.",No recent matched news was found for this ticker/date.,Relative strength versus the benchmark looked weak. 1-month excess return -0.04%; 3-month excess return 10.35%; 6-month excess return -9.16%.,"Model view: the forward return estimate was mildly negative at about -1.40%. Confidence was not explicitly available for this prediction. Technical state is constructive, with price above the 50-day and 200-day averages. RSI is in a steady zone near 58.7. MACD remains on the bearish side. No recent matched news was found for this ticker/date. Relative strength versus the benchmark looked weak. 1-month excess return -0.04%; 3-month excess return 10.35%; 6-month excess return -9.16%."
2024-09-05,IQV,-0.1547925869702614,,-3.9252057375359195,hit,linear_regression,target_5d_return,regression,4,"Technical state is constructive, with price above the 50-day and 200-day averages. RSI is in a steady zone near 57.6. MACD remains on the bearish side.",No recent matched news was found for this ticker/date.,Relative strength versus the benchmark looked weak. 1-month excess return -0.65%; 3-month excess return 10.61%; 6-month excess return -9.68%.,"Model view: the forward return estimate was mildly negative at about -0.15%. Confidence was not explicitly available for this prediction. Technical state is constructive, with price above the 50-day and 200-day averages. RSI is in a steady zone near 57.6. MACD remains on the bearish side. No recent matched news was found for this ticker/date. Relative strength versus the benchmark looked weak. 1-month excess return -0.65%; 3-month excess return 10.61%; 6-month excess return -9.68%."
2024-09-06,IQV,-0.6003012177830022,,-1.797840228863623,hit,linear_regression,target_5d_return,regression,4,"Technical state is constructive, with price above the 50-day and 200-day averages. RSI is in a steady zone near 50.3. MACD remains on the bearish side.",No recent matched news was found for this ticker/date.,Relative strength versus the benchmark looked mixed. 1-month excess return 1.65%; 3-month excess return 9.18%; 6-month excess return -10.94%.,"Model view: the forward return estimate was mildly negative at about -0.60%. Confidence was not explicitly available for this prediction. Technical state is constructive, with price above the 50-day and 200-day averages. RSI is in a steady zone near 50.3. MACD remains on the bearish side. No recent matched news was found for this ticker/date. Relative strength versus the benchmark looked mixed. 1-month excess return 1.65%; 3-month excess return 9.18%; 6-month excess return -10.94%."
2024-09-09,IQV,-0.5042837675188975,,-0.6185868993977772,hit,linear_regression,target_5d_return,regression,4,"Technical state is constructive, with price above the 50-day and 200-day averages. MACD remains on the bearish side.",No recent matched news was found for this ticker/date.,Relative strength versus the benchmark looked weak. 1-month excess return -0.94%; 3-month excess return 7.54%; 6-month excess return -13.11%.,"Model view: the forward return estimate was mildly negative at about -0.50%. Confidence was not explicitly available for this prediction. Technical state is constructive, with price above the 50-day and 200-day averages. MACD remains on the bearish side. No recent matched news was found for this ticker/date. Relative strength versus the benchmark looked weak. 1-month excess return -0.94%; 3-month excess return 7.54%; 6-month excess return -13.11%."
2024-09-10,IQV,0.9739692285430886,,2.032312432533212,hit,linear_regression,target_5d_return,regression,4,"Technical state is mixed, with price not fully aligned across the major moving averages. MACD remains on the bearish side.",No recent matched news was found for this ticker/date.,Relative strength versus the benchmark looked weak. 1-month excess return -3.91%; 3-month excess return 6.56%; 6-month excess return -16.34%.,"Model view: the forward return estimate was mildly positive at about 0.97%. Confidence was not explicitly available for this prediction. Technical state is mixed, with price not fully aligned across the major moving averages. MACD remains on the bearish side. No recent matched news was found for this ticker/date. Relative strength versus the benchmark looked weak. 1-month excess return -3.91%; 3-month excess return 6.56%; 6-month excess return -16.34%."
2024-09-11,IQV,0.4477512834712928,,2.2629561939012,hit,linear_regression,target_5d_return,regression,4,"Technical state is constructive, with price above the 50-day and 200-day averages. MACD remains on the bearish side.",No recent matched news was found for this ticker/date.,Relative strength versus the benchmark looked weak. 1-month excess return -1.43%; 3-month excess return 6.88%; 6-month excess return -15.66%.,"Model view: the forward return estimate was mildly positive at about 0.45%. Confidence was not explicitly available for this prediction. Technical state is constructive, with price above the 50-day and 200-day averages. MACD remains on the bearish side. No recent matched news was found for this ticker/date. Relative strength versus the benchmark looked weak. 1-month excess return -1.43%; 3-month excess return 6.88%; 6-month excess return -15.66%."
2024-09-12,IQV,0.5289876687662821,,2.609060981521627,hit,linear_regression,target_5d_return,regression,4,"Technical state is constructive, with price above the 50-day and 200-day averages. MACD remains on the bearish side.",No recent matched news was found for this ticker/date.,Relative strength versus the benchmark looked weak. 1-month excess return -3.15%; 3-month excess return 6.37%; 6-month excess return -15.08%.,"Model view: the forward return estimate was mildly positive at about 0.53%. Confidence was not explicitly available for this prediction. Technical state is constructive, with price above the 50-day and 200-day averages. MACD remains on the bearish side. No recent matched news was found for this ticker/date. Relative strength versus the benchmark looked weak. 1-month excess return -3.15%; 3-month excess return 6.37%; 6-month excess return -15.08%."
2024-09-13,IQV,0.24246017263683575,,1.4327600388226447,hit,linear_regression,target_5d_return,regression,4,"Technical state is constructive, with price above the 50-day and 200-day averages. MACD remains on the bearish side.",No recent matched news was found for this ticker/date.,Relative strength versus the benchmark looked weak. 1-month excess return -2.30%; 3-month excess return 7.95%; 6-month excess return -15.27%.,"Model view: the forward return estimate was mildly positive at about 0.24%. Confidence was not explicitly available for this prediction. Technical state is constructive, with price above the 50-day and 200-day averages. MACD remains on the bearish side. No recent matched news was found for this ticker/date. Relative strength versus the benchmark looked weak. 1-month excess return -2.30%; 3-month excess return 7.95%; 6-month excess return -15.27%."
2024-09-16,IQV,0.5571218995627961,,0.5639530525481717,hit,linear_regression,target_5d_return,regression,4,"Technical state is constructive, with price above the 50-day and 200-day averages. MACD remains on the bearish side.",No recent matched news was found for this ticker/date.,Relative strength versus the benchmark looked weak. 1-month excess return -2.40%; 3-month excess return 8.84%; 6-month excess return -15.35%.,"Model view: the forward return estimate was mildly positive at about 0.56%. Confidence was not explicitly available for this prediction. Technical state is constructive, with price above the 50-day and 200-day averages. MACD remains on the bearish side. No recent matched news was found for this ticker/date. Relative strength versus the benchmark looked weak. 1-month excess return -2.40%; 3-month excess return 8.84%; 6-month excess return -15.35%."
2024-09-17,IQV,0.36999307615503507,,-0.17084274131989874,miss,linear_regression,target_5d_return,regression,4,"Technical state is constructive, with price above the 50-day and 200-day averages. MACD remains on the bearish side.",No recent matched news was found for this ticker/date.,Relative strength versus the benchmark looked weak. 1-month excess return -1.45%; 3-month excess return 9.58%; 6-month excess return -14.91%.,"Model view: the forward return estimate was mildly positive at about 0.37%. Confidence was not explicitly available for this prediction. Technical state is constructive, with price above the 50-day and 200-day averages. MACD remains on the bearish side. No recent matched news was found for this ticker/date. Relative strength versus the benchmark looked weak. 1-month excess return -1.45%; 3-month excess return 9.58%; 6-month excess return -14.91%."
2024-09-18,IQV,-0.9860760630491346,,-4.516417990594723,hit,linear_regression,target_5d_return,regression,4,"Technical state is constructive, with price above the 50-day and 200-day averages. RSI is in a steady zone near 52.3. MACD remains on the bearish side.",No recent matched news was found for this ticker/date.,Relative strength versus the benchmark looked weak. 1-month excess return -0.48%; 3-month excess return 11.71%; 6-month excess return -13.00%.,"Model view: the forward return estimate was mildly negative at about -0.99%. Confidence was not explicitly available for this prediction. Technical state is constructive, with price above the 50-day and 200-day averages. RSI is in a steady zone near 52.3. MACD remains on the bearish side. No recent matched news was found for this ticker/date. Relative strength versus the benchmark looked weak. 1-month excess return -0.48%; 3-month excess return 11.71%; 6-month excess return -13.00%."
2024-09-19,IQV,-0.3916199685355065,,-3.4298093194013557,hit,linear_regression,target_5d_return,regression,4,"Technical state is constructive, with price above the 50-day and 200-day averages. RSI is in a steady zone near 55.1. MACD remains on the bearish side.",No recent matched news was found for this ticker/date.,Relative strength versus the benchmark looked weak. 1-month excess return -3.16%; 3-month excess return 9.83%; 6-month excess return -12.62%.,"Model view: the forward return estimate was mildly negative at about -0.39%. Confidence was not explicitly available for this prediction. Technical state is constructive, with price above the 50-day and 200-day averages. RSI is in a steady zone near 55.1. MACD remains on the bearish side. No recent matched news was found for this ticker/date. Relative strength versus the benchmark looked weak. 1-month excess return -3.16%; 3-month excess return 9.83%; 6-month excess return -12.62%."
2024-09-20,IQV,-1.3232015539110282,,-3.0274252349571262,hit,linear_regression,target_5d_return,regression,4,"Technical state is constructive, with price above the 50-day and 200-day averages. RSI is in a steady zone near 51.0. MACD remains on the bearish side.",No recent matched news was found for this ticker/date.,Relative strength versus the benchmark looked weak. 1-month excess return -3.64%; 3-month excess return 7.56%; 6-month excess return -13.72%.,"Model view: the forward return estimate was mildly negative at about -1.32%. Confidence was not explicitly available for this prediction. Technical state is constructive, with price above the 50-day and 200-day averages. RSI is in a steady zone near 51.0. MACD remains on the bearish side. No recent matched news was found for this ticker/date. Relative strength versus the benchmark looked weak. 1-month excess return -3.64%; 3-month excess return 7.56%; 6-month excess return -13.72%."
2024-09-23,IQV,0.3486733978767961,,-1.5619135851651533,miss,linear_regression,target_5d_return,regression,4,"Technical state is constructive, with price above the 50-day and 200-day averages. MACD remains on the bearish side.",No recent matched news was found for this ticker/date.,Relative strength versus the benchmark looked weak. 1-month excess return -4.47%; 3-month excess return 7.50%; 6-month excess return -14.23%.,"Model view: the forward return estimate was mildly positive at about 0.35%. Confidence was not explicitly available for this prediction. Technical state is constructive, with price above the 50-day and 200-day averages. MACD remains on the bearish side. No recent matched news was found for this ticker/date. Relative strength versus the benchmark looked weak. 1-month excess return -4.47%; 3-month excess return 7.50%; 6-month excess return -14.23%."
2024-09-24,IQV,1.0595191165885307,,-3.4228041726166003,miss,linear_regression,target_5d_return,regression,4,"Technical state is mixed, with price not fully aligned across the major moving averages. MACD remains on the bearish side.",No recent matched news was found for this ticker/date.,Relative strength versus the benchmark looked weak. 1-month excess return -5.70%; 3-month excess return 8.50%; 6-month excess return -13.94%.,"Model view: the forward return estimate was mildly positive at about 1.06%. Confidence was not explicitly available for this prediction. Technical state is mixed, with price not fully aligned across the major moving averages. MACD remains on the bearish side. No recent matched news was found for this ticker/date. Relative strength versus the benchmark looked weak. 1-month excess return -5.70%; 3-month excess return 8.50%; 6-month excess return -13.94%."
2024-09-25,IQV,2.7294846599709452,,0.021573428648014037,hit,linear_regression,target_5d_return,regression,4,"Technical state is soft, with price below the 50-day and 200-day averages. RSI is weak near 36.9. MACD remains on the bearish side.",No recent matched news was found for this ticker/date.,Relative strength versus the benchmark looked weak. 1-month excess return -8.50%; 3-month excess return 5.24%; 6-month excess return -16.75%.,"Model view: the forward return estimate was mildly positive at about 2.73%. Confidence was not explicitly available for this prediction. Technical state is soft, with price below the 50-day and 200-day averages. RSI is weak near 36.9. MACD remains on the bearish side. No recent matched news was found for this ticker/date. Relative strength versus the benchmark looked weak. 1-month excess return -8.50%; 3-month excess return 5.24%; 6-month excess return -16.75%."
2024-09-26,IQV,2.6662664939329708,,-3.7378834147882567,miss,linear_regression,target_5d_return,regression,4,"Technical state is mixed, with price not fully aligned across the major moving averages. MACD remains on the bearish side.",No recent matched news was found for this ticker/date.,Relative strength versus the benchmark looked weak. 1-month excess return -7.23%; 3-month excess return 6.30%; 6-month excess return -16.23%.,"Model view: the forward return estimate was mildly positive at about 2.67%. Confidence was not explicitly available for this prediction. Technical state is mixed, with price not fully aligned across the major moving averages. MACD remains on the bearish side. No recent matched news was found for this ticker/date. Relative strength versus the benchmark looked weak. 1-month excess return -7.23%; 3-month excess return 6.30%; 6-month excess return -16.23%."
2024-09-27,IQV,2.6951841406655412,,-2.108265722470437,miss,linear_regression,target_5d_return,regression,4,"Technical state is mixed, with price not fully aligned across the major moving averages. MACD remains on the bearish side.",No recent matched news was found for this ticker/date.,Relative strength versus the benchmark looked weak. 1-month excess return -7.54%; 3-month excess return 5.99%; 6-month excess return -16.45%.,"Model view: the forward return estimate was mildly positive at about 2.70%. Confidence was not explicitly available for this prediction. Technical state is mixed, with price not fully aligned across the major moving averages. MACD remains on the bearish side. No recent matched news was found for this ticker/date. Relative strength versus the benchmark looked weak. 1-month excess return -7.54%; 3-month excess return 5.99%; 6-month excess return -16.45%."
2024-09-30,IQV,1.3278168327042028,,-4.899354580978599,miss,linear_regression,target_5d_return,regression,4,"Technical state is mixed, with price not fully aligned across the major moving averages. MACD remains on the bearish side.",No recent matched news was found for this ticker/date.,Relative strength versus the benchmark looked weak. 1-month excess return -8.33%; 3-month excess return 8.40%; 6-month excess return -14.70%.,"Model view: the forward return estimate was mildly positive at about 1.33%. Confidence was not explicitly available for this prediction. Technical state is mixed, with price not fully aligned across the major moving averages. MACD remains on the bearish side. No recent matched news was found for this ticker/date. Relative strength versus the benchmark looked weak. 1-month excess return -8.33%; 3-month excess return 8.40%; 6-month excess return -14.70%."
2024-10-01,IQV,3.4738849531627074,,-2.009765308647382,miss,linear_regression,target_5d_return,regression,4,"Technical state is soft, with price below the 50-day and 200-day averages. RSI is weak near 39.5. MACD remains on the bearish side.",No recent matched news was found for this ticker/date.,Relative strength versus the benchmark looked weak. 1-month excess return -8.93%; 3-month excess return 7.91%; 6-month excess return -15.36%.,"Model view: the forward return estimate was mildly positive at about 3.47%. Confidence was not explicitly available for this prediction. Technical state is soft, with price below the 50-day and 200-day averages. RSI is weak near 39.5. MACD remains on the bearish side. No recent matched news was found for this ticker/date. Relative strength versus the benchmark looked weak. 1-month excess return -8.93%; 3-month excess return 7.91%; 6-month excess return -15.36%."
2024-10-02,IQV,2.780223450955233,,-1.2814986585683252,miss,linear_regression,target_5d_return,regression,4,"Technical state is soft, with price below the 50-day and 200-day averages. MACD remains on the bearish side.",No recent matched news was found for this ticker/date.,Relative strength versus the benchmark looked weak. 1-month excess return -9.86%; 3-month excess return 8.90%; 6-month excess return -14.14%.,"Model view: the forward return estimate was mildly positive at about 2.78%. Confidence was not explicitly available for this prediction. Technical state is soft, with price below the 50-day and 200-day averages. MACD remains on the bearish side. No recent matched news was found for this ticker/date. Relative strength versus the benchmark looked weak. 1-month excess return -9.86%; 3-month excess return 8.90%; 6-month excess return -14.14%."
2024-10-03,IQV,3.9289316073126375,,1.2533008707172666,hit,linear_regression,target_5d_return,regression,4,"Technical state is soft, with price below the 50-day and 200-day averages. RSI is weak near 35.6. MACD remains on the bearish side.",No recent matched news was found for this ticker/date.,Relative strength versus the benchmark looked weak. 1-month excess return -11.69%; 3-month excess return 6.92%; 6-month excess return -15.35%.,"Model view: the forward return estimate was mildly positive at about 3.93%. Confidence was not explicitly available for this prediction. Technical state is soft, with price below the 50-day and 200-day averages. RSI is weak near 35.6. MACD remains on the bearish side. No recent matched news was found for this ticker/date. Relative strength versus the benchmark looked weak. 1-month excess return -11.69%; 3-month excess return 6.92%; 6-month excess return -15.35%."
2024-10-04,IQV,4.946786573346856,,-0.2523502611799677,miss,linear_regression,target_5d_return,regression,4,"Technical state is soft, with price below the 50-day and 200-day averages. RSI is weak near 39.7. MACD remains on the bearish side.",No recent matched news was found for this ticker/date.,Relative strength versus the benchmark looked weak. 1-month excess return -11.65%; 3-month excess return 6.80%; 6-month excess return -15.34%.,"Model view: the forward return estimate was mildly positive at about 4.95%. Confidence was not explicitly available for this prediction. Technical state is soft, with price below the 50-day and 200-day averages. RSI is weak near 39.7. MACD remains on the bearish side. No recent matched news was found for this ticker/date. Relative strength versus the benchmark looked weak. 1-month excess return -11.65%; 3-month excess return 6.80%; 6-month excess return -15.34%."
2024-10-07,IQV,3.6611408696889725,,3.487753190035492,hit,linear_regression,target_5d_return,regression,4,"Technical state is soft, with price below the 50-day and 200-day averages. RSI is weak near 35.3. MACD remains on the bearish side.",No recent matched news was found for this ticker/date.,Relative strength versus the benchmark looked weak. 1-month excess return -12.37%; 3-month excess return 3.62%; 6-month excess return -16.17%.,"Model view: the forward return estimate was mildly positive at about 3.66%. Confidence was not explicitly available for this prediction. Technical state is soft, with price below the 50-day and 200-day averages. RSI is weak near 35.3. MACD remains on the bearish side. No recent matched news was found for this ticker/date. Relative strength versus the benchmark looked weak. 1-month excess return -12.37%; 3-month excess return 3.62%; 6-month excess return -16.17%."
2024-10-08,IQV,3.520759024091023,,2.761112594006243,hit,linear_regression,target_5d_return,regression,4,"Technical state is soft, with price below the 50-day and 200-day averages. RSI is weak near 37.6. MACD remains on the bearish side.",No recent matched news was found for this ticker/date.,Relative strength versus the benchmark looked weak. 1-month excess return -10.78%; 3-month excess return 4.81%; 6-month excess return -17.97%.,"Model view: the forward return estimate was mildly positive at about 3.52%. Confidence was not explicitly available for this prediction. Technical state is soft, with price below the 50-day and 200-day averages. RSI is weak near 37.6. MACD remains on the bearish side. No recent matched news was found for this ticker/date. Relative strength versus the benchmark looked weak. 1-month excess return -10.78%; 3-month excess return 4.81%; 6-month excess return -17.97%."
2024-10-09,IQV,2.129524505388804,,1.866342234260543,hit,linear_regression,target_5d_return,regression,4,"Technical state is soft, with price below the 50-day and 200-day averages. MACD remains on the bearish side.",No recent matched news was found for this ticker/date.,Relative strength versus the benchmark looked weak. 1-month excess return -7.91%; 3-month excess return 0.53%; 6-month excess return -16.66%.,"Model view: the forward return estimate was mildly positive at about 2.13%. Confidence was not explicitly available for this prediction. Technical state is soft, with price below the 50-day and 200-day averages. MACD remains on the bearish side. No recent matched news was found for this ticker/date. Relative strength versus the benchmark looked weak. 1-month excess return -7.91%; 3-month excess return 0.53%; 6-month excess return -16.66%."
2024-10-10,IQV,0.200843876539381,,1.580890071508545,hit,linear_regression,target_5d_return,regression,4,"Technical state is soft, with price below the 50-day and 200-day averages. MACD remains on the bearish side.",No recent matched news was found for this ticker/date.,Relative strength versus the benchmark looked weak. 1-month excess return -6.92%; 3-month excess return -0.20%; 6-month excess return -14.50%.,"Model view: the forward return estimate was mildly positive at about 0.20%. Confidence was not explicitly available for this prediction. Technical state is soft, with price below the 50-day and 200-day averages. MACD remains on the bearish side. No recent matched news was found for this ticker/date. Relative strength versus the benchmark looked weak. 1-month excess return -6.92%; 3-month excess return -0.20%; 6-month excess return -14.50%."
2024-10-11,IQV,0.35994993304046696,,3.240865442116525,hit,linear_regression,target_5d_return,regression,4,"Technical state is soft, with price below the 50-day and 200-day averages. MACD remains on the bearish side.",No recent matched news was found for this ticker/date.,Relative strength versus the benchmark looked weak. 1-month excess return -7.51%; 3-month excess return -1.72%; 6-month excess return -15.57%.,"Model view: the forward return estimate was mildly positive at about 0.36%. Confidence was not explicitly available for this prediction. Technical state is soft, with price below the 50-day and 200-day averages. MACD remains on the bearish side. No recent matched news was found for this ticker/date. Relative strength versus the benchmark looked weak. 1-month excess return -7.51%; 3-month excess return -1.72%; 6-month excess return -15.57%."
2024-10-14,IQV,-0.31726090153341646,,-0.8704222488086777,hit,linear_regression,target_5d_return,regression,4,"Technical state is mixed, with price not fully aligned across the major moving averages. MACD remains on the bearish side.",No recent matched news was found for this ticker/date.,Relative strength versus the benchmark looked weak. 1-month excess return -6.26%; 3-month excess return -3.37%; 6-month excess return -14.95%.,"Model view: the forward return estimate was mildly negative at about -0.32%. Confidence was not explicitly available for this prediction. Technical state is mixed, with price not fully aligned across the major moving averages. MACD remains on the bearish side. No recent matched news was found for this ticker/date. Relative strength versus the benchmark looked weak. 1-month excess return -6.26%; 3-month excess return -3.37%; 6-month excess return -14.95%."
2024-10-15,IQV,-0.9916825626232638,,-2.008753009530617,hit,linear_regression,target_5d_return,regression,4,"Technical state is mixed, with price not fully aligned across the major moving averages. MACD remains on the bullish side.",No recent matched news was found for this ticker/date.,Relative strength versus the benchmark looked weak. 1-month excess return -5.69%; 3-month excess return -2.97%; 6-month excess return -13.49%.,"Model view: the forward return estimate was mildly negative at about -0.99%. Confidence was not explicitly available for this prediction. Technical state is mixed, with price not fully aligned across the major moving averages. MACD remains on the bullish side. No recent matched news was found for this ticker/date. Relative strength versus the benchmark looked weak. 1-month excess return -5.69%; 3-month excess return -2.97%; 6-month excess return -13.49%."
2024-10-16,IQV,-0.9772852667767759,,-2.0381017977166183,hit,linear_regression,target_5d_return,regression,4,"Technical state is mixed, with price not fully aligned across the major moving averages. MACD remains on the bullish side.",No recent matched news was found for this ticker/date.,Relative strength versus the benchmark looked weak. 1-month excess return -6.29%; 3-month excess return -1.72%; 6-month excess return -13.80%.,"Model view: the forward return estimate was mildly negative at about -0.98%. Confidence was not explicitly available for this prediction. Technical state is mixed, with price not fully aligned across the major moving averages. MACD remains on the bullish side. No recent matched news was found for this ticker/date. Relative strength versus the benchmark looked weak. 1-month excess return -6.29%; 3-month excess return -1.72%; 6-month excess return -13.80%."
2024-10-17,IQV,-1.3069887026363818,,-9.48308723488025,hit,linear_regression,target_5d_return,regression,4,"Technical state is mixed, with price not fully aligned across the major moving averages. MACD remains on the bullish side.",No recent matched news was found for this ticker/date.,Relative strength versus the benchmark looked weak. 1-month excess return -7.38%; 3-month excess return -1.94%; 6-month excess return -13.68%.,"Model view: the forward return estimate was mildly negative at about -1.31%. Confidence was not explicitly available for this prediction. Technical state is mixed, with price not fully aligned across the major moving averages. MACD remains on the bullish side. No recent matched news was found for this ticker/date. Relative strength versus the benchmark looked weak. 1-month excess return -7.38%; 3-month excess return -1.94%; 6-month excess return -13.68%."
2024-10-18,IQV,-2.6819116972181605,,-9.320206739215697,hit,linear_regression,target_5d_return,regression,4,"Technical state is mixed, with price not fully aligned across the major moving averages. RSI is in a steady zone near 54.1. MACD remains on the bullish side.",No recent matched news was found for this ticker/date.,Relative strength versus the benchmark looked weak. 1-month excess return -5.61%; 3-month excess return -8.89%; 6-month excess return -14.30%.,"Model view: the forward return estimate was mildly negative at about -2.68%. Confidence was not explicitly available for this prediction. Technical state is mixed, with price not fully aligned across the major moving averages. RSI is in a steady zone near 54.1. MACD remains on the bullish side. No recent matched news was found for this ticker/date. Relative strength versus the benchmark looked weak. 1-month excess return -5.61%; 3-month excess return -8.89%; 6-month excess return -14.30%."
2024-10-21,IQV,-1.729939836997007,,-5.904238509938575,hit,linear_regression,target_5d_return,regression,4,"Technical state is soft, with price below the 50-day and 200-day averages. MACD remains on the bullish side.",No recent matched news was found for this ticker/date.,Relative strength versus the benchmark looked weak. 1-month excess return -6.93%; 3-month excess return -8.60%; 6-month excess return -16.94%.,"Model view: the forward return estimate was mildly negative at about -1.73%. Confidence was not explicitly available for this prediction. Technical state is soft, with price below the 50-day and 200-day averages. MACD remains on the bullish side. No recent matched news was found for this ticker/date. Relative strength versus the benchmark looked weak. 1-month excess return -6.93%; 3-month excess return -8.60%; 6-month excess return -16.94%."
2024-10-22,IQV,-1.5592496555846387,,-5.2387238519465695,hit,linear_regression,target_5d_return,regression,4,"Technical state is soft, with price below the 50-day and 200-day averages. MACD remains on the bullish side.",No recent matched news was found for this ticker/date.,Relative strength versus the benchmark looked weak. 1-month excess return -7.26%; 3-month excess return -12.19%; 6-month excess return -19.67%.,"Model view: the forward return estimate was mildly negative at about -1.56%. Confidence was not explicitly available for this prediction. Technical state is soft, with price below the 50-day and 200-day averages. MACD remains on the bullish side. No recent matched news was found for this ticker/date. Relative strength versus the benchmark looked weak. 1-month excess return -7.26%; 3-month excess return -12.19%; 6-month excess return -19.67%."
2024-10-23,IQV,-1.2784644990122571,,-5.3742737522091915,hit,linear_regression,target_5d_return,regression,4,"Technical state is soft, with price below the 50-day and 200-day averages. MACD remains on the bullish side.",No recent matched news was found for this ticker/date.,Relative strength versus the benchmark looked weak. 1-month excess return -5.57%; 3-month excess return -9.09%; 6-month excess return -19.58%.,"Model view: the forward return estimate was mildly negative at about -1.28%. Confidence was not explicitly available for this prediction. Technical state is soft, with price below the 50-day and 200-day averages. MACD remains on the bullish side. No recent matched news was found for this ticker/date. Relative strength versus the benchmark looked weak. 1-month excess return -5.57%; 3-month excess return -9.09%; 6-month excess return -19.58%."
2024-10-24,IQV,1.743064758667314,,-2.7821072234950894,miss,linear_regression,target_5d_return,regression,4,"Technical state is soft, with price below the 50-day and 200-day averages. RSI is weak near 26.8. MACD remains on the bearish side. Volatility is elevated at roughly 31.7%.",No recent matched news was found for this ticker/date.,Relative strength versus the benchmark looked weak. 1-month excess return -9.94%; 3-month excess return -18.09%; 6-month excess return -24.63%.,"Model view: the forward return estimate was mildly positive at about 1.74%. Confidence was not explicitly available for this prediction. Technical state is soft, with price below the 50-day and 200-day averages. RSI is weak near 26.8. MACD remains on the bearish side. Volatility is elevated at roughly 31.7%. No recent matched news was found for this ticker/date. Relative strength versus the benchmark looked weak. 1-month excess return -9.94%; 3-month excess return -18.09%; 6-month excess return -24.63%."
2024-10-25,IQV,1.2278919342231533,,-2.5485724718171343,miss,linear_regression,target_5d_return,regression,4,"Technical state is soft, with price below the 50-day and 200-day averages. RSI is weak near 31.5. MACD remains on the bearish side. Volatility is elevated at roughly 32.4%.",No recent matched news was found for this ticker/date.,Relative strength versus the benchmark looked weak. 1-month excess return -10.01%; 3-month excess return -15.84%; 6-month excess return -22.54%.,"Model view: the forward return estimate was mildly positive at about 1.23%. Confidence was not explicitly available for this prediction. Technical state is soft, with price below the 50-day and 200-day averages. RSI is weak near 31.5. MACD remains on the bearish side. Volatility is elevated at roughly 32.4%. No recent matched news was found for this ticker/date. Relative strength versus the benchmark looked weak. 1-month excess return -10.01%; 3-month excess return -15.84%; 6-month excess return -22.54%."
2024-10-28,IQV,1.2654618019493904,,-3.3786848724680407,miss,linear_regression,target_5d_return,regression,4,"Technical state is soft, with price below the 50-day and 200-day averages. RSI is weak near 35.8. MACD remains on the bearish side. Volatility is elevated at roughly 32.7%.",No recent matched news was found for this ticker/date.,Relative strength versus the benchmark looked weak. 1-month excess return -8.97%; 3-month excess return -18.61%; 6-month excess return -21.50%.,"Model view: the forward return estimate was mildly positive at about 1.27%. Confidence was not explicitly available for this prediction. Technical state is soft, with price below the 50-day and 200-day averages. RSI is weak near 35.8. MACD remains on the bearish side. Volatility is elevated at roughly 32.7%. No recent matched news was found for this ticker/date. Relative strength versus the benchmark looked weak. 1-month excess return -8.97%; 3-month excess return -18.61%; 6-month excess return -21.50%."
2024-10-29,IQV,1.308636481014419,,-1.6039573261726003,miss,linear_regression,target_5d_return,regression,4,"Technical state is soft, with price below the 50-day and 200-day averages. RSI is weak near 34.8. MACD remains on the bearish side. Volatility is elevated at roughly 31.9%.",No recent matched news was found for this ticker/date.,Relative strength versus the benchmark looked weak. 1-month excess return -10.05%; 3-month excess return -17.84%; 6-month excess return -22.55%.,"Model view: the forward return estimate was mildly positive at about 1.31%. Confidence was not explicitly available for this prediction. Technical state is soft, with price below the 50-day and 200-day averages. RSI is weak near 34.8. MACD remains on the bearish side. Volatility is elevated at roughly 31.9%. No recent matched news was found for this ticker/date. Relative strength versus the benchmark looked weak. 1-month excess return -10.05%; 3-month excess return -17.84%; 6-month excess return -22.55%."
2024-10-30,IQV,-0.08962442268789281,,2.4115936288550133,miss,linear_regression,target_5d_return,regression,4,"Technical state is soft, with price below the 50-day and 200-day averages. RSI is weak near 34.6. MACD remains on the bearish side. Volatility is elevated at roughly 31.9%.",No recent matched news was found for this ticker/date.,Relative strength versus the benchmark looked weak. 1-month excess return -8.62%; 3-month excess return -19.85%; 6-month excess return -23.18%.,"Model view: the forward return estimate was mildly negative at about -0.09%. Confidence was not explicitly available for this prediction. Technical state is soft, with price below the 50-day and 200-day averages. RSI is weak near 34.6. MACD remains on the bearish side. Volatility is elevated at roughly 31.9%. No recent matched news was found for this ticker/date. Relative strength versus the benchmark looked weak. 1-month excess return -8.62%; 3-month excess return -19.85%; 6-month excess return -23.18%."
2024-10-31,IQV,-1.374942944005108,,5.762309265143517,miss,linear_regression,target_5d_return,regression,4,"Technical state is soft, with price below the 50-day and 200-day averages. RSI is weak near 27.2. MACD remains on the bearish side. Volatility is elevated at roughly 35.1%.",No recent matched news was found for this ticker/date.,Relative strength versus the benchmark looked weak. 1-month excess return -11.16%; 3-month excess return -21.56%; 6-month excess return -19.94%.,"Model view: the forward return estimate was mildly negative at about -1.37%. Confidence was not explicitly available for this prediction. Technical state is soft, with price below the 50-day and 200-day averages. RSI is weak near 27.2. MACD remains on the bearish side. Volatility is elevated at roughly 35.1%. No recent matched news was found for this ticker/date. Relative strength versus the benchmark looked weak. 1-month excess return -11.16%; 3-month excess return -21.56%; 6-month excess return -19.94%."
2024-11-01,IQV,-0.17207554280691048,,4.8144922017200775,miss,linear_regression,target_5d_return,regression,4,"Technical state is soft, with price below the 50-day and 200-day averages. RSI is weak near 32.3. MACD remains on the bearish side. Volatility is elevated at roughly 35.5%.",No recent matched news was found for this ticker/date.,Relative strength versus the benchmark looked weak. 1-month excess return -8.62%; 3-month excess return -20.95%; 6-month excess return -18.06%.,"Model view: the forward return estimate was mildly negative at about -0.17%. Confidence was not explicitly available for this prediction. Technical state is soft, with price below the 50-day and 200-day averages. RSI is weak near 32.3. MACD remains on the bearish side. Volatility is elevated at roughly 35.5%. No recent matched news was found for this ticker/date. Relative strength versus the benchmark looked weak. 1-month excess return -8.62%; 3-month excess return -20.95%; 6-month excess return -18.06%."
2024-11-04,IQV,-0.3974234693797869,,3.2351695954965454,miss,linear_regression,target_5d_return,regression,4,"Technical state is soft, with price below the 50-day and 200-day averages. RSI is weak near 33.8. MACD remains on the bearish side. Volatility is elevated at roughly 35.2%.",No recent matched news was found for this ticker/date.,Relative strength versus the benchmark looked weak. 1-month excess return -8.01%; 3-month excess return -20.55%; 6-month excess return -17.76%.,"Model view: the forward return estimate was mildly negative at about -0.40%. Confidence was not explicitly available for this prediction. Technical state is soft, with price below the 50-day and 200-day averages. RSI is weak near 33.8. MACD remains on the bearish side. Volatility is elevated at roughly 35.2%. No recent matched news was found for this ticker/date. Relative strength versus the benchmark looked weak. 1-month excess return -8.01%; 3-month excess return -20.55%; 6-month excess return -17.76%."
2024-11-05,IQV,0.4451232500856839,,0.32884493967590966,hit,linear_regression,target_5d_return,regression,4,"Technical state is soft, with price below the 50-day and 200-day averages. RSI is weak near 37.8. MACD remains on the bearish side. Volatility is elevated at roughly 35.5%.",No recent matched news was found for this ticker/date.,Relative strength versus the benchmark looked weak. 1-month excess return -7.11%; 3-month excess return -18.52%; 6-month excess return -18.61%.,"Model view: the forward return estimate was mildly positive at about 0.45%. Confidence was not explicitly available for this prediction. Technical state is soft, with price below the 50-day and 200-day averages. RSI is weak near 37.8. MACD remains on the bearish side. Volatility is elevated at roughly 35.5%. No recent matched news was found for this ticker/date. Relative strength versus the benchmark looked weak. 1-month excess return -7.11%; 3-month excess return -18.52%; 6-month excess return -18.61%."
2024-11-06,IQV,1.443286174614668,,-4.402262369791665,miss,linear_regression,target_5d_return,regression,4,"Technical state is soft, with price below the 50-day and 200-day averages. MACD remains on the bearish side. Volatility is elevated at roughly 38.4%.",No recent matched news was found for this ticker/date.,Relative strength versus the benchmark looked weak. 1-month excess return -5.54%; 3-month excess return -17.67%; 6-month excess return -17.19%.,"Model view: the forward return estimate was mildly positive at about 1.44%. Confidence was not explicitly available for this prediction. Technical state is soft, with price below the 50-day and 200-day averages. MACD remains on the bearish side. Volatility is elevated at roughly 38.4%. No recent matched news was found for this ticker/date. Relative strength versus the benchmark looked weak. 1-month excess return -5.54%; 3-month excess return -17.67%; 6-month excess return -17.19%."
2024-11-07,IQV,0.6309923498319683,,-6.771403312351798,miss,linear_regression,target_5d_return,regression,4,"Technical state is soft, with price below the 50-day and 200-day averages. MACD remains on the bullish side. Volatility is elevated at roughly 38.6%.",No recent matched news was found for this ticker/date.,Relative strength versus the benchmark looked weak. 1-month excess return -8.08%; 3-month excess return -20.12%; 6-month excess return -19.54%.,"Model view: the forward return estimate was mildly positive at about 0.63%. Confidence was not explicitly available for this prediction. Technical state is soft, with price below the 50-day and 200-day averages. MACD remains on the bullish side. Volatility is elevated at roughly 38.6%. No recent matched news was found for this ticker/date. Relative strength versus the benchmark looked weak. 1-month excess return -8.08%; 3-month excess return -20.12%; 6-month excess return -19.54%."
2024-11-08,IQV,0.7230489672984972,,-12.110570437064816,miss,linear_regression,target_5d_return,regression,4,"Technical state is soft, with price below the 50-day and 200-day averages. MACD remains on the bullish side. Volatility is elevated at roughly 38.7%.",No recent matched news was found for this ticker/date.,Relative strength versus the benchmark looked weak. 1-month excess return -8.64%; 3-month excess return -17.50%; 6-month excess return -21.22%.,"Model view: the forward return estimate was mildly positive at about 0.72%. Confidence was not explicitly available for this prediction. Technical state is soft, with price below the 50-day and 200-day averages. MACD remains on the bullish side. Volatility is elevated at roughly 38.7%. No recent matched news was found for this ticker/date. Relative strength versus the benchmark looked weak. 1-month excess return -8.64%; 3-month excess return -17.50%; 6-month excess return -21.22%."
2024-11-11,IQV,0.5189011972823621,,-11.959081778007864,miss,linear_regression,target_5d_return,regression,4,"Technical state is soft, with price below the 50-day and 200-day averages. MACD remains on the bullish side. Volatility is elevated at roughly 38.2%.",No recent matched news was found for this ticker/date.,Relative strength versus the benchmark looked weak. 1-month excess return -8.67%; 3-month excess return -19.47%; 6-month excess return -20.22%.,"Model view: the forward return estimate was mildly positive at about 0.52%. Confidence was not explicitly available for this prediction. Technical state is soft, with price below the 50-day and 200-day averages. MACD remains on the bullish side. Volatility is elevated at roughly 38.2%. No recent matched news was found for this ticker/date. Relative strength versus the benchmark looked weak. 1-month excess return -8.67%; 3-month excess return -19.47%; 6-month excess return -20.22%."
2024-11-12,IQV,1.7775439091386553,,-10.4134497965352,miss,linear_regression,target_5d_return,regression,4,"Technical state is soft, with price below the 50-day and 200-day averages. MACD remains on the bullish side. Volatility is elevated at roughly 38.4%.",No recent matched news was found for this ticker/date.,Relative strength versus the benchmark looked weak. 1-month excess return -10.60%; 3-month excess return -19.38%; 6-month excess return -21.68%.,"Model view: the forward return estimate was mildly positive at about 1.78%. Confidence was not explicitly available for this prediction. Technical state is soft, with price below the 50-day and 200-day averages. MACD remains on the bullish side. Volatility is elevated at roughly 38.4%. No recent matched news was found for this ticker/date. Relative strength versus the benchmark looked weak. 1-month excess return -10.60%; 3-month excess return -19.38%; 6-month excess return -21.68%."
2024-11-13,IQV,2.743772079893778,,-8.098903157727522,miss,linear_regression,target_5d_return,regression,4,"Technical state is soft, with price below the 50-day and 200-day averages. RSI is weak near 39.2. MACD remains on the bullish side. Volatility is elevated at roughly 38.4%.",No recent matched news was found for this ticker/date.,Relative strength versus the benchmark looked weak. 1-month excess return -12.23%; 3-month excess return -20.20%; 6-month excess return -22.25%.,"Model view: the forward return estimate was mildly positive at about 2.74%. Confidence was not explicitly available for this prediction. Technical state is soft, with price below the 50-day and 200-day averages. RSI is weak near 39.2. MACD remains on the bullish side. Volatility is elevated at roughly 38.4%. No recent matched news was found for this ticker/date. Relative strength versus the benchmark looked weak. 1-month excess return -12.23%; 3-month excess return -20.20%; 6-month excess return -22.25%."
2024-11-14,IQV,4.631994078921364,,-2.6313177656693942,miss,linear_regression,target_5d_return,regression,4,"Technical state is soft, with price below the 50-day and 200-day averages. RSI is weak near 32.6. MACD remains on the bearish side. Volatility is elevated at roughly 40.3%.",No recent matched news was found for this ticker/date.,Relative strength versus the benchmark looked weak. 1-month excess return -14.85%; 3-month excess return -22.40%; 6-month excess return -25.90%.,"Model view: the forward return estimate was mildly positive at about 4.63%. Confidence was not explicitly available for this prediction. Technical state is soft, with price below the 50-day and 200-day averages. RSI is weak near 32.6. MACD remains on the bearish side. Volatility is elevated at roughly 40.3%. No recent matched news was found for this ticker/date. Relative strength versus the benchmark looked weak. 1-month excess return -14.85%; 3-month excess return -22.40%; 6-month excess return -25.90%."
2024-11-15,IQV,7.2326742784803155,,4.743624141514902,hit,linear_regression,target_5d_return,regression,4,"Technical state is soft, with price below the 50-day and 200-day averages. RSI is weak near 26.8. MACD remains on the bearish side. Volatility is elevated at roughly 42.5%.",No recent matched news was found for this ticker/date.,Relative strength versus the benchmark looked weak. 1-month excess return -18.22%; 3-month excess return -25.44%; 6-month excess return -27.30%.,"Model view: the forward return estimate was mildly positive at about 7.23%. Confidence was not explicitly available for this prediction. Technical state is soft, with price below the 50-day and 200-day averages. RSI is weak near 26.8. MACD remains on the bearish side. Volatility is elevated at roughly 42.5%. No recent matched news was found for this ticker/date. Relative strength versus the benchmark looked weak. 1-month excess return -18.22%; 3-month excess return -25.44%; 6-month excess return -27.30%."
2024-11-18,IQV,8.255589942270657,,6.794394599295828,hit,linear_regression,target_5d_return,regression,4,"Technical state is soft, with price below the 50-day and 200-day averages. RSI is weak near 26.0. MACD remains on the bearish side. Volatility is elevated at roughly 42.2%.",No recent matched news was found for this ticker/date.,Relative strength versus the benchmark looked weak. 1-month excess return -19.91%; 3-month excess return -27.94%; 6-month excess return -27.97%.,"Model view: the forward return estimate was mildly positive at about 8.26%. Confidence was not explicitly available for this prediction. Technical state is soft, with price below the 50-day and 200-day averages. RSI is weak near 26.0. MACD remains on the bearish side. Volatility is elevated at roughly 42.2%. No recent matched news was found for this ticker/date. Relative strength versus the benchmark looked weak. 1-month excess return -19.91%; 3-month excess return -27.94%; 6-month excess return -27.97%."
2024-11-19,IQV,8.06326973327875,,5.174302933016284,hit,linear_regression,target_5d_return,regression,4,"Technical state is soft, with price below the 50-day and 200-day averages. RSI is weak near 26.4. MACD remains on the bearish side. Volatility is elevated at roughly 42.4%.",No recent matched news was found for this ticker/date.,Relative strength versus the benchmark looked weak. 1-month excess return -18.39%; 3-month excess return -27.86%; 6-month excess return -27.69%.,"Model view: the forward return estimate was mildly positive at about 8.06%. Confidence was not explicitly available for this prediction. Technical state is soft, with price below the 50-day and 200-day averages. RSI is weak near 26.4. MACD remains on the bearish side. Volatility is elevated at roughly 42.4%. No recent matched news was found for this ticker/date. Relative strength versus the benchmark looked weak. 1-month excess return -18.39%; 3-month excess return -27.86%; 6-month excess return -27.69%."
2024-11-20,IQV,8.730393950739998,,3.6269099783277747,hit,linear_regression,target_5d_return,regression,4,"Technical state is soft, with price below the 50-day and 200-day averages. RSI is weak near 30.9. MACD remains on the bearish side. Volatility is elevated at roughly 43.2%.",No recent matched news was found for this ticker/date.,Relative strength versus the benchmark looked weak. 1-month excess return -16.11%; 3-month excess return -26.86%; 6-month excess return -25.47%.,"Model view: the forward return estimate was mildly positive at about 8.73%. Confidence was not explicitly available for this prediction. Technical state is soft, with price below the 50-day and 200-day averages. RSI is weak near 30.9. MACD remains on the bearish side. Volatility is elevated at roughly 43.2%. No recent matched news was found for this ticker/date. Relative strength versus the benchmark looked weak. 1-month excess return -16.11%; 3-month excess return -26.86%; 6-month excess return -25.47%."
2024-11-21,IQV,9.617913826334355,,1.6396711205958647,hit,linear_regression,target_5d_return,regression,4,"Technical state is soft, with price below the 50-day and 200-day averages. RSI is weak near 35.3. MACD remains on the bearish side. Volatility is elevated at roughly 36.4%.",No recent matched news was found for this ticker/date.,Relative strength versus the benchmark looked weak. 1-month excess return -16.16%; 3-month excess return -26.23%; 6-month excess return -25.85%.,"Model view: the forward return estimate was mildly positive at about 9.62%. Confidence was not explicitly available for this prediction. Technical state is soft, with price below the 50-day and 200-day averages. RSI is weak near 35.3. MACD remains on the bearish side. Volatility is elevated at roughly 36.4%. No recent matched news was found for this ticker/date. Relative strength versus the benchmark looked weak. 1-month excess return -16.16%; 3-month excess return -26.23%; 6-month excess return -25.85%."
2024-11-22,IQV,8.065859314247637,,-0.01487168615434964,miss,linear_regression,target_5d_return,regression,4,"Technical state is soft, with price below the 50-day and 200-day averages. MACD remains on the bearish side. Volatility is elevated at roughly 37.0%.",No recent matched news was found for this ticker/date.,Relative strength versus the benchmark looked weak. 1-month excess return -7.49%; 3-month excess return -24.80%; 6-month excess return -24.58%.,"Model view: the forward return estimate was mildly positive at about 8.07%. Confidence was not explicitly available for this prediction. Technical state is soft, with price below the 50-day and 200-day averages. MACD remains on the bearish side. Volatility is elevated at roughly 37.0%. No recent matched news was found for this ticker/date. Relative strength versus the benchmark looked weak. 1-month excess return -7.49%; 3-month excess return -24.80%; 6-month excess return -24.58%."
2024-11-25,IQV,7.300016649104789,,-1.6861103663208699,miss,linear_regression,target_5d_return,regression,4,"Technical state is soft, with price below the 50-day and 200-day averages. MACD remains on the bullish side. Volatility is elevated at roughly 36.8%.",No recent matched news was found for this ticker/date.,Relative strength versus the benchmark looked weak. 1-month excess return -8.13%; 3-month excess return -24.36%; 6-month excess return -22.76%.,"Model view: the forward return estimate was mildly positive at about 7.30%. Confidence was not explicitly available for this prediction. Technical state is soft, with price below the 50-day and 200-day averages. MACD remains on the bullish side. Volatility is elevated at roughly 36.8%. No recent matched news was found for this ticker/date. Relative strength versus the benchmark looked weak. 1-month excess return -8.13%; 3-month excess return -24.36%; 6-month excess return -22.76%."
2024-11-26,IQV,8.317883296331257,,0.9640721972846267,hit,linear_regression,target_5d_return,regression,4,"Technical state is soft, with price below the 50-day and 200-day averages. MACD remains on the bullish side. Volatility is elevated at roughly 37.0%.",No recent matched news was found for this ticker/date.,Relative strength versus the benchmark looked weak. 1-month excess return -10.94%; 3-month excess return -26.35%; 6-month excess return -24.75%.,"Model view: the forward return estimate was mildly positive at about 8.32%. Confidence was not explicitly available for this prediction. Technical state is soft, with price below the 50-day and 200-day averages. MACD remains on the bullish side. Volatility is elevated at roughly 37.0%. No recent matched news was found for this ticker/date. Relative strength versus the benchmark looked weak. 1-month excess return -10.94%; 3-month excess return -26.35%; 6-month excess return -24.75%."
2024-11-27,IQV,8.134920306573601,,-0.7446755967540408,miss,linear_regression,target_5d_return,regression,4,"Technical state is soft, with price below the 50-day and 200-day averages. MACD remains on the bullish side. Volatility is elevated at roughly 37.0%.",No recent matched news was found for this ticker/date.,Relative strength versus the benchmark looked weak. 1-month excess return -9.84%; 3-month excess return -26.96%; 6-month excess return -24.04%.,"Model view: the forward return estimate was mildly positive at about 8.13%. Confidence was not explicitly available for this prediction. Technical state is soft, with price below the 50-day and 200-day averages. MACD remains on the bullish side. Volatility is elevated at roughly 37.0%. No recent matched news was found for this ticker/date. Relative strength versus the benchmark looked weak. 1-month excess return -9.84%; 3-month excess return -26.96%; 6-month excess return -24.04%."
2024-11-29,IQV,8.636903681930217,,0.8912609926114534,hit,linear_regression,target_5d_return,regression,4,"Technical state is soft, with price below the 50-day and 200-day averages. MACD remains on the bullish side. Volatility is elevated at roughly 33.2%.",No recent matched news was found for this ticker/date.,Relative strength versus the benchmark looked weak. 1-month excess return -10.84%; 3-month excess return -26.99%; 6-month excess return -22.53%.,"Model view: the forward return estimate was mildly positive at about 8.64%. Confidence was not explicitly available for this prediction. Technical state is soft, with price below the 50-day and 200-day averages. MACD remains on the bullish side. Volatility is elevated at roughly 33.2%. No recent matched news was found for this ticker/date. Relative strength versus the benchmark looked weak. 1-month excess return -10.84%; 3-month excess return -26.99%; 6-month excess return -22.53%."
2024-12-02,IQV,6.038086219862391,,2.304380449966037,hit,linear_regression,target_5d_return,regression,4,"Technical state is soft, with price below the 50-day and 200-day averages. MACD remains on the bullish side. Volatility is elevated at roughly 32.7%.",No recent matched news was found for this ticker/date.,Relative strength versus the benchmark looked weak. 1-month excess return -8.15%; 3-month excess return -28.25%; 6-month excess return -21.18%.,"Model view: the forward return estimate was mildly positive at about 6.04%. Confidence was not explicitly available for this prediction. Technical state is soft, with price below the 50-day and 200-day averages. MACD remains on the bullish side. Volatility is elevated at roughly 32.7%. No recent matched news was found for this ticker/date. Relative strength versus the benchmark looked weak. 1-month excess return -8.15%; 3-month excess return -28.25%; 6-month excess return -21.18%."
2024-12-03,IQV,6.246018756000174,,1.3062095389720252,hit,linear_regression,target_5d_return,regression,4,"Technical state is soft, with price below the 50-day and 200-day averages. MACD remains on the bullish side. Volatility is elevated at roughly 32.6%.",No recent matched news was found for this ticker/date.,Relative strength versus the benchmark looked weak. 1-month excess return -9.86%; 3-month excess return -29.04%; 6-month excess return -21.93%.,"Model view: the forward return estimate was mildly positive at about 6.25%. Confidence was not explicitly available for this prediction. Technical state is soft, with price below the 50-day and 200-day averages. MACD remains on the bullish side. Volatility is elevated at roughly 32.6%. No recent matched news was found for this ticker/date. Relative strength versus the benchmark looked weak. 1-month excess return -9.86%; 3-month excess return -29.04%; 6-month excess return -21.93%."
2024-12-04,IQV,5.854996210517923,,-1.0336126709910798,miss,linear_regression,target_5d_return,regression,4,"Technical state is soft, with price below the 50-day and 200-day averages. MACD remains on the bullish side. Volatility is elevated at roughly 32.6%.",No recent matched news was found for this ticker/date.,Relative strength versus the benchmark looked weak. 1-month excess return -9.99%; 3-month excess return -28.73%; 6-month excess return -20.83%.,"Model view: the forward return estimate was mildly positive at about 5.85%. Confidence was not explicitly available for this prediction. Technical state is soft, with price below the 50-day and 200-day averages. MACD remains on the bullish side. Volatility is elevated at roughly 32.6%. No recent matched news was found for this ticker/date. Relative strength versus the benchmark looked weak. 1-month excess return -9.99%; 3-month excess return -28.73%; 6-month excess return -20.83%."
2024-12-05,IQV,5.066024018402301,,0.2200782561522896,hit,linear_regression,target_5d_return,regression,4,"Technical state is soft, with price below the 50-day and 200-day averages. MACD remains on the bullish side.",No recent matched news was found for this ticker/date.,Relative strength versus the benchmark looked weak. 1-month excess return -11.29%; 3-month excess return -30.04%; 6-month excess return -22.81%.,"Model view: the forward return estimate was mildly positive at about 5.07%. Confidence was not explicitly available for this prediction. Technical state is soft, with price below the 50-day and 200-day averages. MACD remains on the bullish side. No recent matched news was found for this ticker/date. Relative strength versus the benchmark looked weak. 1-month excess return -11.29%; 3-month excess return -30.04%; 6-month excess return -22.81%."
2024-12-06,IQV,5.9002096115373615,,-1.7618354825009286,miss,linear_regression,target_5d_return,regression,4,"Technical state is soft, with price below the 50-day and 200-day averages. MACD remains on the bullish side.",No recent matched news was found for this ticker/date.,Relative strength versus the benchmark looked weak. 1-month excess return -11.27%; 3-month excess return -27.14%; 6-month excess return -21.43%.,"Model view: the forward return estimate was mildly positive at about 5.90%. Confidence was not explicitly available for this prediction. Technical state is soft, with price below the 50-day and 200-day averages. MACD remains on the bullish side. No recent matched news was found for this ticker/date. Relative strength versus the benchmark looked weak. 1-month excess return -11.27%; 3-month excess return -27.14%; 6-month excess return -21.43%."
2024-12-09,IQV,4.261505925408839,,-4.529163918300883,miss,linear_regression,target_5d_return,regression,4,"Technical state is soft, with price below the 50-day and 200-day averages. RSI is in a steady zone near 50.1. MACD remains on the bullish side. Volatility is elevated at roughly 30.2%.",No recent matched news was found for this ticker/date.,Relative strength versus the benchmark looked weak. 1-month excess return -6.69%; 3-month excess return -22.46%; 6-month excess return -17.25%.,"Model view: the forward return estimate was mildly positive at about 4.26%. Confidence was not explicitly available for this prediction. Technical state is soft, with price below the 50-day and 200-day averages. RSI is in a steady zone near 50.1. MACD remains on the bullish side. Volatility is elevated at roughly 30.2%. No recent matched news was found for this ticker/date. Relative strength versus the benchmark looked weak. 1-month excess return -6.69%; 3-month excess return -22.46%; 6-month excess return -17.25%."
2024-12-10,IQV,5.395850694541911,,-3.2283453036983434,miss,linear_regression,target_5d_return,regression,4,"Technical state is soft, with price below the 50-day and 200-day averages. MACD remains on the bullish side. Volatility is elevated at roughly 30.4%.",No recent matched news was found for this ticker/date.,Relative strength versus the benchmark looked weak. 1-month excess return -8.11%; 3-month excess return -23.18%; 6-month excess return -18.03%.,"Model view: the forward return estimate was mildly positive at about 5.40%. Confidence was not explicitly available for this prediction. Technical state is soft, with price below the 50-day and 200-day averages. MACD remains on the bullish side. Volatility is elevated at roughly 30.4%. No recent matched news was found for this ticker/date. Relative strength versus the benchmark looked weak. 1-month excess return -8.11%; 3-month excess return -23.18%; 6-month excess return -18.03%."
2024-12-11,IQV,6.784890299081303,,-5.023129126976011,miss,linear_regression,target_5d_return,regression,4,"Technical state is soft, with price below the 50-day and 200-day averages. MACD remains on the bullish side. Volatility is elevated at roughly 30.2%.",No recent matched news was found for this ticker/date.,Relative strength versus the benchmark looked weak. 1-month excess return -8.81%; 3-month excess return -24.36%; 6-month excess return -19.77%.,"Model view: the forward return estimate was mildly positive at about 6.78%. Confidence was not explicitly available for this prediction. Technical state is soft, with price below the 50-day and 200-day averages. MACD remains on the bullish side. Volatility is elevated at roughly 30.2%. No recent matched news was found for this ticker/date. Relative strength versus the benchmark looked weak. 1-month excess return -8.81%; 3-month excess return -24.36%; 6-month excess return -19.77%."
2024-12-12,IQV,6.287328867093427,,-4.416824405046571,miss,linear_regression,target_5d_return,regression,4,"Technical state is soft, with price below the 50-day and 200-day averages. MACD remains on the bullish side. Volatility is elevated at roughly 30.1%.",No recent matched news was found for this ticker/date.,Relative strength versus the benchmark looked weak. 1-month excess return -7.44%; 3-month excess return -23.62%; 6-month excess return -17.80%.,"Model view: the forward return estimate was mildly positive at about 6.29%. Confidence was not explicitly available for this prediction. Technical state is soft, with price below the 50-day and 200-day averages. MACD remains on the bullish side. Volatility is elevated at roughly 30.1%. No recent matched news was found for this ticker/date. Relative strength versus the benchmark looked weak. 1-month excess return -7.44%; 3-month excess return -23.62%; 6-month excess return -17.80%."
2024-12-13,IQV,6.902834874683114,,-0.8992230021533709,miss,linear_regression,target_5d_return,regression,4,"Technical state is soft, with price below the 50-day and 200-day averages. MACD remains on the bullish side.",No recent matched news was found for this ticker/date.,Relative strength versus the benchmark looked weak. 1-month excess return -7.08%; 3-month excess return -24.24%; 6-month excess return -17.78%.,"Model view: the forward return estimate was mildly positive at about 6.90%. Confidence was not explicitly available for this prediction. Technical state is soft, with price below the 50-day and 200-day averages. MACD remains on the bullish side. No recent matched news was found for this ticker/date. Relative strength versus the benchmark looked weak. 1-month excess return -7.08%; 3-month excess return -24.24%; 6-month excess return -17.78%."
2024-12-16,IQV,6.303441070162476,,1.0249146633489525,hit,linear_regression,target_5d_return,regression,4,"Technical state is soft, with price below the 50-day and 200-day averages. RSI is weak near 39.0. MACD remains on the bullish side.",No recent matched news was found for this ticker/date.,Relative strength versus the benchmark looked weak. 1-month excess return -5.13%; 3-month excess return -25.64%; 6-month excess return -18.51%.,"Model view: the forward return estimate was mildly positive at about 6.30%. Confidence was not explicitly available for this prediction. Technical state is soft, with price below the 50-day and 200-day averages. RSI is weak near 39.0. MACD remains on the bullish side. No recent matched news was found for this ticker/date. Relative strength versus the benchmark looked weak. 1-month excess return -5.13%; 3-month excess return -25.64%; 6-month excess return -18.51%."
2024-12-17,IQV,4.484604347335717,,1.7036239391343244,hit,linear_regression,target_5d_return,regression,4,"Technical state is soft, with price below the 50-day and 200-day averages. RSI is weak near 38.5. MACD remains on the bullish side.",No recent matched news was found for this ticker/date.,Relative strength versus the benchmark looked weak. 1-month excess return -1.09%; 3-month excess return -26.63%; 6-month excess return -17.75%.,"Model view: the forward return estimate was mildly positive at about 4.48%. Confidence was not explicitly available for this prediction. Technical state is soft, with price below the 50-day and 200-day averages. RSI is weak near 38.5. MACD remains on the bullish side. No recent matched news was found for this ticker/date. Relative strength versus the benchmark looked weak. 1-month excess return -1.09%; 3-month excess return -26.63%; 6-month excess return -17.75%."
2024-12-18,IQV,6.323795503995099,,4.859401330040325,hit,linear_regression,target_5d_return,regression,4,"Technical state is soft, with price below the 50-day and 200-day averages. RSI is weak near 32.6. MACD remains on the bearish side.",No recent matched news was found for this ticker/date.,Relative strength versus the benchmark looked weak. 1-month excess return 0.26%; 3-month excess return -24.64%; 6-month excess return -18.05%.,"Model view: the forward return estimate was mildly positive at about 6.32%. Confidence was not explicitly available for this prediction. Technical state is soft, with price below the 50-day and 200-day averages. RSI is weak near 32.6. MACD remains on the bearish side. No recent matched news was found for this ticker/date. Relative strength versus the benchmark looked weak. 1-month excess return 0.26%; 3-month excess return -24.64%; 6-month excess return -18.05%."
2024-12-19,IQV,5.5670446782050345,,4.1092287706883335,hit,linear_regression,target_5d_return,regression,4,"Technical state is soft, with price below the 50-day and 200-day averages. RSI is weak near 33.7. MACD remains on the bearish side.",No recent matched news was found for this ticker/date.,Relative strength versus the benchmark looked weak. 1-month excess return 0.79%; 3-month excess return -23.77%; 6-month excess return -18.84%.,"Model view: the forward return estimate was mildly positive at about 5.57%. Confidence was not explicitly available for this prediction. Technical state is soft, with price below the 50-day and 200-day averages. RSI is weak near 33.7. MACD remains on the bearish side. No recent matched news was found for this ticker/date. Relative strength versus the benchmark looked weak. 1-month excess return 0.79%; 3-month excess return -23.77%; 6-month excess return -18.84%."
2024-12-20,IQV,3.750301754011962,,0.09124178632482494,hit,linear_regression,target_5d_return,regression,4,"Technical state is soft, with price below the 50-day and 200-day averages. MACD remains on the bearish side.",No recent matched news was found for this ticker/date.,Relative strength versus the benchmark looked weak. 1-month excess return 1.09%; 3-month excess return -21.84%; 6-month excess return -16.77%.,"Model view: the forward return estimate was mildly positive at about 3.75%. Confidence was not explicitly available for this prediction. Technical state is soft, with price below the 50-day and 200-day averages. MACD remains on the bearish side. No recent matched news was found for this ticker/date. Relative strength versus the benchmark looked weak. 1-month excess return 1.09%; 3-month excess return -21.84%; 6-month excess return -16.77%."
2024-12-23,IQV,5.049021917009055,,-1.305813919715515,miss,linear_regression,target_5d_return,regression,4,"Technical state is soft, with price below the 50-day and 200-day averages. MACD remains on the bullish side.",No recent matched news was found for this ticker/date.,Relative strength versus the benchmark looked weak. 1-month excess return 0.48%; 3-month excess return -20.78%; 6-month excess return -14.71%.,"Model view: the forward return estimate was mildly positive at about 5.05%. Confidence was not explicitly available for this prediction. Technical state is soft, with price below the 50-day and 200-day averages. MACD remains on the bullish side. No recent matched news was found for this ticker/date. Relative strength versus the benchmark looked weak. 1-month excess return 0.48%; 3-month excess return -20.78%; 6-month excess return -14.71%."
2024-12-24,IQV,4.7089049144399215,,-2.4351268774494006,miss,linear_regression,target_5d_return,regression,4,"Technical state is soft, with price below the 50-day and 200-day averages. MACD remains on the bullish side.",No recent matched news was found for this ticker/date.,Relative strength versus the benchmark looked weak. 1-month excess return -1.88%; 3-month excess return -18.87%; 6-month excess return -15.19%.,"Model view: the forward return estimate was mildly positive at about 4.71%. Confidence was not explicitly available for this prediction. Technical state is soft, with price below the 50-day and 200-day averages. MACD remains on the bullish side. No recent matched news was found for this ticker/date. Relative strength versus the benchmark looked weak. 1-month excess return -1.88%; 3-month excess return -18.87%; 6-month excess return -15.19%."
2024-12-26,IQV,4.172655916179897,,-1.4282150363803092,miss,linear_regression,target_5d_return,regression,4,"Technical state is soft, with price below the 50-day and 200-day averages. MACD remains on the bullish side.",No recent matched news was found for this ticker/date.,Relative strength versus the benchmark looked weak. 1-month excess return -2.50%; 3-month excess return -19.99%; 6-month excess return -15.59%.,"Model view: the forward return estimate was mildly positive at about 4.17%. Confidence was not explicitly available for this prediction. Technical state is soft, with price below the 50-day and 200-day averages. MACD remains on the bullish side. No recent matched news was found for this ticker/date. Relative strength versus the benchmark looked weak. 1-month excess return -2.50%; 3-month excess return -19.99%; 6-month excess return -15.59%."
2024-12-27,IQV,4.699535987357235,,-0.05516856948105664,miss,linear_regression,target_5d_return,regression,4,"Technical state is soft, with price below the 50-day and 200-day averages. MACD remains on the bullish side.",No recent matched news was found for this ticker/date.,Relative strength versus the benchmark looked weak. 1-month excess return 0.03%; 3-month excess return -19.21%; 6-month excess return -15.09%.,"Model view: the forward return estimate was mildly positive at about 4.70%. Confidence was not explicitly available for this prediction. Technical state is soft, with price below the 50-day and 200-day averages. MACD remains on the bullish side. No recent matched news was found for this ticker/date. Relative strength versus the benchmark looked weak. 1-month excess return 0.03%; 3-month excess return -19.21%; 6-month excess return -15.09%."
2024-12-30,IQV,4.048601839162194,,2.6335766161623475,hit,linear_regression,target_5d_return,regression,4,"Technical state is soft, with price below the 50-day and 200-day averages. MACD remains on the bullish side.",No recent matched news was found for this ticker/date.,Relative strength versus the benchmark looked weak. 1-month excess return -0.24%; 3-month excess return -19.20%; 6-month excess return -13.22%.,"Model view: the forward return estimate was mildly positive at about 4.05%. Confidence was not explicitly available for this prediction. Technical state is soft, with price below the 50-day and 200-day averages. MACD remains on the bullish side. No recent matched news was found for this ticker/date. Relative strength versus the benchmark looked weak. 1-month excess return -0.24%; 3-month excess return -19.20%; 6-month excess return -13.22%."
2024-12-31,IQV,4.231826510154756,,3.9743590838638543,hit,linear_regression,target_5d_return,regression,4,"Technical state is soft, with price below the 50-day and 200-day averages. MACD remains on the bullish side.",No recent matched news was found for this ticker/date.,Relative strength versus the benchmark looked weak. 1-month excess return 0.49%; 3-month excess return -18.14%; 6-month excess return -12.08%.,"Model view: the forward return estimate was mildly positive at about 4.23%. Confidence was not explicitly available for this prediction. Technical state is soft, with price below the 50-day and 200-day averages. MACD remains on the bullish side. No recent matched news was found for this ticker/date. Relative strength versus the benchmark looked weak. 1-month excess return 0.49%; 3-month excess return -18.14%; 6-month excess return -12.08%."
2025-01-02,IQV,3.989590785709973,,4.176921565818303,hit,linear_regression,target_5d_return,regression,4,"Technical state is soft, with price below the 50-day and 200-day averages. MACD remains on the bullish side.",No recent matched news was found for this ticker/date.,Relative strength versus the benchmark looked weak. 1-month excess return -0.14%; 3-month excess return -18.61%; 6-month excess return -11.70%.,"Model view: the forward return estimate was mildly positive at about 3.99%. Confidence was not explicitly available for this prediction. Technical state is soft, with price below the 50-day and 200-day averages. MACD remains on the bullish side. No recent matched news was found for this ticker/date. Relative strength versus the benchmark looked weak. 1-month excess return -0.14%; 3-month excess return -18.61%; 6-month excess return -11.70%."
2025-01-03,IQV,3.3565363377064528,,3.6729317708180664,hit,linear_regression,target_5d_return,regression,4,"Technical state is soft, with price below the 50-day and 200-day averages. MACD remains on the bullish side.",No recent matched news was found for this ticker/date.,Relative strength versus the benchmark looked weak. 1-month excess return 0.34%; 3-month excess return -17.52%; 6-month excess return -11.93%.,"Model view: the forward return estimate was mildly positive at about 3.36%. Confidence was not explicitly available for this prediction. Technical state is soft, with price below the 50-day and 200-day averages. MACD remains on the bullish side. No recent matched news was found for this ticker/date. Relative strength versus the benchmark looked weak. 1-month excess return 0.34%; 3-month excess return -17.52%; 6-month excess return -11.93%."
2025-01-06,IQV,2.886371106241858,,-0.6623806069426919,miss,linear_regression,target_5d_return,regression,4,"Technical state is soft, with price below the 50-day and 200-day averages. MACD remains on the bullish side.",No recent matched news was found for this ticker/date.,Relative strength versus the benchmark looked weak. 1-month excess return 0.07%; 3-month excess return -17.27%; 6-month excess return -11.92%.,"Model view: the forward return estimate was mildly positive at about 2.89%. Confidence was not explicitly available for this prediction. Technical state is soft, with price below the 50-day and 200-day averages. MACD remains on the bullish side. No recent matched news was found for this ticker/date. Relative strength versus the benchmark looked weak. 1-month excess return 0.07%; 3-month excess return -17.27%; 6-month excess return -11.92%."
2025-01-07,IQV,2.772686462393805,,-3.2321677721414366,miss,linear_regression,target_5d_return,regression,4,"Technical state is soft, with price below the 50-day and 200-day averages. RSI is in a steady zone near 54.4. MACD remains on the bullish side.",No recent matched news was found for this ticker/date.,Relative strength versus the benchmark looked weak. 1-month excess return 4.28%; 3-month excess return -13.81%; 6-month excess return -10.86%.,"Model view: the forward return estimate was mildly positive at about 2.77%. Confidence was not explicitly available for this prediction. Technical state is soft, with price below the 50-day and 200-day averages. RSI is in a steady zone near 54.4. MACD remains on the bullish side. No recent matched news was found for this ticker/date. Relative strength versus the benchmark looked weak. 1-month excess return 4.28%; 3-month excess return -13.81%; 6-month excess return -10.86%."
2025-01-08,IQV,3.2693761618352446,,-3.2595944711088176,miss,linear_regression,target_5d_return,regression,4,"Technical state is mixed, with price not fully aligned across the major moving averages. RSI is in a steady zone near 56.9. MACD remains on the bullish side.",No recent matched news was found for this ticker/date.,Relative strength versus the benchmark looked weak. 1-month excess return 3.82%; 3-month excess return -12.78%; 6-month excess return -8.72%.,"Model view: the forward return estimate was mildly positive at about 3.27%. Confidence was not explicitly available for this prediction. Technical state is mixed, with price not fully aligned across the major moving averages. RSI is in a steady zone near 56.9. MACD remains on the bullish side. No recent matched news was found for this ticker/date. Relative strength versus the benchmark looked weak. 1-month excess return 3.82%; 3-month excess return -12.78%; 6-month excess return -8.72%."
2025-01-10,IQV,2.2052283398792887,,-2.907464720760111,miss,linear_regression,target_5d_return,regression,4,"Technical state is mixed, with price not fully aligned across the major moving averages. RSI is in a steady zone near 54.9. MACD remains on the bullish side.",No recent matched news was found for this ticker/date.,Relative strength versus the benchmark looked weak. 1-month excess return 2.43%; 3-month excess return -11.80%; 6-month excess return -11.77%.,"Model view: the forward return estimate was mildly positive at about 2.21%. Confidence was not explicitly available for this prediction. Technical state is mixed, with price not fully aligned across the major moving averages. RSI is in a steady zone near 54.9. MACD remains on the bullish side. No recent matched news was found for this ticker/date. Relative strength versus the benchmark looked weak. 1-month excess return 2.43%; 3-month excess return -11.80%; 6-month excess return -11.77%."
2025-01-13,IQV,2.400916452672687,,0.5130976616934735,hit,linear_regression,target_5d_return,regression,4,"Technical state is mixed, with price not fully aligned across the major moving averages. RSI is in a steady zone near 57.0. MACD remains on the bullish side.",No recent matched news was found for this ticker/date.,Relative strength versus the benchmark looked weak. 1-month excess return 4.27%; 3-month excess return -12.07%; 6-month excess return -12.60%.,"Model view: the forward return estimate was mildly positive at about 2.40%. Confidence was not explicitly available for this prediction. Technical state is mixed, with price not fully aligned across the major moving averages. RSI is in a steady zone near 57.0. MACD remains on the bullish side. No recent matched news was found for this ticker/date. Relative strength versus the benchmark looked weak. 1-month excess return 4.27%; 3-month excess return -12.07%; 6-month excess return -12.60%."
2025-01-14,IQV,2.549507452944281,,3.768433624000056,hit,linear_regression,target_5d_return,regression,4,"Technical state is soft, with price below the 50-day and 200-day averages. MACD remains on the bullish side.",No recent matched news was found for this ticker/date.,Relative strength versus the benchmark looked weak. 1-month excess return 2.62%; 3-month excess return -14.13%; 6-month excess return -16.07%.,"Model view: the forward return estimate was mildly positive at about 2.55%. Confidence was not explicitly available for this prediction. Technical state is soft, with price below the 50-day and 200-day averages. MACD remains on the bullish side. No recent matched news was found for this ticker/date. Relative strength versus the benchmark looked weak. 1-month excess return 2.62%; 3-month excess return -14.13%; 6-month excess return -16.07%."
2025-01-15,IQV,4.33394344648306,,5.0484414015053325,hit,linear_regression,target_5d_return,regression,4,"Technical state is soft, with price below the 50-day and 200-day averages. MACD remains on the bullish side.",No recent matched news was found for this ticker/date.,Relative strength versus the benchmark looked weak. 1-month excess return -0.22%; 3-month excess return -17.40%; 6-month excess return -20.84%.,"Model view: the forward return estimate was mildly positive at about 4.33%. Confidence was not explicitly available for this prediction. Technical state is soft, with price below the 50-day and 200-day averages. MACD remains on the bullish side. No recent matched news was found for this ticker/date. Relative strength versus the benchmark looked weak. 1-month excess return -0.22%; 3-month excess return -17.40%; 6-month excess return -20.84%."
2025-01-16,IQV,4.492341508090236,,3.374480443877448,hit,linear_regression,target_5d_return,regression,4,"Technical state is soft, with price below the 50-day and 200-day averages. MACD remains on the bullish side.",No recent matched news was found for this ticker/date.,Relative strength versus the benchmark looked weak. 1-month excess return 1.34%; 3-month excess return -17.27%; 6-month excess return -20.51%.,"Model view: the forward return estimate was mildly positive at about 4.49%. Confidence was not explicitly available for this prediction. Technical state is soft, with price below the 50-day and 200-day averages. MACD remains on the bullish side. No recent matched news was found for this ticker/date. Relative strength versus the benchmark looked weak. 1-month excess return 1.34%; 3-month excess return -17.27%; 6-month excess return -20.51%."
2025-01-17,IQV,4.758250898803153,,4.884474746572742,hit,linear_regression,target_5d_return,regression,4,"Technical state is soft, with price below the 50-day and 200-day averages. MACD remains on the bullish side.",No recent matched news was found for this ticker/date.,Relative strength versus the benchmark looked weak. 1-month excess return 1.63%; 3-month excess return -17.98%; 6-month excess return -20.40%.,"Model view: the forward return estimate was mildly positive at about 4.76%. Confidence was not explicitly available for this prediction. Technical state is soft, with price below the 50-day and 200-day averages. MACD remains on the bullish side. No recent matched news was found for this ticker/date. Relative strength versus the benchmark looked weak. 1-month excess return 1.63%; 3-month excess return -17.98%; 6-month excess return -20.40%."
2025-01-21,IQV,4.51477044376834,,-1.0987455582673666,miss,linear_regression,target_5d_return,regression,4,"Technical state is mixed, with price not fully aligned across the major moving averages. RSI is in a steady zone near 57.9. MACD remains on the bullish side.",No recent matched news was found for this ticker/date.,Relative strength versus the benchmark looked weak. 1-month excess return 4.78%; 3-month excess return -15.64%; 6-month excess return -18.30%.,"Model view: the forward return estimate was mildly positive at about 4.51%. Confidence was not explicitly available for this prediction. Technical state is mixed, with price not fully aligned across the major moving averages. RSI is in a steady zone near 57.9. MACD remains on the bullish side. No recent matched news was found for this ticker/date. Relative strength versus the benchmark looked weak. 1-month excess return 4.78%; 3-month excess return -15.64%; 6-month excess return -18.30%."
2025-01-22,IQV,4.293509735024164,,-3.5780308199017896,miss,linear_regression,target_5d_return,regression,4,"Technical state is mixed, with price not fully aligned across the major moving averages. RSI is in a steady zone near 57.5. MACD remains on the bullish side.",No recent matched news was found for this ticker/date.,Relative strength versus the benchmark looked weak. 1-month excess return 4.14%; 3-month excess return -16.98%; 6-month excess return -25.61%.,"Model view: the forward return estimate was mildly positive at about 4.29%. Confidence was not explicitly available for this prediction. Technical state is mixed, with price not fully aligned across the major moving averages. RSI is in a steady zone near 57.5. MACD remains on the bullish side. No recent matched news was found for this ticker/date. Relative strength versus the benchmark looked weak. 1-month excess return 4.14%; 3-month excess return -16.98%; 6-month excess return -25.61%."
2025-01-23,IQV,4.9380426437199585,,-2.0485442818947264,miss,linear_regression,target_5d_return,regression,4,"Technical state is mixed, with price not fully aligned across the major moving averages. RSI is in a steady zone near 58.2. MACD remains on the bullish side.",No recent matched news was found for this ticker/date.,Relative strength versus the benchmark looked weak. 1-month excess return 3.52%; 3-month excess return -15.40%; 6-month excess return -23.90%.,"Model view: the forward return estimate was mildly positive at about 4.94%. Confidence was not explicitly available for this prediction. Technical state is mixed, with price not fully aligned across the major moving averages. RSI is in a steady zone near 58.2. MACD remains on the bullish side. No recent matched news was found for this ticker/date. Relative strength versus the benchmark looked weak. 1-month excess return 3.52%; 3-month excess return -15.40%; 6-month excess return -23.90%."
2025-01-24,IQV,4.793770134313837,,-1.4535316371008467,miss,linear_regression,target_5d_return,regression,4,"Technical state is mixed, with price not fully aligned across the major moving averages. RSI is in a steady zone near 55.1. MACD remains on the bullish side.",No recent matched news was found for this ticker/date.,Relative strength versus the benchmark looked weak. 1-month excess return 1.02%; 3-month excess return -14.76%; 6-month excess return -26.83%.,"Model view: the forward return estimate was mildly positive at about 4.79%. Confidence was not explicitly available for this prediction. Technical state is mixed, with price not fully aligned across the major moving averages. RSI is in a steady zone near 55.1. MACD remains on the bullish side. No recent matched news was found for this ticker/date. Relative strength versus the benchmark looked weak. 1-month excess return 1.02%; 3-month excess return -14.76%; 6-month excess return -26.83%."
2025-01-27,IQV,3.1365510646492942,,-3.811593908042721,miss,linear_regression,target_5d_return,regression,4,"Technical state is mixed, with price not fully aligned across the major moving averages. RSI is in a steady zone near 58.9. MACD remains on the bullish side.",No recent matched news was found for this ticker/date.,Relative strength versus the benchmark looked weak. 1-month excess return 3.22%; 3-month excess return -13.09%; 6-month excess return -22.30%.,"Model view: the forward return estimate was mildly positive at about 3.14%. Confidence was not explicitly available for this prediction. Technical state is mixed, with price not fully aligned across the major moving averages. RSI is in a steady zone near 58.9. MACD remains on the bullish side. No recent matched news was found for this ticker/date. Relative strength versus the benchmark looked weak. 1-month excess return 3.22%; 3-month excess return -13.09%; 6-month excess return -22.30%."
2025-01-28,IQV,5.350651113807727,,-1.6664206418427585,miss,linear_regression,target_5d_return,regression,4,"Technical state is mixed, with price not fully aligned across the major moving averages. RSI is in a steady zone near 52.5. MACD remains on the bullish side.",No recent matched news was found for this ticker/date.,Relative strength versus the benchmark looked weak. 1-month excess return 1.17%; 3-month excess return -8.30%; 6-month excess return -26.22%.,"Model view: the forward return estimate was mildly positive at about 5.35%. Confidence was not explicitly available for this prediction. Technical state is mixed, with price not fully aligned across the major moving averages. RSI is in a steady zone near 52.5. MACD remains on the bullish side. No recent matched news was found for this ticker/date. Relative strength versus the benchmark looked weak. 1-month excess return 1.17%; 3-month excess return -8.30%; 6-month excess return -26.22%."
2025-01-29,IQV,5.584316356707744,,3.720904147352111,hit,linear_regression,target_5d_return,regression,4,"Technical state is soft, with price below the 50-day and 200-day averages. MACD remains on the bullish side.",No recent matched news was found for this ticker/date.,Relative strength versus the benchmark looked weak. 1-month excess return -1.20%; 3-month excess return -11.69%; 6-month excess return -27.04%.,"Model view: the forward return estimate was mildly positive at about 5.58%. Confidence was not explicitly available for this prediction. Technical state is soft, with price below the 50-day and 200-day averages. MACD remains on the bullish side. No recent matched news was found for this ticker/date. Relative strength versus the benchmark looked weak. 1-month excess return -1.20%; 3-month excess return -11.69%; 6-month excess return -27.04%."
2025-01-30,IQV,6.361936704988578,,4.053924067824699,hit,linear_regression,target_5d_return,regression,4,"Technical state is mixed, with price not fully aligned across the major moving averages. RSI is in a steady zone near 50.2. MACD remains on the bullish side.",No recent matched news was found for this ticker/date.,Relative strength versus the benchmark looked weak. 1-month excess return -0.49%; 3-month excess return -11.44%; 6-month excess return -29.52%.,"Model view: the forward return estimate was mildly positive at about 6.36%. Confidence was not explicitly available for this prediction. Technical state is mixed, with price not fully aligned across the major moving averages. RSI is in a steady zone near 50.2. MACD remains on the bullish side. No recent matched news was found for this ticker/date. Relative strength versus the benchmark looked weak. 1-month excess return -0.49%; 3-month excess return -11.44%; 6-month excess return -29.52%."
2025-01-31,IQV,6.053759476214916,,3.3671030784394596,hit,linear_regression,target_5d_return,regression,4,"Technical state is mixed, with price not fully aligned across the major moving averages. MACD remains on the bullish side.",No recent matched news was found for this ticker/date.,Relative strength versus the benchmark looked weak. 1-month excess return -0.30%; 3-month excess return -10.39%; 6-month excess return -27.59%.,"Model view: the forward return estimate was mildly positive at about 6.05%. Confidence was not explicitly available for this prediction. Technical state is mixed, with price not fully aligned across the major moving averages. MACD remains on the bullish side. No recent matched news was found for this ticker/date. Relative strength versus the benchmark looked weak. 1-month excess return -0.30%; 3-month excess return -10.39%; 6-month excess return -27.59%."
2025-02-03,IQV,5.586025401060239,,3.9475669661280355,hit,linear_regression,target_5d_return,regression,4,"Technical state is soft, with price below the 50-day and 200-day averages. MACD remains on the bearish side.",No recent matched news was found for this ticker/date.,Relative strength versus the benchmark looked weak. 1-month excess return -0.70%; 3-month excess return -10.94%; 6-month excess return -29.98%.,"Model view: the forward return estimate was mildly positive at about 5.59%. Confidence was not explicitly available for this prediction. Technical state is soft, with price below the 50-day and 200-day averages. MACD remains on the bearish side. No recent matched news was found for this ticker/date. Relative strength versus the benchmark looked weak. 1-month excess return -0.70%; 3-month excess return -10.94%; 6-month excess return -29.98%."
2025-02-04,IQV,6.019377606613981,,0.4249180824055454,hit,linear_regression,target_5d_return,regression,4,"Technical state is soft, with price below the 50-day and 200-day averages. MACD remains on the bearish side.",No recent matched news was found for this ticker/date.,Relative strength versus the benchmark looked weak. 1-month excess return -0.43%; 3-month excess return -8.68%; 6-month excess return -30.21%.,"Model view: the forward return estimate was mildly positive at about 6.02%. Confidence was not explicitly available for this prediction. Technical state is soft, with price below the 50-day and 200-day averages. MACD remains on the bearish side. No recent matched news was found for this ticker/date. Relative strength versus the benchmark looked weak. 1-month excess return -0.43%; 3-month excess return -8.68%; 6-month excess return -30.21%."
2025-02-05,IQV,6.0944427134584185,,-3.709109728696003,miss,linear_regression,target_5d_return,regression,4,"Technical state is mixed, with price not fully aligned across the major moving averages. RSI is in a steady zone near 55.7. MACD remains on the bullish side.",No recent matched news was found for this ticker/date.,Relative strength versus the benchmark looked weak. 1-month excess return 2.02%; 3-month excess return -7.62%; 6-month excess return -29.00%.,"Model view: the forward return estimate was mildly positive at about 6.09%. Confidence was not explicitly available for this prediction. Technical state is mixed, with price not fully aligned across the major moving averages. RSI is in a steady zone near 55.7. MACD remains on the bullish side. No recent matched news was found for this ticker/date. Relative strength versus the benchmark looked weak. 1-month excess return 2.02%; 3-month excess return -7.62%; 6-month excess return -29.00%."
2025-02-06,IQV,7.170584227611473,,-6.625072974524082,miss,linear_regression,target_5d_return,regression,4,"Technical state is mixed, with price not fully aligned across the major moving averages. RSI is in a steady zone near 61.0. MACD remains on the bullish side.",No recent matched news was found for this ticker/date.,Relative strength versus the benchmark looked weak. 1-month excess return 3.52%; 3-month excess return -6.57%; 6-month excess return -27.69%.,"Model view: the forward return estimate was mildly positive at about 7.17%. Confidence was not explicitly available for this prediction. Technical state is mixed, with price not fully aligned across the major moving averages. RSI is in a steady zone near 61.0. MACD remains on the bullish side. No recent matched news was found for this ticker/date. Relative strength versus the benchmark looked weak. 1-month excess return 3.52%; 3-month excess return -6.57%; 6-month excess return -27.69%."
2025-02-07,IQV,6.597298444134394,,-7.062552604664452,miss,linear_regression,target_5d_return,regression,4,"Technical state is mixed, with price not fully aligned across the major moving averages. RSI is in a steady zone near 58.0. MACD remains on the bullish side.",No recent matched news was found for this ticker/date.,Relative strength versus the benchmark looked weak. 1-month excess return 0.72%; 3-month excess return -6.39%; 6-month excess return -25.21%.,"Model view: the forward return estimate was mildly positive at about 6.60%. Confidence was not explicitly available for this prediction. Technical state is mixed, with price not fully aligned across the major moving averages. RSI is in a steady zone near 58.0. MACD remains on the bullish side. No recent matched news was found for this ticker/date. Relative strength versus the benchmark looked weak. 1-month excess return 0.72%; 3-month excess return -6.39%; 6-month excess return -25.21%."
2025-02-10,IQV,6.879605433297497,,-6.677299725906527,miss,linear_regression,target_5d_return,regression,4,"Technical state is mixed, with price not fully aligned across the major moving averages. RSI is in a steady zone near 56.1. MACD remains on the bullish side.",No recent matched news was found for this ticker/date.,Relative strength versus the benchmark looked weak. 1-month excess return -1.29%; 3-month excess return -8.82%; 6-month excess return -26.36%.,"Model view: the forward return estimate was mildly positive at about 6.88%. Confidence was not explicitly available for this prediction. Technical state is mixed, with price not fully aligned across the major moving averages. RSI is in a steady zone near 56.1. MACD remains on the bullish side. No recent matched news was found for this ticker/date. Relative strength versus the benchmark looked weak. 1-month excess return -1.29%; 3-month excess return -8.82%; 6-month excess return -26.36%."
2025-02-11,IQV,7.774289428893242,,-2.180300112559108,miss,linear_regression,target_5d_return,regression,4,"Technical state is soft, with price below the 50-day and 200-day averages. MACD remains on the bullish side. Volatility is elevated at roughly 30.3%.",No recent matched news was found for this ticker/date.,Relative strength versus the benchmark looked weak. 1-month excess return -5.43%; 3-month excess return -9.38%; 6-month excess return -29.05%.,"Model view: the forward return estimate was mildly positive at about 7.77%. Confidence was not explicitly available for this prediction. Technical state is soft, with price below the 50-day and 200-day averages. MACD remains on the bullish side. Volatility is elevated at roughly 30.3%. No recent matched news was found for this ticker/date. Relative strength versus the benchmark looked weak. 1-month excess return -5.43%; 3-month excess return -9.38%; 6-month excess return -29.05%."
2025-02-12,IQV,7.903895390036494,,-1.9259997352736757,miss,linear_regression,target_5d_return,regression,4,"Technical state is soft, with price below the 50-day and 200-day averages. MACD remains on the bearish side.",No recent matched news was found for this ticker/date.,Relative strength versus the benchmark looked weak. 1-month excess return -7.12%; 3-month excess return -10.65%; 6-month excess return -27.74%.,"Model view: the forward return estimate was mildly positive at about 7.90%. Confidence was not explicitly available for this prediction. Technical state is soft, with price below the 50-day and 200-day averages. MACD remains on the bearish side. No recent matched news was found for this ticker/date. Relative strength versus the benchmark looked weak. 1-month excess return -7.12%; 3-month excess return -10.65%; 6-month excess return -27.74%."
2025-02-13,IQV,7.907492977465443,,-2.55547548464069,miss,linear_regression,target_5d_return,regression,4,"Technical state is soft, with price below the 50-day and 200-day averages. MACD remains on the bearish side.",No recent matched news was found for this ticker/date.,Relative strength versus the benchmark looked weak. 1-month excess return -5.71%; 3-month excess return -11.52%; 6-month excess return -30.31%.,"Model view: the forward return estimate was mildly positive at about 7.91%. Confidence was not explicitly available for this prediction. Technical state is soft, with price below the 50-day and 200-day averages. MACD remains on the bearish side. No recent matched news was found for this ticker/date. Relative strength versus the benchmark looked weak. 1-month excess return -5.71%; 3-month excess return -11.52%; 6-month excess return -30.31%."
2025-02-14,IQV,8.249999773892458,,0.6772113017267767,hit,linear_regression,target_5d_return,regression,4,"Technical state is soft, with price below the 50-day and 200-day averages. RSI is weak near 38.8. MACD remains on the bearish side.",No recent matched news was found for this ticker/date.,Relative strength versus the benchmark looked weak. 1-month excess return -4.23%; 3-month excess return -11.60%; 6-month excess return -30.29%.,"Model view: the forward return estimate was mildly positive at about 8.25%. Confidence was not explicitly available for this prediction. Technical state is soft, with price below the 50-day and 200-day averages. RSI is weak near 38.8. MACD remains on the bearish side. No recent matched news was found for this ticker/date. Relative strength versus the benchmark looked weak. 1-month excess return -4.23%; 3-month excess return -11.60%; 6-month excess return -30.29%."
2025-02-18,IQV,8.811728522445396,,-1.1286527282778902,miss,linear_regression,target_5d_return,regression,4,"Technical state is soft, with price below the 50-day and 200-day averages. RSI is weak near 38.5. MACD remains on the bearish side.",No recent matched news was found for this ticker/date.,Relative strength versus the benchmark looked weak. 1-month excess return -5.60%; 3-month excess return -11.10%; 6-month excess return -30.43%.,"Model view: the forward return estimate was mildly positive at about 8.81%. Confidence was not explicitly available for this prediction. Technical state is soft, with price below the 50-day and 200-day averages. RSI is weak near 38.5. MACD remains on the bearish side. No recent matched news was found for this ticker/date. Relative strength versus the benchmark looked weak. 1-month excess return -5.60%; 3-month excess return -11.10%; 6-month excess return -30.43%."
2025-02-19,IQV,7.925074456278912,,-2.829371387723656,miss,linear_regression,target_5d_return,regression,4,"Technical state is soft, with price below the 50-day and 200-day averages. MACD remains on the bearish side.",No recent matched news was found for this ticker/date.,Relative strength versus the benchmark looked weak. 1-month excess return -3.02%; 3-month excess return -6.49%; 6-month excess return -28.64%.,"Model view: the forward return estimate was mildly positive at about 7.93%. Confidence was not explicitly available for this prediction. Technical state is soft, with price below the 50-day and 200-day averages. MACD remains on the bearish side. No recent matched news was found for this ticker/date. Relative strength versus the benchmark looked weak. 1-month excess return -3.02%; 3-month excess return -6.49%; 6-month excess return -28.64%."
2025-02-20,IQV,9.023000467582886,,-3.8709317661319353,miss,linear_regression,target_5d_return,regression,4,"Technical state is soft, with price below the 50-day and 200-day averages. MACD remains on the bearish side.",No recent matched news was found for this ticker/date.,Relative strength versus the benchmark looked weak. 1-month excess return -6.91%; 3-month excess return -3.54%; 6-month excess return -29.32%.,"Model view: the forward return estimate was mildly positive at about 9.02%. Confidence was not explicitly available for this prediction. Technical state is soft, with price below the 50-day and 200-day averages. MACD remains on the bearish side. No recent matched news was found for this ticker/date. Relative strength versus the benchmark looked weak. 1-month excess return -6.91%; 3-month excess return -3.54%; 6-month excess return -29.32%."
2025-02-21,IQV,9.161854781721026,,-1.172524242617634,miss,linear_regression,target_5d_return,regression,4,"Technical state is soft, with price below the 50-day and 200-day averages. RSI is weak near 37.8. MACD remains on the bearish side.",No recent matched news was found for this ticker/date.,Relative strength versus the benchmark looked weak. 1-month excess return -5.95%; 3-month excess return -2.04%; 6-month excess return -30.09%.,"Model view: the forward return estimate was mildly positive at about 9.16%. Confidence was not explicitly available for this prediction. Technical state is soft, with price below the 50-day and 200-day averages. RSI is weak near 37.8. MACD remains on the bearish side. No recent matched news was found for this ticker/date. Relative strength versus the benchmark looked weak. 1-month excess return -5.95%; 3-month excess return -2.04%; 6-month excess return -30.09%."
2025-02-24,IQV,9.882461734945204,,-5.0834371740613005,miss,linear_regression,target_5d_return,regression,4,"Technical state is soft, with price below the 50-day and 200-day averages. MACD remains on the bearish side.",No recent matched news was found for this ticker/date.,Relative strength versus the benchmark looked weak. 1-month excess return -3.40%; 3-month excess return 0.60%; 6-month excess return -27.72%.,"Model view: the forward return estimate was mildly positive at about 9.88%. Confidence was not explicitly available for this prediction. Technical state is soft, with price below the 50-day and 200-day averages. MACD remains on the bearish side. No recent matched news was found for this ticker/date. Relative strength versus the benchmark looked weak. 1-month excess return -3.40%; 3-month excess return 0.60%; 6-month excess return -27.72%."
2025-02-25,IQV,10.013399200836258,,-3.8749509604559473,miss,linear_regression,target_5d_return,regression,4,"Technical state is soft, with price below the 50-day and 200-day averages. RSI is weak near 39.6. MACD remains on the bearish side.",No recent matched news was found for this ticker/date.,Relative strength versus the benchmark looked weak. 1-month excess return -4.28%; 3-month excess return -2.40%; 6-month excess return -28.94%.,"Model view: the forward return estimate was mildly positive at about 10.01%. Confidence was not explicitly available for this prediction. Technical state is soft, with price below the 50-day and 200-day averages. RSI is weak near 39.6. MACD remains on the bearish side. No recent matched news was found for this ticker/date. Relative strength versus the benchmark looked weak. 1-month excess return -4.28%; 3-month excess return -2.40%; 6-month excess return -28.94%."
2025-02-26,IQV,9.672148512256314,,-2.6708514931838123,miss,linear_regression,target_5d_return,regression,4,"Technical state is soft, with price below the 50-day and 200-day averages. RSI is weak near 39.6. MACD remains on the bearish side.",No recent matched news was found for this ticker/date.,Relative strength versus the benchmark looked weak. 1-month excess return -6.94%; 3-month excess return -3.57%; 6-month excess return -29.12%.,"Model view: the forward return estimate was mildly positive at about 9.67%. Confidence was not explicitly available for this prediction. Technical state is soft, with price below the 50-day and 200-day averages. RSI is weak near 39.6. MACD remains on the bearish side. No recent matched news was found for this ticker/date. Relative strength versus the benchmark looked weak. 1-month excess return -6.94%; 3-month excess return -3.57%; 6-month excess return -29.12%."
2025-02-27,IQV,10.256244845238118,,-0.5522781658428233,miss,linear_regression,target_5d_return,regression,4,"Technical state is soft, with price below the 50-day and 200-day averages. RSI is weak near 35.0. MACD remains on the bearish side.",No recent matched news was found for this ticker/date.,Relative strength versus the benchmark looked weak. 1-month excess return -5.11%; 3-month excess return -5.86%; 6-month excess return -29.14%.,"Model view: the forward return estimate was mildly positive at about 10.26%. Confidence was not explicitly available for this prediction. Technical state is soft, with price below the 50-day and 200-day averages. RSI is weak near 35.0. MACD remains on the bearish side. No recent matched news was found for this ticker/date. Relative strength versus the benchmark looked weak. 1-month excess return -5.11%; 3-month excess return -5.86%; 6-month excess return -29.14%."
2025-02-28,IQV,9.624472458624485,,1.4989416235755337,hit,linear_regression,target_5d_return,regression,4,"Technical state is soft, with price below the 50-day and 200-day averages. RSI is weak near 39.0. MACD remains on the bearish side.",No recent matched news was found for this ticker/date.,Relative strength versus the benchmark looked weak. 1-month excess return -3.40%; 3-month excess return -6.93%; 6-month excess return -29.92%.,"Model view: the forward return estimate was mildly positive at about 9.62%. Confidence was not explicitly available for this prediction. Technical state is soft, with price below the 50-day and 200-day averages. RSI is weak near 39.0. MACD remains on the bearish side. No recent matched news was found for this ticker/date. Relative strength versus the benchmark looked weak. 1-month excess return -3.40%; 3-month excess return -6.93%; 6-month excess return -29.92%."
2025-03-03,IQV,10.289326202348384,,2.126044114697212,hit,linear_regression,target_5d_return,regression,4,"Technical state is soft, with price below the 50-day and 200-day averages. RSI is weak near 35.0. MACD remains on the bearish side.",No recent matched news was found for this ticker/date.,Relative strength versus the benchmark looked weak. 1-month excess return -4.91%; 3-month excess return -5.35%; 6-month excess return -29.96%.,"Model view: the forward return estimate was mildly positive at about 10.29%. Confidence was not explicitly available for this prediction. Technical state is soft, with price below the 50-day and 200-day averages. RSI is weak near 35.0. MACD remains on the bearish side. No recent matched news was found for this ticker/date. Relative strength versus the benchmark looked weak. 1-month excess return -4.91%; 3-month excess return -5.35%; 6-month excess return -29.96%."
2025-03-04,IQV,10.813911538317623,,-0.04903393424215974,miss,linear_regression,target_5d_return,regression,4,"Technical state is soft, with price below the 50-day and 200-day averages. RSI is weak near 33.8. MACD remains on the bearish side.",No recent matched news was found for this ticker/date.,Relative strength versus the benchmark looked weak. 1-month excess return -4.70%; 3-month excess return -5.22%; 6-month excess return -30.16%.,"Model view: the forward return estimate was mildly positive at about 10.81%. Confidence was not explicitly available for this prediction. Technical state is soft, with price below the 50-day and 200-day averages. RSI is weak near 33.8. MACD remains on the bearish side. No recent matched news was found for this ticker/date. Relative strength versus the benchmark looked weak. 1-month excess return -4.70%; 3-month excess return -5.22%; 6-month excess return -30.16%."
2025-03-05,IQV,10.095971905572899,,-0.23137364565423146,miss,linear_regression,target_5d_return,regression,4,"Technical state is soft, with price below the 50-day and 200-day averages. RSI is weak near 37.9. MACD remains on the bearish side.",No recent matched news was found for this ticker/date.,Relative strength versus the benchmark looked weak. 1-month excess return -4.24%; 3-month excess return -4.38%; 6-month excess return -29.66%.,"Model view: the forward return estimate was mildly positive at about 10.10%. Confidence was not explicitly available for this prediction. Technical state is soft, with price below the 50-day and 200-day averages. RSI is weak near 37.9. MACD remains on the bearish side. No recent matched news was found for this ticker/date. Relative strength versus the benchmark looked weak. 1-month excess return -4.24%; 3-month excess return -4.38%; 6-month excess return -29.66%."
2025-03-06,IQV,9.311605849517587,,-2.1782544445634655,miss,linear_regression,target_5d_return,regression,4,"Technical state is soft, with price below the 50-day and 200-day averages. RSI is weak near 37.5. MACD remains on the bearish side.",No recent matched news was found for this ticker/date.,Relative strength versus the benchmark looked weak. 1-month excess return -2.46%; 3-month excess return -2.98%; 6-month excess return -29.22%.,"Model view: the forward return estimate was mildly positive at about 9.31%. Confidence was not explicitly available for this prediction. Technical state is soft, with price below the 50-day and 200-day averages. RSI is weak near 37.5. MACD remains on the bearish side. No recent matched news was found for this ticker/date. Relative strength versus the benchmark looked weak. 1-month excess return -2.46%; 3-month excess return -2.98%; 6-month excess return -29.22%."
2025-03-07,IQV,8.97030767609733,,-3.3606440939896176,miss,linear_regression,target_5d_return,regression,4,"Technical state is soft, with price below the 50-day and 200-day averages. MACD remains on the bearish side.",No recent matched news was found for this ticker/date.,Relative strength versus the benchmark looked weak. 1-month excess return -2.02%; 3-month excess return 0.15%; 6-month excess return -27.57%.,"Model view: the forward return estimate was mildly positive at about 8.97%. Confidence was not explicitly available for this prediction. Technical state is soft, with price below the 50-day and 200-day averages. MACD remains on the bearish side. No recent matched news was found for this ticker/date. Relative strength versus the benchmark looked weak. 1-month excess return -2.02%; 3-month excess return 0.15%; 6-month excess return -27.57%."
2025-03-10,IQV,9.139437569368015,,-2.055305068281421,miss,linear_regression,target_5d_return,regression,4,"Technical state is soft, with price below the 50-day and 200-day averages. MACD remains on the bearish side.",No recent matched news was found for this ticker/date.,Relative strength versus the benchmark looked weak. 1-month excess return -2.54%; 3-month excess return 0.64%; 6-month excess return -25.99%.,"Model view: the forward return estimate was mildly positive at about 9.14%. Confidence was not explicitly available for this prediction. Technical state is soft, with price below the 50-day and 200-day averages. MACD remains on the bearish side. No recent matched news was found for this ticker/date. Relative strength versus the benchmark looked weak. 1-month excess return -2.54%; 3-month excess return 0.64%; 6-month excess return -25.99%."
2025-03-11,IQV,11.54380100531091,,2.757792498593492,hit,linear_regression,target_5d_return,regression,4,"Technical state is soft, with price below the 50-day and 200-day averages. RSI is weak near 38.3. MACD remains on the bearish side.",No recent matched news was found for this ticker/date.,Relative strength versus the benchmark looked weak. 1-month excess return -4.44%; 3-month excess return 0.10%; 6-month excess return -27.46%.,"Model view: the forward return estimate was mildly positive at about 11.54%. Confidence was not explicitly available for this prediction. Technical state is soft, with price below the 50-day and 200-day averages. RSI is weak near 38.3. MACD remains on the bearish side. No recent matched news was found for this ticker/date. Relative strength versus the benchmark looked weak. 1-month excess return -4.44%; 3-month excess return 0.10%; 6-month excess return -27.46%."
2025-03-12,IQV,10.611070643281398,,0.8197628559331482,hit,linear_regression,target_5d_return,regression,4,"Technical state is soft, with price below the 50-day and 200-day averages. MACD remains on the bearish side.",No recent matched news was found for this ticker/date.,Relative strength versus the benchmark looked weak. 1-month excess return -2.79%; 3-month excess return -0.43%; 6-month excess return -25.32%.,"Model view: the forward return estimate was mildly positive at about 10.61%. Confidence was not explicitly available for this prediction. Technical state is soft, with price below the 50-day and 200-day averages. MACD remains on the bearish side. No recent matched news was found for this ticker/date. Relative strength versus the benchmark looked weak. 1-month excess return -2.79%; 3-month excess return -0.43%; 6-month excess return -25.32%."
2025-03-13,IQV,10.908210928952414,,1.559831309761428,hit,linear_regression,target_5d_return,regression,4,"Technical state is soft, with price below the 50-day and 200-day averages. RSI is weak near 37.3. MACD remains on the bearish side.",No recent matched news was found for this ticker/date.,Relative strength versus the benchmark looked weak. 1-month excess return -0.78%; 3-month excess return -3.33%; 6-month excess return -23.41%.,"Model view: the forward return estimate was mildly positive at about 10.91%. Confidence was not explicitly available for this prediction. Technical state is soft, with price below the 50-day and 200-day averages. RSI is weak near 37.3. MACD remains on the bearish side. No recent matched news was found for this ticker/date. Relative strength versus the benchmark looked weak. 1-month excess return -0.78%; 3-month excess return -3.33%; 6-month excess return -23.41%."
2025-03-14,IQV,10.66341806083926,,0.37798851936603484,hit,linear_regression,target_5d_return,regression,4,"Technical state is soft, with price below the 50-day and 200-day averages. MACD remains on the bearish side.",No recent matched news was found for this ticker/date.,Relative strength versus the benchmark looked weak. 1-month excess return 0.35%; 3-month excess return -2.21%; 6-month excess return -23.53%.,"Model view: the forward return estimate was mildly positive at about 10.66%. Confidence was not explicitly available for this prediction. Technical state is soft, with price below the 50-day and 200-day averages. MACD remains on the bearish side. No recent matched news was found for this ticker/date. Relative strength versus the benchmark looked weak. 1-month excess return 0.35%; 3-month excess return -2.21%; 6-month excess return -23.53%."
2025-03-17,IQV,10.391813114343291,,0.6544114406756618,hit,linear_regression,target_5d_return,regression,4,"Technical state is soft, with price below the 50-day and 200-day averages. MACD remains on the bearish side.",No recent matched news was found for this ticker/date.,Relative strength versus the benchmark looked weak. 1-month excess return 1.32%; 3-month excess return -1.40%; 6-month excess return -23.91%.,"Model view: the forward return estimate was mildly positive at about 10.39%. Confidence was not explicitly available for this prediction. Technical state is soft, with price below the 50-day and 200-day averages. MACD remains on the bearish side. No recent matched news was found for this ticker/date. Relative strength versus the benchmark looked weak. 1-month excess return 1.32%; 3-month excess return -1.40%; 6-month excess return -23.91%."
2025-03-18,IQV,10.680332203884545,,-3.7922956142431685,miss,linear_regression,target_5d_return,regression,4,"Technical state is soft, with price below the 50-day and 200-day averages. MACD remains on the bullish side.",No recent matched news was found for this ticker/date.,Relative strength versus the benchmark looked mixed. 1-month excess return 5.45%; 3-month excess return 1.25%; 6-month excess return -20.89%.,"Model view: the forward return estimate was mildly positive at about 10.68%. Confidence was not explicitly available for this prediction. Technical state is soft, with price below the 50-day and 200-day averages. MACD remains on the bullish side. No recent matched news was found for this ticker/date. Relative strength versus the benchmark looked mixed. 1-month excess return 5.45%; 3-month excess return 1.25%; 6-month excess return -20.89%."
2025-03-19,IQV,10.992567163432097,,-3.7017214499685758,miss,linear_regression,target_5d_return,regression,4,"Technical state is soft, with price below the 50-day and 200-day averages. MACD remains on the bullish side.",No recent matched news was found for this ticker/date.,Relative strength versus the benchmark looked mixed. 1-month excess return 4.07%; 3-month excess return 0.08%; 6-month excess return -22.68%.,"Model view: the forward return estimate was mildly positive at about 10.99%. Confidence was not explicitly available for this prediction. Technical state is soft, with price below the 50-day and 200-day averages. MACD remains on the bullish side. No recent matched news was found for this ticker/date. Relative strength versus the benchmark looked mixed. 1-month excess return 4.07%; 3-month excess return 0.08%; 6-month excess return -22.68%."
2025-03-20,IQV,11.385714486448931,,-2.6592825586470914,miss,linear_regression,target_5d_return,regression,4,"Technical state is soft, with price below the 50-day and 200-day averages. MACD remains on the bullish side.",No recent matched news was found for this ticker/date.,Relative strength versus the benchmark looked mixed. 1-month excess return 1.49%; 3-month excess return 0.24%; 6-month excess return -23.71%.,"Model view: the forward return estimate was mildly positive at about 11.39%. Confidence was not explicitly available for this prediction. Technical state is soft, with price below the 50-day and 200-day averages. MACD remains on the bullish side. No recent matched news was found for this ticker/date. Relative strength versus the benchmark looked mixed. 1-month excess return 1.49%; 3-month excess return 0.24%; 6-month excess return -23.71%."
2025-03-21,IQV,10.77162923172702,,-4.572596711985,miss,linear_regression,target_5d_return,regression,4,"Technical state is soft, with price below the 50-day and 200-day averages. MACD remains on the bullish side.",No recent matched news was found for this ticker/date.,Relative strength versus the benchmark looked mixed. 1-month excess return 3.13%; 3-month excess return 0.87%; 6-month excess return -24.24%.,"Model view: the forward return estimate was mildly positive at about 10.77%. Confidence was not explicitly available for this prediction. Technical state is soft, with price below the 50-day and 200-day averages. MACD remains on the bullish side. No recent matched news was found for this ticker/date. Relative strength versus the benchmark looked mixed. 1-month excess return 3.13%; 3-month excess return 0.87%; 6-month excess return -24.24%."
2025-03-24,IQV,10.350025657398186,,-5.271074916136509,miss,linear_regression,target_5d_return,regression,4,"Technical state is soft, with price below the 50-day and 200-day averages. MACD remains on the bullish side.",No recent matched news was found for this ticker/date.,Relative strength versus the benchmark looked weak. 1-month excess return 1.47%; 3-month excess return -0.74%; 6-month excess return -24.77%.,"Model view: the forward return estimate was mildly positive at about 10.35%. Confidence was not explicitly available for this prediction. Technical state is soft, with price below the 50-day and 200-day averages. MACD remains on the bullish side. No recent matched news was found for this ticker/date. Relative strength versus the benchmark looked weak. 1-month excess return 1.47%; 3-month excess return -0.74%; 6-month excess return -24.77%."
2025-03-25,IQV,10.731268601367624,,-5.595674475239909,miss,linear_regression,target_5d_return,regression,4,"Technical state is soft, with price below the 50-day and 200-day averages. RSI is weak near 39.7. MACD remains on the bullish side.",No recent matched news was found for this ticker/date.,Relative strength versus the benchmark looked weak. 1-month excess return -3.49%; 3-month excess return -3.75%; 6-month excess return -26.37%.,"Model view: the forward return estimate was mildly positive at about 10.73%. Confidence was not explicitly available for this prediction. Technical state is soft, with price below the 50-day and 200-day averages. RSI is weak near 39.7. MACD remains on the bullish side. No recent matched news was found for this ticker/date. Relative strength versus the benchmark looked weak. 1-month excess return -3.49%; 3-month excess return -3.75%; 6-month excess return -26.37%."
2025-03-26,IQV,10.049486915916006,,-3.138545173414242,miss,linear_regression,target_5d_return,regression,4,"Technical state is soft, with price below the 50-day and 200-day averages. RSI is weak near 38.2. MACD remains on the bullish side.",No recent matched news was found for this ticker/date.,Relative strength versus the benchmark looked weak. 1-month excess return -1.72%; 3-month excess return -4.97%; 6-month excess return -25.08%.,"Model view: the forward return estimate was mildly positive at about 10.05%. Confidence was not explicitly available for this prediction. Technical state is soft, with price below the 50-day and 200-day averages. RSI is weak near 38.2. MACD remains on the bullish side. No recent matched news was found for this ticker/date. Relative strength versus the benchmark looked weak. 1-month excess return -1.72%; 3-month excess return -4.97%; 6-month excess return -25.08%."
2025-03-27,IQV,10.682855256186354,,-6.506466396762378,miss,linear_regression,target_5d_return,regression,4,"Technical state is soft, with price below the 50-day and 200-day averages. RSI is weak near 37.5. MACD remains on the bearish side.",No recent matched news was found for this ticker/date.,Relative strength versus the benchmark looked weak. 1-month excess return -1.40%; 3-month excess return -5.17%; 6-month excess return -24.09%.,"Model view: the forward return estimate was mildly positive at about 10.68%. Confidence was not explicitly available for this prediction. Technical state is soft, with price below the 50-day and 200-day averages. RSI is weak near 37.5. MACD remains on the bearish side. No recent matched news was found for this ticker/date. Relative strength versus the benchmark looked weak. 1-month excess return -1.40%; 3-month excess return -5.17%; 6-month excess return -24.09%."
2025-03-28,IQV,10.163964582299654,,-12.77411564354044,miss,linear_regression,target_5d_return,regression,4,"Technical state is soft, with price below the 50-day and 200-day averages. RSI is weak near 35.3. MACD remains on the bearish side.",No recent matched news was found for this ticker/date.,Relative strength versus the benchmark looked weak. 1-month excess return 0.17%; 3-month excess return -3.70%; 6-month excess return -20.63%.,"Model view: the forward return estimate was mildly positive at about 10.16%. Confidence was not explicitly available for this prediction. Technical state is soft, with price below the 50-day and 200-day averages. RSI is weak near 35.3. MACD remains on the bearish side. No recent matched news was found for this ticker/date. Relative strength versus the benchmark looked weak. 1-month excess return 0.17%; 3-month excess return -3.70%; 6-month excess return -20.63%."
2025-03-31,IQV,10.948168600509394,,-13.210441373664883,miss,linear_regression,target_5d_return,regression,4,"Technical state is soft, with price below the 50-day and 200-day averages. RSI is weak near 34.1. MACD remains on the bearish side.",No recent matched news was found for this ticker/date.,Relative strength versus the benchmark looked weak. 1-month excess return -0.69%; 3-month excess return -4.92%; 6-month excess return -22.76%.,"Model view: the forward return estimate was mildly positive at about 10.95%. Confidence was not explicitly available for this prediction. Technical state is soft, with price below the 50-day and 200-day averages. RSI is weak near 34.1. MACD remains on the bearish side. No recent matched news was found for this ticker/date. Relative strength versus the benchmark looked weak. 1-month excess return -0.69%; 3-month excess return -4.92%; 6-month excess return -22.76%."
2025-04-01,IQV,11.631128390259896,,-15.621349650720418,miss,linear_regression,target_5d_return,regression,4,"Technical state is soft, with price below the 50-day and 200-day averages. RSI is weak near 29.2. MACD remains on the bearish side.",No recent matched news was found for this ticker/date.,Relative strength versus the benchmark looked weak. 1-month excess return -3.43%; 3-month excess return -8.40%; 6-month excess return -25.24%.,"Model view: the forward return estimate was mildly positive at about 11.63%. Confidence was not explicitly available for this prediction. Technical state is soft, with price below the 50-day and 200-day averages. RSI is weak near 29.2. MACD remains on the bearish side. No recent matched news was found for this ticker/date. Relative strength versus the benchmark looked weak. 1-month excess return -3.43%; 3-month excess return -8.40%; 6-month excess return -25.24%."
2025-04-02,IQV,9.901319522642137,,-9.950101124374234,miss,linear_regression,target_5d_return,regression,4,"Technical state is soft, with price below the 50-day and 200-day averages. RSI is weak near 35.4. MACD remains on the bearish side.",No recent matched news was found for this ticker/date.,Relative strength versus the benchmark looked weak. 1-month excess return -2.84%; 3-month excess return -7.61%; 6-month excess return -24.76%.,"Model view: the forward return estimate was mildly positive at about 9.90%. Confidence was not explicitly available for this prediction. Technical state is soft, with price below the 50-day and 200-day averages. RSI is weak near 35.4. MACD remains on the bearish side. No recent matched news was found for this ticker/date. Relative strength versus the benchmark looked weak. 1-month excess return -2.84%; 3-month excess return -7.61%; 6-month excess return -24.76%."
2025-04-03,IQV,10.653882019734855,,-14.59240316324365,miss,linear_regression,target_5d_return,regression,4,"Technical state is soft, with price below the 50-day and 200-day averages. RSI is weak near 29.5. MACD remains on the bearish side. Volatility is elevated at roughly 30.2%.",No recent matched news was found for this ticker/date.,Relative strength versus the benchmark looked weak. 1-month excess return -1.90%; 3-month excess return -6.38%; 6-month excess return -22.06%.,"Model view: the forward return estimate was mildly positive at about 10.65%. Confidence was not explicitly available for this prediction. Technical state is soft, with price below the 50-day and 200-day averages. RSI is weak near 29.5. MACD remains on the bearish side. Volatility is elevated at roughly 30.2%. No recent matched news was found for this ticker/date. Relative strength versus the benchmark looked weak. 1-month excess return -1.90%; 3-month excess return -6.38%; 6-month excess return -22.06%."
2025-04-04,IQV,11.100859852520436,,-5.932910831294869,miss,linear_regression,target_5d_return,regression,4,"Technical state is soft, with price below the 50-day and 200-day averages. RSI is weak near 21.8. MACD remains on the bearish side. Volatility is elevated at roughly 36.6%.",No recent matched news was found for this ticker/date.,Relative strength versus the benchmark looked weak. 1-month excess return -4.96%; 3-month excess return -7.31%; 6-month excess return -22.28%.,"Model view: the forward return estimate was mildly positive at about 11.10%. Confidence was not explicitly available for this prediction. Technical state is soft, with price below the 50-day and 200-day averages. RSI is weak near 21.8. MACD remains on the bearish side. Volatility is elevated at roughly 36.6%. No recent matched news was found for this ticker/date. Relative strength versus the benchmark looked weak. 1-month excess return -4.96%; 3-month excess return -7.31%; 6-month excess return -22.28%."
2025-04-07,IQV,10.71315609113601,,-1.3659214514887497,miss,linear_regression,target_5d_return,regression,4,"Technical state is soft, with price below the 50-day and 200-day averages. RSI is weak near 21.1. MACD remains on the bearish side. Volatility is elevated at roughly 36.5%.",No recent matched news was found for this ticker/date.,Relative strength versus the benchmark looked weak. 1-month excess return -7.70%; 3-month excess return -7.63%; 6-month excess return -21.55%.,"Model view: the forward return estimate was mildly positive at about 10.71%. Confidence was not explicitly available for this prediction. Technical state is soft, with price below the 50-day and 200-day averages. RSI is weak near 21.1. MACD remains on the bearish side. Volatility is elevated at roughly 36.5%. No recent matched news was found for this ticker/date. Relative strength versus the benchmark looked weak. 1-month excess return -7.70%; 3-month excess return -7.63%; 6-month excess return -21.55%."
2025-04-08,IQV,14.901256965696764,,3.225128539109079,hit,linear_regression,target_5d_return,regression,4,"Technical state is soft, with price below the 50-day and 200-day averages. RSI is weak near 17.7. MACD remains on the bearish side. Volatility is elevated at roughly 39.5%.",No recent matched news was found for this ticker/date.,Relative strength versus the benchmark looked weak. 1-month excess return -12.06%; 3-month excess return -10.91%; 6-month excess return -23.86%.,"Model view: the forward return estimate was mildly positive at about 14.90%. Confidence was not explicitly available for this prediction. Technical state is soft, with price below the 50-day and 200-day averages. RSI is weak near 17.7. MACD remains on the bearish side. Volatility is elevated at roughly 39.5%. No recent matched news was found for this ticker/date. Relative strength versus the benchmark looked weak. 1-month excess return -12.06%; 3-month excess return -10.91%; 6-month excess return -23.86%."
2025-04-09,IQV,11.065622995652369,,-5.464273084699878,miss,linear_regression,target_5d_return,regression,4,"Technical state is soft, with price below the 50-day and 200-day averages. RSI is weak near 34.3. MACD remains on the bearish side. Volatility is elevated at roughly 52.3%.",No recent matched news was found for this ticker/date.,Relative strength versus the benchmark looked weak. 1-month excess return -12.04%; 3-month excess return -14.70%; 6-month excess return -25.95%.,"Model view: the forward return estimate was mildly positive at about 11.07%. Confidence was not explicitly available for this prediction. Technical state is soft, with price below the 50-day and 200-day averages. RSI is weak near 34.3. MACD remains on the bearish side. Volatility is elevated at roughly 52.3%. No recent matched news was found for this ticker/date. Relative strength versus the benchmark looked weak. 1-month excess return -12.04%; 3-month excess return -14.70%; 6-month excess return -25.95%."
2025-04-10,IQV,15.680033927697774,,0.4817779887761331,hit,linear_regression,target_5d_return,regression,4,"Technical state is soft, with price below the 50-day and 200-day averages. RSI is weak near 27.7. MACD remains on the bearish side. Volatility is elevated at roughly 59.5%.",No recent matched news was found for this ticker/date.,Relative strength versus the benchmark looked weak. 1-month excess return -16.59%; 3-month excess return -18.82%; 6-month excess return -28.33%.,"Model view: the forward return estimate was mildly positive at about 15.68%. Confidence was not explicitly available for this prediction. Technical state is soft, with price below the 50-day and 200-day averages. RSI is weak near 27.7. MACD remains on the bearish side. Volatility is elevated at roughly 59.5%. No recent matched news was found for this ticker/date. Relative strength versus the benchmark looked weak. 1-month excess return -16.59%; 3-month excess return -18.82%; 6-month excess return -28.33%."
2025-04-11,IQV,15.957796440166316,,-2.974923902622617,miss,linear_regression,target_5d_return,regression,4,"Technical state is soft, with price below the 50-day and 200-day averages. RSI is weak near 30.1. MACD remains on the bearish side. Volatility is elevated at roughly 59.2%.",No recent matched news was found for this ticker/date.,Relative strength versus the benchmark looked weak. 1-month excess return -16.52%; 3-month excess return -20.28%; 6-month excess return -28.86%.,"Model view: the forward return estimate was mildly positive at about 15.96%. Confidence was not explicitly available for this prediction. Technical state is soft, with price below the 50-day and 200-day averages. RSI is weak near 30.1. MACD remains on the bearish side. Volatility is elevated at roughly 59.2%. No recent matched news was found for this ticker/date. Relative strength versus the benchmark looked weak. 1-month excess return -16.52%; 3-month excess return -20.28%; 6-month excess return -28.86%."
2025-04-14,IQV,15.50794744857232,,-4.843624203076569,miss,linear_regression,target_5d_return,regression,4,"Technical state is soft, with price below the 50-day and 200-day averages. RSI is weak near 35.6. MACD remains on the bearish side. Volatility is elevated at roughly 61.5%.",No recent matched news was found for this ticker/date.,Relative strength versus the benchmark looked weak. 1-month excess return -14.26%; 3-month excess return -18.94%; 6-month excess return -28.02%.,"Model view: the forward return estimate was mildly positive at about 15.51%. Confidence was not explicitly available for this prediction. Technical state is soft, with price below the 50-day and 200-day averages. RSI is weak near 35.6. MACD remains on the bearish side. Volatility is elevated at roughly 61.5%. No recent matched news was found for this ticker/date. Relative strength versus the benchmark looked weak. 1-month excess return -14.26%; 3-month excess return -18.94%; 6-month excess return -28.02%."
2025-04-15,IQV,15.947632536568126,,-1.4012714873734122,miss,linear_regression,target_5d_return,regression,4,"Technical state is soft, with price below the 50-day and 200-day averages. RSI is weak near 34.6. MACD remains on the bearish side. Volatility is elevated at roughly 60.6%.",No recent matched news was found for this ticker/date.,Relative strength versus the benchmark looked weak. 1-month excess return -14.10%; 3-month excess return -16.96%; 6-month excess return -27.69%.,"Model view: the forward return estimate was mildly positive at about 15.95%. Confidence was not explicitly available for this prediction. Technical state is soft, with price below the 50-day and 200-day averages. RSI is weak near 34.6. MACD remains on the bearish side. Volatility is elevated at roughly 60.6%. No recent matched news was found for this ticker/date. Relative strength versus the benchmark looked weak. 1-month excess return -14.10%; 3-month excess return -16.96%; 6-month excess return -27.69%."
2025-04-16,IQV,15.492168592254384,,1.5090206127281514,hit,linear_regression,target_5d_return,regression,4,"Technical state is soft, with price below the 50-day and 200-day averages. RSI is weak near 34.2. MACD remains on the bearish side. Volatility is elevated at roughly 60.6%.",No recent matched news was found for this ticker/date.,Relative strength versus the benchmark looked weak. 1-month excess return -14.93%; 3-month excess return -12.96%; 6-month excess return -26.33%.,"Model view: the forward return estimate was mildly positive at about 15.49%. Confidence was not explicitly available for this prediction. Technical state is soft, with price below the 50-day and 200-day averages. RSI is weak near 34.2. MACD remains on the bearish side. Volatility is elevated at roughly 60.6%. No recent matched news was found for this ticker/date. Relative strength versus the benchmark looked weak. 1-month excess return -14.93%; 3-month excess return -12.96%; 6-month excess return -26.33%."
2025-04-17,IQV,16.29571548384967,,4.426374091507768,hit,linear_regression,target_5d_return,regression,4,"Technical state is soft, with price below the 50-day and 200-day averages. RSI is weak near 31.7. MACD remains on the bearish side. Volatility is elevated at roughly 61.0%.",No recent matched news was found for this ticker/date.,Relative strength versus the benchmark looked weak. 1-month excess return -15.84%; 3-month excess return -16.11%; 6-month excess return -29.02%.,"Model view: the forward return estimate was mildly positive at about 16.30%. Confidence was not explicitly available for this prediction. Technical state is soft, with price below the 50-day and 200-day averages. RSI is weak near 31.7. MACD remains on the bearish side. Volatility is elevated at roughly 61.0%. No recent matched news was found for this ticker/date. Relative strength versus the benchmark looked weak. 1-month excess return -15.84%; 3-month excess return -16.11%; 6-month excess return -29.02%."
2025-04-21,IQV,17.043845622149263,,6.309307169729128,hit,linear_regression,target_5d_return,regression,4,"Technical state is soft, with price below the 50-day and 200-day averages. RSI is weak near 30.3. MACD remains on the bearish side. Volatility is elevated at roughly 60.6%.",No recent matched news was found for this ticker/date.,Relative strength versus the benchmark looked weak. 1-month excess return -14.18%; 3-month excess return -14.42%; 6-month excess return -27.66%.,"Model view: the forward return estimate was mildly positive at about 17.04%. Confidence was not explicitly available for this prediction. Technical state is soft, with price below the 50-day and 200-day averages. RSI is weak near 30.3. MACD remains on the bearish side. Volatility is elevated at roughly 60.6%. No recent matched news was found for this ticker/date. Relative strength versus the benchmark looked weak. 1-month excess return -14.18%; 3-month excess return -14.42%; 6-month excess return -27.66%."
2025-04-22,IQV,16.958830900523786,,6.851887957711877,hit,linear_regression,target_5d_return,regression,4,"Technical state is soft, with price below the 50-day and 200-day averages. RSI is weak near 33.2. MACD remains on the bearish side. Volatility is elevated at roughly 61.3%.",No recent matched news was found for this ticker/date.,Relative strength versus the benchmark looked weak. 1-month excess return -15.83%; 3-month excess return -17.53%; 6-month excess return -29.07%.,"Model view: the forward return estimate was mildly positive at about 16.96%. Confidence was not explicitly available for this prediction. Technical state is soft, with price below the 50-day and 200-day averages. RSI is weak near 33.2. MACD remains on the bearish side. Volatility is elevated at roughly 61.3%. No recent matched news was found for this ticker/date. Relative strength versus the benchmark looked weak. 1-month excess return -15.83%; 3-month excess return -17.53%; 6-month excess return -29.07%."
2025-04-23,IQV,16.449005046014115,,5.446763156944523,hit,linear_regression,target_5d_return,regression,4,"Technical state is soft, with price below the 50-day and 200-day averages. RSI is weak near 37.2. MACD remains on the bearish side. Volatility is elevated at roughly 62.4%.",No recent matched news was found for this ticker/date.,Relative strength versus the benchmark looked weak. 1-month excess return -13.93%; 3-month excess return -16.66%; 6-month excess return -29.44%.,"Model view: the forward return estimate was mildly positive at about 16.45%. Confidence was not explicitly available for this prediction. Technical state is soft, with price below the 50-day and 200-day averages. RSI is weak near 37.2. MACD remains on the bearish side. Volatility is elevated at roughly 62.4%. No recent matched news was found for this ticker/date. Relative strength versus the benchmark looked weak. 1-month excess return -13.93%; 3-month excess return -16.66%; 6-month excess return -29.44%."
2025-04-24,IQV,17.05808044315669,,0.2787453199829315,hit,linear_regression,target_5d_return,regression,4,"Technical state is soft, with price below the 50-day and 200-day averages. MACD remains on the bullish side. Volatility is elevated at roughly 63.6%.",No recent matched news was found for this ticker/date.,Relative strength versus the benchmark looked weak. 1-month excess return -11.61%; 3-month excess return -16.46%; 6-month excess return -28.46%.,"Model view: the forward return estimate was mildly positive at about 17.06%. Confidence was not explicitly available for this prediction. Technical state is soft, with price below the 50-day and 200-day averages. MACD remains on the bullish side. Volatility is elevated at roughly 63.6%. No recent matched news was found for this ticker/date. Relative strength versus the benchmark looked weak. 1-month excess return -11.61%; 3-month excess return -16.46%; 6-month excess return -28.46%."
2025-04-25,IQV,16.887844734894507,,2.129356517324532,hit,linear_regression,target_5d_return,regression,4,"Technical state is soft, with price below the 50-day and 200-day averages. MACD remains on the bullish side. Volatility is elevated at roughly 63.6%.",No recent matched news was found for this ticker/date.,Relative strength versus the benchmark looked weak. 1-month excess return -13.02%; 3-month excess return -16.99%; 6-month excess return -28.57%.,"Model view: the forward return estimate was mildly positive at about 16.89%. Confidence was not explicitly available for this prediction. Technical state is soft, with price below the 50-day and 200-day averages. MACD remains on the bullish side. Volatility is elevated at roughly 63.6%. No recent matched news was found for this ticker/date. Relative strength versus the benchmark looked weak. 1-month excess return -13.02%; 3-month excess return -16.99%; 6-month excess return -28.57%."
2025-04-28,IQV,17.90422478781413,,1.445412707898841,hit,linear_regression,target_5d_return,regression,4,"Technical state is soft, with price below the 50-day and 200-day averages. MACD remains on the bullish side. Volatility is elevated at roughly 63.6%.",No recent matched news was found for this ticker/date.,Relative strength versus the benchmark looked weak. 1-month excess return -13.46%; 3-month excess return -19.34%; 6-month excess return -29.57%.,"Model view: the forward return estimate was mildly positive at about 17.90%. Confidence was not explicitly available for this prediction. Technical state is soft, with price below the 50-day and 200-day averages. MACD remains on the bullish side. Volatility is elevated at roughly 63.6%. No recent matched news was found for this ticker/date. Relative strength versus the benchmark looked weak. 1-month excess return -13.46%; 3-month excess return -19.34%; 6-month excess return -29.57%."
2025-04-29,IQV,16.66378955078774,,-4.724666108951037,miss,linear_regression,target_5d_return,regression,4,"Technical state is soft, with price below the 50-day and 200-day averages. MACD remains on the bullish side. Volatility is elevated at roughly 64.5%.",No recent matched news was found for this ticker/date.,Relative strength versus the benchmark looked weak. 1-month excess return -13.24%; 3-month excess return -16.23%; 6-month excess return -23.20%.,"Model view: the forward return estimate was mildly positive at about 16.66%. Confidence was not explicitly available for this prediction. Technical state is soft, with price below the 50-day and 200-day averages. MACD remains on the bullish side. Volatility is elevated at roughly 64.5%. No recent matched news was found for this ticker/date. Relative strength versus the benchmark looked weak. 1-month excess return -13.24%; 3-month excess return -16.23%; 6-month excess return -23.20%."
2025-04-30,IQV,16.27270714335532,,-1.1414227051400272,miss,linear_regression,target_5d_return,regression,4,"Technical state is soft, with price below the 50-day and 200-day averages. MACD remains on the bullish side. Volatility is elevated at roughly 64.2%.",No recent matched news was found for this ticker/date.,Relative strength versus the benchmark looked weak. 1-month excess return -11.23%; 3-month excess return -13.82%; 6-month excess return -23.52%.,"Model view: the forward return estimate was mildly positive at about 16.27%. Confidence was not explicitly available for this prediction. Technical state is soft, with price below the 50-day and 200-day averages. MACD remains on the bullish side. Volatility is elevated at roughly 64.2%. No recent matched news was found for this ticker/date. Relative strength versus the benchmark looked weak. 1-month excess return -11.23%; 3-month excess return -13.82%; 6-month excess return -23.52%."
2025-05-01,IQV,17.3619065423595,,1.4493627360391281,hit,linear_regression,target_5d_return,regression,4,"Technical state is soft, with price below the 50-day and 200-day averages. MACD remains on the bullish side. Volatility is elevated at roughly 64.0%.",No recent matched news was found for this ticker/date.,Relative strength versus the benchmark looked weak. 1-month excess return -11.29%; 3-month excess return -17.40%; 6-month excess return -26.69%.,"Model view: the forward return estimate was mildly positive at about 17.36%. Confidence was not explicitly available for this prediction. Technical state is soft, with price below the 50-day and 200-day averages. MACD remains on the bullish side. Volatility is elevated at roughly 64.0%. No recent matched news was found for this ticker/date. Relative strength versus the benchmark looked weak. 1-month excess return -11.29%; 3-month excess return -17.40%; 6-month excess return -26.69%."
2025-05-02,IQV,19.023798087691315,,-2.9254563196272954,miss,linear_regression,target_5d_return,regression,4,"Technical state is soft, with price below the 50-day and 200-day averages. MACD remains on the bullish side. Volatility is elevated at roughly 63.3%.",No recent matched news was found for this ticker/date.,Relative strength versus the benchmark looked weak. 1-month excess return -12.33%; 3-month excess return -17.88%; 6-month excess return -26.43%.,"Model view: the forward return estimate was mildly positive at about 19.02%. Confidence was not explicitly available for this prediction. Technical state is soft, with price below the 50-day and 200-day averages. MACD remains on the bullish side. Volatility is elevated at roughly 63.3%. No recent matched news was found for this ticker/date. Relative strength versus the benchmark looked weak. 1-month excess return -12.33%; 3-month excess return -17.88%; 6-month excess return -26.43%."
2025-05-05,IQV,19.27437903032014,,2.514774625285532,hit,linear_regression,target_5d_return,regression,4,"Technical state is soft, with price below the 50-day and 200-day averages. MACD remains on the bullish side. Volatility is elevated at roughly 57.1%.",No recent matched news was found for this ticker/date.,Relative strength versus the benchmark looked weak. 1-month excess return -14.00%; 3-month excess return -17.74%; 6-month excess return -26.66%.,"Model view: the forward return estimate was mildly positive at about 19.27%. Confidence was not explicitly available for this prediction. Technical state is soft, with price below the 50-day and 200-day averages. MACD remains on the bullish side. Volatility is elevated at roughly 57.1%. No recent matched news was found for this ticker/date. Relative strength versus the benchmark looked weak. 1-month excess return -14.00%; 3-month excess return -17.74%; 6-month excess return -26.66%."
2025-05-06,IQV,17.815357730988516,,3.0642926272598237,hit,linear_regression,target_5d_return,regression,4,"Technical state is soft, with price below the 50-day and 200-day averages. RSI is weak near 38.8. MACD remains on the bullish side. Volatility is elevated at roughly 58.7%.",No recent matched news was found for this ticker/date.,Relative strength versus the benchmark looked weak. 1-month excess return -15.84%; 3-month excess return -19.73%; 6-month excess return -27.23%.,"Model view: the forward return estimate was mildly positive at about 17.82%. Confidence was not explicitly available for this prediction. Technical state is soft, with price below the 50-day and 200-day averages. RSI is weak near 38.8. MACD remains on the bullish side. Volatility is elevated at roughly 58.7%. No recent matched news was found for this ticker/date. Relative strength versus the benchmark looked weak. 1-month excess return -15.84%; 3-month excess return -19.73%; 6-month excess return -27.23%."
2025-05-07,IQV,18.69245997721167,,-7.488581538816497,miss,linear_regression,target_5d_return,regression,4,"Technical state is soft, with price below the 50-day and 200-day averages. MACD remains on the bullish side. Volatility is elevated at roughly 57.6%.",No recent matched news was found for this ticker/date.,Relative strength versus the benchmark looked weak. 1-month excess return -11.10%; 3-month excess return -18.23%; 6-month excess return -24.98%.,"Model view: the forward return estimate was mildly positive at about 18.69%. Confidence was not explicitly available for this prediction. Technical state is soft, with price below the 50-day and 200-day averages. MACD remains on the bullish side. Volatility is elevated at roughly 57.6%. No recent matched news was found for this ticker/date. Relative strength versus the benchmark looked weak. 1-month excess return -11.10%; 3-month excess return -18.23%; 6-month excess return -24.98%."
2025-05-08,IQV,14.081641960980043,,-8.389328184225919,miss,linear_regression,target_5d_return,regression,4,"Technical state is soft, with price below the 50-day and 200-day averages. MACD remains on the bullish side. Volatility is elevated at roughly 48.6%.",No recent matched news was found for this ticker/date.,Relative strength versus the benchmark looked weak. 1-month excess return -7.62%; 3-month excess return -20.13%; 6-month excess return -26.22%.,"Model view: the forward return estimate was mildly positive at about 14.08%. Confidence was not explicitly available for this prediction. Technical state is soft, with price below the 50-day and 200-day averages. MACD remains on the bullish side. Volatility is elevated at roughly 48.6%. No recent matched news was found for this ticker/date. Relative strength versus the benchmark looked weak. 1-month excess return -7.62%; 3-month excess return -20.13%; 6-month excess return -26.22%."
2025-05-09,IQV,17.003217933727143,,-4.141216149715765,miss,linear_regression,target_5d_return,regression,4,"Technical state is soft, with price below the 50-day and 200-day averages. MACD remains on the bullish side. Volatility is elevated at roughly 37.8%.",No recent matched news was found for this ticker/date.,Relative strength versus the benchmark looked weak. 1-month excess return -9.03%; 3-month excess return -22.34%; 6-month excess return -27.85%.,"Model view: the forward return estimate was mildly positive at about 17.00%. Confidence was not explicitly available for this prediction. Technical state is soft, with price below the 50-day and 200-day averages. MACD remains on the bullish side. Volatility is elevated at roughly 37.8%. No recent matched news was found for this ticker/date. Relative strength versus the benchmark looked weak. 1-month excess return -9.03%; 3-month excess return -22.34%; 6-month excess return -27.85%."
2025-05-12,IQV,14.10377529814026,,-8.063800168410584,miss,linear_regression,target_5d_return,regression,4,"Technical state is soft, with price below the 50-day and 200-day averages. RSI is in a steady zone near 50.8. MACD remains on the bullish side. Volatility is elevated at roughly 40.9%.",No recent matched news was found for this ticker/date.,Relative strength versus the benchmark looked weak. 1-month excess return -2.16%; 3-month excess return -20.93%; 6-month excess return -28.07%.,"Model view: the forward return estimate was mildly positive at about 14.10%. Confidence was not explicitly available for this prediction. Technical state is soft, with price below the 50-day and 200-day averages. RSI is in a steady zone near 50.8. MACD remains on the bullish side. Volatility is elevated at roughly 40.9%. No recent matched news was found for this ticker/date. Relative strength versus the benchmark looked weak. 1-month excess return -2.16%; 3-month excess return -20.93%; 6-month excess return -28.07%."
2025-05-13,IQV,16.08446088849981,,-3.8027581670171173,miss,linear_regression,target_5d_return,regression,4,"Technical state is soft, with price below the 50-day and 200-day averages. MACD remains on the bullish side. Volatility is elevated at roughly 41.1%.",No recent matched news was found for this ticker/date.,Relative strength versus the benchmark looked weak. 1-month excess return -6.44%; 3-month excess return -21.90%; 6-month excess return -29.30%.,"Model view: the forward return estimate was mildly positive at about 16.08%. Confidence was not explicitly available for this prediction. Technical state is soft, with price below the 50-day and 200-day averages. MACD remains on the bullish side. Volatility is elevated at roughly 41.1%. No recent matched news was found for this ticker/date. Relative strength versus the benchmark looked weak. 1-month excess return -6.44%; 3-month excess return -21.90%; 6-month excess return -29.30%."
2025-05-14,IQV,18.173633850732998,,-3.1941995516399535,miss,linear_regression,target_5d_return,regression,4,"Technical state is soft, with price below the 50-day and 200-day averages. RSI is weak near 38.8. MACD remains on the bullish side. Volatility is elevated at roughly 46.0%.",No recent matched news was found for this ticker/date.,Relative strength versus the benchmark looked weak. 1-month excess return -15.04%; 3-month excess return -25.66%; 6-month excess return -33.52%.,"Model view: the forward return estimate was mildly positive at about 18.17%. Confidence was not explicitly available for this prediction. Technical state is soft, with price below the 50-day and 200-day averages. RSI is weak near 38.8. MACD remains on the bullish side. Volatility is elevated at roughly 46.0%. No recent matched news was found for this ticker/date. Relative strength versus the benchmark looked weak. 1-month excess return -15.04%; 3-month excess return -25.66%; 6-month excess return -33.52%."
2025-05-15,IQV,19.731973900046455,,-1.701915199245485,miss,linear_regression,target_5d_return,regression,4,"Technical state is soft, with price below the 50-day and 200-day averages. RSI is weak near 37.9. MACD remains on the bullish side. Volatility is elevated at roughly 46.1%.",No recent matched news was found for this ticker/date.,Relative strength versus the benchmark looked weak. 1-month excess return -15.70%; 3-month excess return -25.18%; 6-month excess return -33.89%.,"Model view: the forward return estimate was mildly positive at about 19.73%. Confidence was not explicitly available for this prediction. Technical state is soft, with price below the 50-day and 200-day averages. RSI is weak near 37.9. MACD remains on the bullish side. Volatility is elevated at roughly 46.1%. No recent matched news was found for this ticker/date. Relative strength versus the benchmark looked weak. 1-month excess return -15.70%; 3-month excess return -25.18%; 6-month excess return -33.89%."
2025-05-16,IQV,19.728822077086733,,-4.075064434779529,miss,linear_regression,target_5d_return,regression,4,"Technical state is soft, with price below the 50-day and 200-day averages. MACD remains on the bearish side. Volatility is elevated at roughly 45.3%.",No recent matched news was found for this ticker/date.,Relative strength versus the benchmark looked weak. 1-month excess return -16.83%; 3-month excess return -23.59%; 6-month excess return -32.67%.,"Model view: the forward return estimate was mildly positive at about 19.73%. Confidence was not explicitly available for this prediction. Technical state is soft, with price below the 50-day and 200-day averages. MACD remains on the bearish side. Volatility is elevated at roughly 45.3%. No recent matched news was found for this ticker/date. Relative strength versus the benchmark looked weak. 1-month excess return -16.83%; 3-month excess return -23.59%; 6-month excess return -32.67%."
2025-05-19,IQV,18.66660460029911,,-2.09000985113591,miss,linear_regression,target_5d_return,regression,4,"Technical state is soft, with price below the 50-day and 200-day averages. MACD remains on the bearish side. Volatility is elevated at roughly 44.8%.",No recent matched news was found for this ticker/date.,Relative strength versus the benchmark looked weak. 1-month excess return -13.26%; 3-month excess return -22.93%; 6-month excess return -31.73%.,"Model view: the forward return estimate was mildly positive at about 18.67%. Confidence was not explicitly available for this prediction. Technical state is soft, with price below the 50-day and 200-day averages. MACD remains on the bearish side. Volatility is elevated at roughly 44.8%. No recent matched news was found for this ticker/date. Relative strength versus the benchmark looked weak. 1-month excess return -13.26%; 3-month excess return -22.93%; 6-month excess return -31.73%."
2025-05-20,IQV,16.67384686172464,,-4.2566390471525555,miss,linear_regression,target_5d_return,regression,4,"Technical state is soft, with price below the 50-day and 200-day averages. MACD remains on the bullish side. Volatility is elevated at roughly 44.6%.",No recent matched news was found for this ticker/date.,Relative strength versus the benchmark looked weak. 1-month excess return -12.71%; 3-month excess return -22.90%; 6-month excess return -28.45%.,"Model view: the forward return estimate was mildly positive at about 16.67%. Confidence was not explicitly available for this prediction. Technical state is soft, with price below the 50-day and 200-day averages. MACD remains on the bullish side. Volatility is elevated at roughly 44.6%. No recent matched news was found for this ticker/date. Relative strength versus the benchmark looked weak. 1-month excess return -12.71%; 3-month excess return -22.90%; 6-month excess return -28.45%."
2025-05-21,IQV,18.120260186925172,,2.7168848195324946,hit,linear_regression,target_5d_return,regression,4,"Technical state is soft, with price below the 50-day and 200-day averages. RSI is weak near 36.9. MACD remains on the bearish side. Volatility is elevated at roughly 47.5%.",No recent matched news was found for this ticker/date.,Relative strength versus the benchmark looked weak. 1-month excess return -15.03%; 3-month excess return -24.69%; 6-month excess return -28.24%.,"Model view: the forward return estimate was mildly positive at about 18.12%. Confidence was not explicitly available for this prediction. Technical state is soft, with price below the 50-day and 200-day averages. RSI is weak near 36.9. MACD remains on the bearish side. Volatility is elevated at roughly 47.5%. No recent matched news was found for this ticker/date. Relative strength versus the benchmark looked weak. 1-month excess return -15.03%; 3-month excess return -24.69%; 6-month excess return -28.24%."
2025-05-22,IQV,17.694726677690163,,1.658945708708548,hit,linear_regression,target_5d_return,regression,4,"Technical state is soft, with price below the 50-day and 200-day averages. RSI is weak near 37.8. MACD remains on the bearish side. Volatility is elevated at roughly 46.5%.",No recent matched news was found for this ticker/date.,Relative strength versus the benchmark looked weak. 1-month excess return -15.07%; 3-month excess return -24.89%; 6-month excess return -26.87%.,"Model view: the forward return estimate was mildly positive at about 17.69%. Confidence was not explicitly available for this prediction. Technical state is soft, with price below the 50-day and 200-day averages. RSI is weak near 37.8. MACD remains on the bearish side. Volatility is elevated at roughly 46.5%. No recent matched news was found for this ticker/date. Relative strength versus the benchmark looked weak. 1-month excess return -15.07%; 3-month excess return -24.89%; 6-month excess return -26.87%."
2025-05-23,IQV,17.786024342474235,,1.5328511704493675,hit,linear_regression,target_5d_return,regression,4,"Technical state is soft, with price below the 50-day and 200-day averages. RSI is weak near 37.0. MACD remains on the bearish side. Volatility is elevated at roughly 46.5%.",No recent matched news was found for this ticker/date.,Relative strength versus the benchmark looked weak. 1-month excess return -15.05%; 3-month excess return -26.61%; 6-month excess return -26.50%.,"Model view: the forward return estimate was mildly positive at about 17.79%. Confidence was not explicitly available for this prediction. Technical state is soft, with price below the 50-day and 200-day averages. RSI is weak near 37.0. MACD remains on the bearish side. Volatility is elevated at roughly 46.5%. No recent matched news was found for this ticker/date. Relative strength versus the benchmark looked weak. 1-month excess return -15.05%; 3-month excess return -26.61%; 6-month excess return -26.50%."
2025-05-27,IQV,17.881575476032594,,1.5938562688013747,hit,linear_regression,target_5d_return,regression,4,"Technical state is soft, with price below the 50-day and 200-day averages. MACD remains on the bearish side. Volatility is elevated at roughly 47.7%.",No recent matched news was found for this ticker/date.,Relative strength versus the benchmark looked weak. 1-month excess return -13.84%; 3-month excess return -25.85%; 6-month excess return -27.78%.,"Model view: the forward return estimate was mildly positive at about 17.88%. Confidence was not explicitly available for this prediction. Technical state is soft, with price below the 50-day and 200-day averages. MACD remains on the bearish side. Volatility is elevated at roughly 47.7%. No recent matched news was found for this ticker/date. Relative strength versus the benchmark looked weak. 1-month excess return -13.84%; 3-month excess return -25.85%; 6-month excess return -27.78%."
2025-05-28,IQV,18.410928896004968,,6.571548636263591,hit,linear_regression,target_5d_return,regression,4,"Technical state is soft, with price below the 50-day and 200-day averages. MACD remains on the bearish side. Volatility is elevated at roughly 46.9%.",No recent matched news was found for this ticker/date.,Relative strength versus the benchmark looked weak. 1-month excess return -14.24%; 3-month excess return -26.13%; 6-month excess return -28.78%.,"Model view: the forward return estimate was mildly positive at about 18.41%. Confidence was not explicitly available for this prediction. Technical state is soft, with price below the 50-day and 200-day averages. MACD remains on the bearish side. Volatility is elevated at roughly 46.9%. No recent matched news was found for this ticker/date. Relative strength versus the benchmark looked weak. 1-month excess return -14.24%; 3-month excess return -26.13%; 6-month excess return -28.78%."
2025-05-29,IQV,18.75094305080549,,4.502900760418305,hit,linear_regression,target_5d_return,regression,4,"Technical state is soft, with price below the 50-day and 200-day averages. MACD remains on the bullish side. Volatility is elevated at roughly 47.2%.",No recent matched news was found for this ticker/date.,Relative strength versus the benchmark looked weak. 1-month excess return -14.54%; 3-month excess return -25.19%; 6-month excess return -29.19%.,"Model view: the forward return estimate was mildly positive at about 18.75%. Confidence was not explicitly available for this prediction. Technical state is soft, with price below the 50-day and 200-day averages. MACD remains on the bullish side. Volatility is elevated at roughly 47.2%. No recent matched news was found for this ticker/date. Relative strength versus the benchmark looked weak. 1-month excess return -14.54%; 3-month excess return -25.19%; 6-month excess return -29.19%."
2025-05-30,IQV,18.31830796502556,,8.54414974468467,hit,linear_regression,target_5d_return,regression,4,"Technical state is soft, with price below the 50-day and 200-day averages. MACD remains on the bullish side. Volatility is elevated at roughly 46.5%.",No recent matched news was found for this ticker/date.,Relative strength versus the benchmark looked weak. 1-month excess return -15.79%; 3-month excess return -24.84%; 6-month excess return -29.86%.,"Model view: the forward return estimate was mildly positive at about 18.32%. Confidence was not explicitly available for this prediction. Technical state is soft, with price below the 50-day and 200-day averages. MACD remains on the bullish side. Volatility is elevated at roughly 46.5%. No recent matched news was found for this ticker/date. Relative strength versus the benchmark looked weak. 1-month excess return -15.79%; 3-month excess return -24.84%; 6-month excess return -29.86%."
2025-06-02,IQV,18.539884326763634,,10.819545027028132,hit,linear_regression,target_5d_return,regression,4,"Technical state is soft, with price below the 50-day and 200-day averages. MACD remains on the bullish side. Volatility is elevated at roughly 46.0%.",No recent matched news was found for this ticker/date.,Relative strength versus the benchmark looked weak. 1-month excess return -14.09%; 3-month excess return -26.24%; 6-month excess return -29.54%.,"Model view: the forward return estimate was mildly positive at about 18.54%. Confidence was not explicitly available for this prediction. Technical state is soft, with price below the 50-day and 200-day averages. MACD remains on the bullish side. Volatility is elevated at roughly 46.0%. No recent matched news was found for this ticker/date. Relative strength versus the benchmark looked weak. 1-month excess return -14.09%; 3-month excess return -26.24%; 6-month excess return -29.54%."
2025-06-03,IQV,17.473928650176795,,11.899429638899539,hit,linear_regression,target_5d_return,regression,4,"Technical state is soft, with price below the 50-day and 200-day averages. MACD remains on the bullish side. Volatility is elevated at roughly 47.3%.",No recent matched news was found for this ticker/date.,Relative strength versus the benchmark looked weak. 1-month excess return -12.21%; 3-month excess return -25.53%; 6-month excess return -28.65%.,"Model view: the forward return estimate was mildly positive at about 17.47%. Confidence was not explicitly available for this prediction. Technical state is soft, with price below the 50-day and 200-day averages. MACD remains on the bullish side. Volatility is elevated at roughly 47.3%. No recent matched news was found for this ticker/date. Relative strength versus the benchmark looked weak. 1-month excess return -12.21%; 3-month excess return -25.53%; 6-month excess return -28.65%."
2025-06-04,IQV,17.49806766282485,,7.390134134975179,hit,linear_regression,target_5d_return,regression,4,"Technical state is soft, with price below the 50-day and 200-day averages. RSI is in a steady zone near 52.6. MACD remains on the bullish side. Volatility is elevated at roughly 47.0%.",No recent matched news was found for this ticker/date.,Relative strength versus the benchmark looked weak. 1-month excess return -8.62%; 3-month excess return -22.52%; 6-month excess return -25.31%.,"Model view: the forward return estimate was mildly positive at about 17.50%. Confidence was not explicitly available for this prediction. Technical state is soft, with price below the 50-day and 200-day averages. RSI is in a steady zone near 52.6. MACD remains on the bullish side. Volatility is elevated at roughly 47.0%. No recent matched news was found for this ticker/date. Relative strength versus the benchmark looked weak. 1-month excess return -8.62%; 3-month excess return -22.52%; 6-month excess return -25.31%."
2025-06-05,IQV,15.454457782663052,,7.979921391918032,hit,linear_regression,target_5d_return,regression,4,"Technical state is soft, with price below the 50-day and 200-day averages. RSI is in a steady zone near 51.9. MACD remains on the bullish side. Volatility is elevated at roughly 43.5%.",No recent matched news was found for this ticker/date.,Relative strength versus the benchmark looked weak. 1-month excess return -5.34%; 3-month excess return -24.04%; 6-month excess return -25.18%.,"Model view: the forward return estimate was mildly positive at about 15.45%. Confidence was not explicitly available for this prediction. Technical state is soft, with price below the 50-day and 200-day averages. RSI is in a steady zone near 51.9. MACD remains on the bullish side. Volatility is elevated at roughly 43.5%. No recent matched news was found for this ticker/date. Relative strength versus the benchmark looked weak. 1-month excess return -5.34%; 3-month excess return -24.04%; 6-month excess return -25.18%."
2025-06-06,IQV,15.416974451971132,,3.0002572516309556,hit,linear_regression,target_5d_return,regression,4,"Technical state is mixed, with price not fully aligned across the major moving averages. RSI is in a steady zone near 57.4. MACD remains on the bullish side. Volatility is elevated at roughly 45.3%.",No recent matched news was found for this ticker/date.,Relative strength versus the benchmark looked weak. 1-month excess return -7.38%; 3-month excess return -24.51%; 6-month excess return -23.25%.,"Model view: the forward return estimate was mildly positive at about 15.42%. Confidence was not explicitly available for this prediction. Technical state is mixed, with price not fully aligned across the major moving averages. RSI is in a steady zone near 57.4. MACD remains on the bullish side. Volatility is elevated at roughly 45.3%. No recent matched news was found for this ticker/date. Relative strength versus the benchmark looked weak. 1-month excess return -7.38%; 3-month excess return -24.51%; 6-month excess return -23.25%."
2025-06-09,IQV,15.843258528505213,,3.3084698705472704,hit,linear_regression,target_5d_return,regression,4,"Technical state is mixed, with price not fully aligned across the major moving averages. RSI is in a steady zone near 59.3. MACD remains on the bullish side. Volatility is elevated at roughly 44.2%.",No recent matched news was found for this ticker/date.,Relative strength versus the benchmark looked weak. 1-month excess return -5.58%; 3-month excess return -25.28%; 6-month excess return -22.80%.,"Model view: the forward return estimate was mildly positive at about 15.84%. Confidence was not explicitly available for this prediction. Technical state is mixed, with price not fully aligned across the major moving averages. RSI is in a steady zone near 59.3. MACD remains on the bullish side. Volatility is elevated at roughly 44.2%. No recent matched news was found for this ticker/date. Relative strength versus the benchmark looked weak. 1-month excess return -5.58%; 3-month excess return -25.28%; 6-month excess return -22.80%."
2025-06-10,IQV,13.002153466737822,,-3.5488502330362826,miss,linear_regression,target_5d_return,regression,4,"Technical state is mixed, with price not fully aligned across the major moving averages. RSI is in a steady zone near 64.4. MACD remains on the bullish side. Volatility is elevated at roughly 42.8%.",No recent matched news was found for this ticker/date.,Relative strength versus the benchmark looked weak. 1-month excess return 0.34%; 3-month excess return -21.35%; 6-month excess return -19.49%.,"Model view: the forward return estimate was mildly positive at about 13.00%. Confidence was not explicitly available for this prediction. Technical state is mixed, with price not fully aligned across the major moving averages. RSI is in a steady zone near 64.4. MACD remains on the bullish side. Volatility is elevated at roughly 42.8%. No recent matched news was found for this ticker/date. Relative strength versus the benchmark looked weak. 1-month excess return 0.34%; 3-month excess return -21.35%; 6-month excess return -19.49%."
2025-06-11,IQV,13.090757091521493,,-2.6569295297193762,miss,linear_regression,target_5d_return,regression,4,"Technical state is mixed, with price not fully aligned across the major moving averages. RSI is in a steady zone near 63.0. MACD remains on the bullish side. Volatility is elevated at roughly 40.7%.",No recent matched news was found for this ticker/date.,Relative strength versus the benchmark looked weak. 1-month excess return -1.43%; 3-month excess return -21.95%; 6-month excess return -20.55%.,"Model view: the forward return estimate was mildly positive at about 13.09%. Confidence was not explicitly available for this prediction. Technical state is mixed, with price not fully aligned across the major moving averages. RSI is in a steady zone near 63.0. MACD remains on the bullish side. Volatility is elevated at roughly 40.7%. No recent matched news was found for this ticker/date. Relative strength versus the benchmark looked weak. 1-month excess return -1.43%; 3-month excess return -21.95%; 6-month excess return -20.55%."
2025-06-12,IQV,14.943360153352783,,-2.765040545630426,miss,linear_regression,target_5d_return,regression,4,"Technical state is mixed, with price not fully aligned across the major moving averages. RSI is in a steady zone near 63.3. MACD remains on the bullish side. Volatility is elevated at roughly 33.6%.",No recent matched news was found for this ticker/date.,Relative strength versus the benchmark looked weak. 1-month excess return 2.73%; 3-month excess return -21.74%; 6-month excess return -22.74%.,"Model view: the forward return estimate was mildly positive at about 14.94%. Confidence was not explicitly available for this prediction. Technical state is mixed, with price not fully aligned across the major moving averages. RSI is in a steady zone near 63.3. MACD remains on the bullish side. Volatility is elevated at roughly 33.6%. No recent matched news was found for this ticker/date. Relative strength versus the benchmark looked weak. 1-month excess return 2.73%; 3-month excess return -21.74%; 6-month excess return -22.74%."
2025-06-13,IQV,4.192323255245787,,-1.0963102985496076,miss,linear_regression,target_5d_return,regression,5,"Technical state is mixed, with price not fully aligned across the major moving averages. RSI is in a steady zone near 59.6. MACD remains on the bullish side. Volatility is elevated at roughly 33.9%.",No recent matched news was found for this ticker/date.,Relative strength versus the benchmark looked weak. 1-month excess return 9.02%; 3-month excess return -21.33%; 6-month excess return -21.79%.,"Model view: the forward return estimate was mildly positive at about 4.19%. Confidence was not explicitly available for this prediction. Technical state is mixed, with price not fully aligned across the major moving averages. RSI is in a steady zone near 59.6. MACD remains on the bullish side. Volatility is elevated at roughly 33.9%. No recent matched news was found for this ticker/date. Relative strength versus the benchmark looked weak. 1-month excess return 9.02%; 3-month excess return -21.33%; 6-month excess return -21.79%."
2025-06-16,IQV,4.090061214492371,,-0.4207209852089888,miss,linear_regression,target_5d_return,regression,5,"Technical state is mixed, with price not fully aligned across the major moving averages. RSI is in a steady zone near 62.1. MACD remains on the bullish side. Volatility is elevated at roughly 33.8%.",No recent matched news was found for this ticker/date.,Relative strength versus the benchmark looked weak. 1-month excess return 11.32%; 3-month excess return -20.14%; 6-month excess return -20.00%.,"Model view: the forward return estimate was mildly positive at about 4.09%. Confidence was not explicitly available for this prediction. Technical state is mixed, with price not fully aligned across the major moving averages. RSI is in a steady zone near 62.1. MACD remains on the bullish side. Volatility is elevated at roughly 33.8%. No recent matched news was found for this ticker/date. Relative strength versus the benchmark looked weak. 1-month excess return 11.32%; 3-month excess return -20.14%; 6-month excess return -20.00%."
2025-06-17,IQV,2.8900851757352704,,2.9915641971193896,hit,linear_regression,target_5d_return,regression,5,"Technical state is mixed, with price not fully aligned across the major moving averages. RSI is in a steady zone near 54.3. MACD remains on the bullish side. Volatility is elevated at roughly 36.4%.",No recent matched news was found for this ticker/date.,Relative strength versus the benchmark looked weak. 1-month excess return 7.33%; 3-month excess return -24.75%; 6-month excess return -21.96%.,"Model view: the forward return estimate was mildly positive at about 2.89%. Confidence was not explicitly available for this prediction. Technical state is mixed, with price not fully aligned across the major moving averages. RSI is in a steady zone near 54.3. MACD remains on the bullish side. Volatility is elevated at roughly 36.4%. No recent matched news was found for this ticker/date. Relative strength versus the benchmark looked weak. 1-month excess return 7.33%; 3-month excess return -24.75%; 6-month excess return -21.96%."
2025-06-18,IQV,3.527326102087192,,2.296101828952546,hit,linear_regression,target_5d_return,regression,5,"Technical state is mixed, with price not fully aligned across the major moving averages. RSI is in a steady zone near 54.9. MACD remains on the bullish side. Volatility is elevated at roughly 36.3%.",No recent matched news was found for this ticker/date.,Relative strength versus the benchmark looked weak. 1-month excess return 7.27%; 3-month excess return -22.65%; 6-month excess return -21.18%.,"Model view: the forward return estimate was mildly positive at about 3.53%. Confidence was not explicitly available for this prediction. Technical state is mixed, with price not fully aligned across the major moving averages. RSI is in a steady zone near 54.9. MACD remains on the bullish side. Volatility is elevated at roughly 36.3%. No recent matched news was found for this ticker/date. Relative strength versus the benchmark looked weak. 1-month excess return 7.27%; 3-month excess return -22.65%; 6-month excess return -21.18%."
2025-06-20,IQV,3.4687879422206165,,1.7708302002340082,hit,linear_regression,target_5d_return,regression,5,"Technical state is mixed, with price not fully aligned across the major moving averages. RSI is in a steady zone near 55.1. MACD remains on the bullish side.",No recent matched news was found for this ticker/date.,Relative strength versus the benchmark looked weak. 1-month excess return 6.23%; 3-month excess return -21.33%; 6-month excess return -19.69%.,"Model view: the forward return estimate was mildly positive at about 3.47%. Confidence was not explicitly available for this prediction. Technical state is mixed, with price not fully aligned across the major moving averages. RSI is in a steady zone near 55.1. MACD remains on the bullish side. No recent matched news was found for this ticker/date. Relative strength versus the benchmark looked weak. 1-month excess return 6.23%; 3-month excess return -21.33%; 6-month excess return -19.69%."
2025-06-23,IQV,1.9723220286810041,,1.559578654058158,hit,linear_regression,target_5d_return,regression,5,"Technical state is mixed, with price not fully aligned across the major moving averages. RSI is in a steady zone near 55.6. MACD remains on the bullish side.",No recent matched news was found for this ticker/date.,Relative strength versus the benchmark looked weak. 1-month excess return 9.74%; 3-month excess return -22.89%; 6-month excess return -20.71%.,"Model view: the forward return estimate was mildly positive at about 1.97%. Confidence was not explicitly available for this prediction. Technical state is mixed, with price not fully aligned across the major moving averages. RSI is in a steady zone near 55.6. MACD remains on the bullish side. No recent matched news was found for this ticker/date. Relative strength versus the benchmark looked weak. 1-month excess return 9.74%; 3-month excess return -22.89%; 6-month excess return -20.71%."
2025-06-24,IQV,4.190468911495193,,2.541303274539164,hit,linear_regression,target_5d_return,regression,5,"Technical state is mixed, with price not fully aligned across the major moving averages. RSI is in a steady zone near 60.0. MACD remains on the bullish side.",No recent matched news was found for this ticker/date.,Relative strength versus the benchmark looked weak. 1-month excess return 10.51%; 3-month excess return -20.47%; 6-month excess return -20.73%.,"Model view: the forward return estimate was mildly positive at about 4.19%. Confidence was not explicitly available for this prediction. Technical state is mixed, with price not fully aligned across the major moving averages. RSI is in a steady zone near 60.0. MACD remains on the bullish side. No recent matched news was found for this ticker/date. Relative strength versus the benchmark looked weak. 1-month excess return 10.51%; 3-month excess return -20.47%; 6-month excess return -20.73%."
2025-06-25,IQV,2.8043887709786524,,3.7426670854637356,hit,linear_regression,target_5d_return,regression,5,"Technical state is mixed, with price not fully aligned across the major moving averages. RSI is in a steady zone near 60.2. MACD remains on the bullish side.",No recent matched news was found for this ticker/date.,Relative strength versus the benchmark looked weak. 1-month excess return 10.72%; 3-month excess return -17.98%; 6-month excess return -20.99%.,"Model view: the forward return estimate was mildly positive at about 2.80%. Confidence was not explicitly available for this prediction. Technical state is mixed, with price not fully aligned across the major moving averages. RSI is in a steady zone near 60.2. MACD remains on the bullish side. No recent matched news was found for this ticker/date. Relative strength versus the benchmark looked weak. 1-month excess return 10.72%; 3-month excess return -17.98%; 6-month excess return -20.99%."
2025-06-26,IQV,3.169241501344812,,3.844209465272841,hit,linear_regression,target_5d_return,regression,5,"Technical state is mixed, with price not fully aligned across the major moving averages. RSI is in a steady zone near 59.1. MACD remains on the bullish side.",No recent matched news was found for this ticker/date.,Relative strength versus the benchmark looked weak. 1-month excess return 8.71%; 3-month excess return -19.71%; 6-month excess return -23.33%.,"Model view: the forward return estimate was mildly positive at about 3.17%. Confidence was not explicitly available for this prediction. Technical state is mixed, with price not fully aligned across the major moving averages. RSI is in a steady zone near 59.1. MACD remains on the bullish side. No recent matched news was found for this ticker/date. Relative strength versus the benchmark looked weak. 1-month excess return 8.71%; 3-month excess return -19.71%; 6-month excess return -23.33%."
2025-06-27,IQV,2.8269739839181063,,3.16250440651189,hit,linear_regression,target_5d_return,regression,5,"Technical state is mixed, with price not fully aligned across the major moving averages. RSI is in a steady zone near 57.7. MACD remains on the bullish side.",No recent matched news was found for this ticker/date.,Relative strength versus the benchmark looked weak. 1-month excess return 8.52%; 3-month excess return -20.98%; 6-month excess return -24.52%.,"Model view: the forward return estimate was mildly positive at about 2.83%. Confidence was not explicitly available for this prediction. Technical state is mixed, with price not fully aligned across the major moving averages. RSI is in a steady zone near 57.7. MACD remains on the bullish side. No recent matched news was found for this ticker/date. Relative strength versus the benchmark looked weak. 1-month excess return 8.52%; 3-month excess return -20.98%; 6-month excess return -24.52%."
2025-06-30,IQV,2.50045092087687,,4.3657624485636815,hit,linear_regression,target_5d_return,regression,5,"Technical state is mixed, with price not fully aligned across the major moving averages. RSI is in a steady zone near 57.9. MACD remains on the bullish side.",No recent matched news was found for this ticker/date.,Relative strength versus the benchmark looked weak. 1-month excess return 7.01%; 3-month excess return -22.37%; 6-month excess return -23.95%.,"Model view: the forward return estimate was mildly positive at about 2.50%. Confidence was not explicitly available for this prediction. Technical state is mixed, with price not fully aligned across the major moving averages. RSI is in a steady zone near 57.9. MACD remains on the bullish side. No recent matched news was found for this ticker/date. Relative strength versus the benchmark looked weak. 1-month excess return 7.01%; 3-month excess return -22.37%; 6-month excess return -23.95%."
2025-07-01,IQV,3.0336489366868853,,-0.3628290607441631,miss,linear_regression,target_5d_return,regression,5,"Technical state is mixed, with price not fully aligned across the major moving averages. RSI is in a steady zone near 64.9. MACD remains on the bullish side.",No recent matched news was found for this ticker/date.,Relative strength versus the benchmark looked weak. 1-month excess return 11.08%; 3-month excess return -18.25%; 6-month excess return -21.50%.,"Model view: the forward return estimate was mildly positive at about 3.03%. Confidence was not explicitly available for this prediction. Technical state is mixed, with price not fully aligned across the major moving averages. RSI is in a steady zone near 64.9. MACD remains on the bullish side. No recent matched news was found for this ticker/date. Relative strength versus the benchmark looked weak. 1-month excess return 11.08%; 3-month excess return -18.25%; 6-month excess return -21.50%."
2025-07-02,IQV,2.961228650655817,,0.5344700367045041,hit,linear_regression,target_5d_return,regression,5,"Technical state is mixed, with price not fully aligned across the major moving averages. MACD remains on the bullish side.",No recent matched news was found for this ticker/date.,Relative strength versus the benchmark looked weak. 1-month excess return 13.71%; 3-month excess return -14.41%; 6-month excess return -21.67%.,"Model view: the forward return estimate was mildly positive at about 2.96%. Confidence was not explicitly available for this prediction. Technical state is mixed, with price not fully aligned across the major moving averages. MACD remains on the bullish side. No recent matched news was found for this ticker/date. Relative strength versus the benchmark looked weak. 1-month excess return 13.71%; 3-month excess return -14.41%; 6-month excess return -21.67%."
2025-07-03,IQV,2.8194879079383752,,-0.8767671658816312,miss,linear_regression,target_5d_return,regression,5,"Technical state is mixed, with price not fully aligned across the major moving averages. MACD remains on the bullish side.",No recent matched news was found for this ticker/date.,Relative strength versus the benchmark looked weak. 1-month excess return 10.06%; 3-month excess return -16.66%; 6-month excess return -23.15%.,"Model view: the forward return estimate was mildly positive at about 2.82%. Confidence was not explicitly available for this prediction. Technical state is mixed, with price not fully aligned across the major moving averages. MACD remains on the bullish side. No recent matched news was found for this ticker/date. Relative strength versus the benchmark looked weak. 1-month excess return 10.06%; 3-month excess return -16.66%; 6-month excess return -23.15%."
2025-07-07,IQV,2.180572168277491,,-1.4281268753540521,miss,linear_regression,target_5d_return,regression,5,"Technical state is mixed, with price not fully aligned across the major moving averages. RSI is in a steady zone near 62.1. MACD remains on the bullish side.",No recent matched news was found for this ticker/date.,Relative strength versus the benchmark looked weak. 1-month excess return 5.65%; 3-month excess return -18.60%; 6-month excess return -23.23%.,"Model view: the forward return estimate was mildly positive at about 2.18%. Confidence was not explicitly available for this prediction. Technical state is mixed, with price not fully aligned across the major moving averages. RSI is in a steady zone near 62.1. MACD remains on the bullish side. No recent matched news was found for this ticker/date. Relative strength versus the benchmark looked weak. 1-month excess return 5.65%; 3-month excess return -18.60%; 6-month excess return -23.23%."
2025-07-08,IQV,0.8972200533124927,,-4.128417641227067,miss,linear_regression,target_5d_return,regression,5,"Technical state is mixed, with price not fully aligned across the major moving averages. RSI is in a steady zone near 64.8. MACD remains on the bullish side.",No recent matched news was found for this ticker/date.,Relative strength versus the benchmark looked weak. 1-month excess return 6.99%; 3-month excess return -16.20%; 6-month excess return -21.81%.,"Model view: the forward return estimate was mildly positive at about 0.90%. Confidence was not explicitly available for this prediction. Technical state is mixed, with price not fully aligned across the major moving averages. RSI is in a steady zone near 64.8. MACD remains on the bullish side. No recent matched news was found for this ticker/date. Relative strength versus the benchmark looked weak. 1-month excess return 6.99%; 3-month excess return -16.20%; 6-month excess return -21.81%."
2025-07-09,IQV,1.4289409453051058,,-2.086165160894893,miss,linear_regression,target_5d_return,regression,5,"Technical state is mixed, with price not fully aligned across the major moving averages. RSI is in a steady zone near 59.2. MACD remains on the bullish side.",No recent matched news was found for this ticker/date.,Relative strength versus the benchmark looked weak. 1-month excess return 2.20%; 3-month excess return -17.85%; 6-month excess return -23.28%.,"Model view: the forward return estimate was mildly positive at about 1.43%. Confidence was not explicitly available for this prediction. Technical state is mixed, with price not fully aligned across the major moving averages. RSI is in a steady zone near 59.2. MACD remains on the bullish side. No recent matched news was found for this ticker/date. Relative strength versus the benchmark looked weak. 1-month excess return 2.20%; 3-month excess return -17.85%; 6-month excess return -23.28%."
2025-07-10,IQV,-0.03447502466895923,,-1.3773930985989002,hit,linear_regression,target_5d_return,regression,5,"Technical state is mixed, with price not fully aligned across the major moving averages. RSI is in a steady zone near 64.0. MACD remains on the bullish side.",No recent matched news was found for this ticker/date.,Relative strength versus the benchmark looked weak. 1-month excess return 3.02%; 3-month excess return -11.39%; 6-month excess return -22.00%.,"Model view: the forward return estimate was mildly negative at about -0.03%. Confidence was not explicitly available for this prediction. Technical state is mixed, with price not fully aligned across the major moving averages. RSI is in a steady zone near 64.0. MACD remains on the bullish side. No recent matched news was found for this ticker/date. Relative strength versus the benchmark looked weak. 1-month excess return 3.02%; 3-month excess return -11.39%; 6-month excess return -22.00%."
2025-07-11,IQV,1.0332767904494586,,-1.3329226832111463,miss,linear_regression,target_5d_return,regression,5,"Technical state is mixed, with price not fully aligned across the major moving averages. RSI is in a steady zone near 58.3. MACD remains on the bullish side.",No recent matched news was found for this ticker/date.,Relative strength versus the benchmark looked weak. 1-month excess return -1.50%; 3-month excess return -11.17%; 6-month excess return -25.54%.,"Model view: the forward return estimate was mildly positive at about 1.03%. Confidence was not explicitly available for this prediction. Technical state is mixed, with price not fully aligned across the major moving averages. RSI is in a steady zone near 58.3. MACD remains on the bullish side. No recent matched news was found for this ticker/date. Relative strength versus the benchmark looked weak. 1-month excess return -1.50%; 3-month excess return -11.17%; 6-month excess return -25.54%."
2025-07-14,IQV,0.8450292407981006,,-0.7306551759625246,miss,linear_regression,target_5d_return,regression,5,"Technical state is mixed, with price not fully aligned across the major moving averages. RSI is in a steady zone near 53.3. MACD remains on the bearish side.",No recent matched news was found for this ticker/date.,Relative strength versus the benchmark looked weak. 1-month excess return -3.07%; 3-month excess return -7.34%; 6-month excess return -27.57%.,"Model view: the forward return estimate was mildly positive at about 0.85%. Confidence was not explicitly available for this prediction. Technical state is mixed, with price not fully aligned across the major moving averages. RSI is in a steady zone near 53.3. MACD remains on the bearish side. No recent matched news was found for this ticker/date. Relative strength versus the benchmark looked weak. 1-month excess return -3.07%; 3-month excess return -7.34%; 6-month excess return -27.57%."
2025-07-15,IQV,0.2513019134497057,,18.835625054917315,hit,linear_regression,target_5d_return,regression,5,"Technical state is mixed, with price not fully aligned across the major moving averages. MACD remains on the bearish side.",No recent matched news was found for this ticker/date.,Relative strength versus the benchmark looked weak. 1-month excess return -3.96%; 3-month excess return -8.24%; 6-month excess return -29.54%.,"Model view: the forward return estimate was mildly positive at about 0.25%. Confidence was not explicitly available for this prediction. Technical state is mixed, with price not fully aligned across the major moving averages. MACD remains on the bearish side. No recent matched news was found for this ticker/date. Relative strength versus the benchmark looked weak. 1-month excess return -3.96%; 3-month excess return -8.24%; 6-month excess return -29.54%."
2025-07-16,IQV,0.9214173372017836,,22.440750277662058,hit,linear_regression,target_5d_return,regression,5,"Technical state is mixed, with price not fully aligned across the major moving averages. RSI is in a steady zone near 50.7. MACD remains on the bearish side.",No recent matched news was found for this ticker/date.,Relative strength versus the benchmark looked weak. 1-month excess return -3.43%; 3-month excess return -10.68%; 6-month excess return -29.80%.,"Model view: the forward return estimate was mildly positive at about 0.92%. Confidence was not explicitly available for this prediction. Technical state is mixed, with price not fully aligned across the major moving averages. RSI is in a steady zone near 50.7. MACD remains on the bearish side. No recent matched news was found for this ticker/date. Relative strength versus the benchmark looked weak. 1-month excess return -3.43%; 3-month excess return -10.68%; 6-month excess return -29.80%."
2025-07-17,IQV,0.5094750398078627,,23.013787028617916,hit,linear_regression,target_5d_return,regression,5,"Technical state is mixed, with price not fully aligned across the major moving averages. RSI is in a steady zone near 57.7. MACD remains on the bearish side.",No recent matched news was found for this ticker/date.,Relative strength versus the benchmark looked weak. 1-month excess return -1.66%; 3-month excess return -7.36%; 6-month excess return -25.37%.,"Model view: the forward return estimate was mildly positive at about 0.51%. Confidence was not explicitly available for this prediction. Technical state is mixed, with price not fully aligned across the major moving averages. RSI is in a steady zone near 57.7. MACD remains on the bearish side. No recent matched news was found for this ticker/date. Relative strength versus the benchmark looked weak. 1-month excess return -1.66%; 3-month excess return -7.36%; 6-month excess return -25.37%."
2025-07-18,IQV,0.487480452303436,,23.99302254535174,hit,linear_regression,target_5d_return,regression,5,"Technical state is mixed, with price not fully aligned across the major moving averages. RSI is in a steady zone near 53.1. MACD remains on the bearish side.",No recent matched news was found for this ticker/date.,Relative strength versus the benchmark looked weak. 1-month excess return -0.78%; 3-month excess return -11.18%; 6-month excess return -23.93%.,"Model view: the forward return estimate was mildly positive at about 0.49%. Confidence was not explicitly available for this prediction. Technical state is mixed, with price not fully aligned across the major moving averages. RSI is in a steady zone near 53.1. MACD remains on the bearish side. No recent matched news was found for this ticker/date. Relative strength versus the benchmark looked weak. 1-month excess return -0.78%; 3-month excess return -11.18%; 6-month excess return -23.93%."
2025-07-21,IQV,0.5123204220468558,,24.40864755548853,hit,linear_regression,target_5d_return,regression,5,"Technical state is mixed, with price not fully aligned across the major moving averages. RSI is in a steady zone near 50.4. MACD remains on the bearish side.",No recent matched news was found for this ticker/date.,Relative strength versus the benchmark looked weak. 1-month excess return -2.41%; 3-month excess return -8.98%; 6-month excess return -25.77%.,"Model view: the forward return estimate was mildly positive at about 0.51%. Confidence was not explicitly available for this prediction. Technical state is mixed, with price not fully aligned across the major moving averages. RSI is in a steady zone near 50.4. MACD remains on the bearish side. No recent matched news was found for this ticker/date. Relative strength versus the benchmark looked weak. 1-month excess return -2.41%; 3-month excess return -8.98%; 6-month excess return -25.77%."
2025-07-22,IQV,-3.894823023846427,,3.8264478504146826,miss,linear_regression,target_5d_return,regression,5,"Technical state is constructive, with price above the 50-day and 200-day averages. RSI is elevated near 74.6, so chasing strength may add risk. MACD remains on the bullish side. Volatility is elevated at roughly 67.7%.",No recent matched news was found for this ticker/date.,Relative strength versus the benchmark looked mixed. 1-month excess return 15.58%; 3-month excess return 10.34%; 6-month excess return -10.24%.,"Model view: the forward return estimate was mildly negative at about -3.89%. Confidence was not explicitly available for this prediction. Technical state is constructive, with price above the 50-day and 200-day averages. RSI is elevated near 74.6, so chasing strength may add risk. MACD remains on the bullish side. Volatility is elevated at roughly 67.7%. No recent matched news was found for this ticker/date. Relative strength versus the benchmark looked mixed. 1-month excess return 15.58%; 3-month excess return 10.34%; 6-month excess return -10.24%."
2025-07-23,IQV,-1.281827207280409,,-1.3900391941279455,hit,linear_regression,target_5d_return,regression,5,"Technical state is constructive, with price above the 50-day and 200-day averages. RSI is elevated near 77.4, so chasing strength may add risk. MACD remains on the bullish side. Volatility is elevated at roughly 68.2%.",No recent matched news was found for this ticker/date.,Relative strength versus the benchmark looked mixed. 1-month excess return 19.85%; 3-month excess return 14.90%; 6-month excess return -10.69%.,"Model view: the forward return estimate was mildly negative at about -1.28%. Confidence was not explicitly available for this prediction. Technical state is constructive, with price above the 50-day and 200-day averages. RSI is elevated near 77.4, so chasing strength may add risk. MACD remains on the bullish side. Volatility is elevated at roughly 68.2%. No recent matched news was found for this ticker/date. Relative strength versus the benchmark looked mixed. 1-month excess return 19.85%; 3-month excess return 14.90%; 6-month excess return -10.69%."
2025-07-24,IQV,-1.7559097138562296,,-7.4494602969088834,hit,linear_regression,target_5d_return,regression,5,"Technical state is constructive, with price above the 50-day and 200-day averages. RSI is elevated near 79.8, so chasing strength may add risk. MACD remains on the bullish side. Volatility is elevated at roughly 68.6%.",No recent matched news was found for this ticker/date.,Relative strength versus the benchmark looked mixed. 1-month excess return 22.38%; 3-month excess return 18.02%; 6-month excess return -6.84%.,"Model view: the forward return estimate was mildly negative at about -1.76%. Confidence was not explicitly available for this prediction. Technical state is constructive, with price above the 50-day and 200-day averages. RSI is elevated near 79.8, so chasing strength may add risk. MACD remains on the bullish side. Volatility is elevated at roughly 68.6%. No recent matched news was found for this ticker/date. Relative strength versus the benchmark looked mixed. 1-month excess return 22.38%; 3-month excess return 18.02%; 6-month excess return -6.84%."
2025-07-25,IQV,2.44499068266196,,-8.394839270179855,miss,linear_regression,target_5d_return,regression,5,"Technical state is constructive, with price above the 50-day and 200-day averages. RSI is elevated near 77.6, so chasing strength may add risk. MACD remains on the bullish side. Volatility is elevated at roughly 68.7%.",No recent matched news was found for this ticker/date.,Relative strength versus the benchmark looked mixed. 1-month excess return 20.87%; 3-month excess return 15.63%; 6-month excess return -7.75%.,"Model view: the forward return estimate was mildly positive at about 2.44%. Confidence was not explicitly available for this prediction. Technical state is constructive, with price above the 50-day and 200-day averages. RSI is elevated near 77.6, so chasing strength may add risk. MACD remains on the bullish side. Volatility is elevated at roughly 68.7%. No recent matched news was found for this ticker/date. Relative strength versus the benchmark looked mixed. 1-month excess return 20.87%; 3-month excess return 15.63%; 6-month excess return -7.75%."
2025-07-28,IQV,2.81799626383587,,-7.590005523749688,miss,linear_regression,target_5d_return,regression,5,"Technical state is constructive, with price above the 50-day and 200-day averages. RSI is elevated near 75.7, so chasing strength may add risk. MACD remains on the bullish side. Volatility is elevated at roughly 68.8%.",No recent matched news was found for this ticker/date.,Relative strength versus the benchmark looked mixed. 1-month excess return 21.26%; 3-month excess return 15.92%; 6-month excess return -7.94%.,"Model view: the forward return estimate was mildly positive at about 2.82%. Confidence was not explicitly available for this prediction. Technical state is constructive, with price above the 50-day and 200-day averages. RSI is elevated near 75.7, so chasing strength may add risk. MACD remains on the bullish side. Volatility is elevated at roughly 68.8%. No recent matched news was found for this ticker/date. Relative strength versus the benchmark looked mixed. 1-month excess return 21.26%; 3-month excess return 15.92%; 6-month excess return -7.94%."
2025-07-29,IQV,1.6470007667804283,,-5.458756211456461,miss,linear_regression,target_5d_return,regression,5,"Technical state is constructive, with price above the 50-day and 200-day averages. RSI is elevated near 71.4, so chasing strength may add risk. MACD remains on the bullish side. Volatility is elevated at roughly 69.5%.",No recent matched news was found for this ticker/date.,Relative strength versus the benchmark looked mixed. 1-month excess return 20.55%; 3-month excess return 14.28%; 6-month excess return -11.94%.,"Model view: the forward return estimate was mildly positive at about 1.65%. Confidence was not explicitly available for this prediction. Technical state is constructive, with price above the 50-day and 200-day averages. RSI is elevated near 71.4, so chasing strength may add risk. MACD remains on the bullish side. Volatility is elevated at roughly 69.5%. No recent matched news was found for this ticker/date. Relative strength versus the benchmark looked mixed. 1-month excess return 20.55%; 3-month excess return 14.28%; 6-month excess return -11.94%."
2025-07-30,IQV,1.98049940658968,,-7.3352763315492675,miss,linear_regression,target_5d_return,regression,5,"Technical state is constructive, with price above the 50-day and 200-day averages. MACD remains on the bullish side. Volatility is elevated at roughly 69.7%.",No recent matched news was found for this ticker/date.,Relative strength versus the benchmark looked mixed. 1-month excess return 18.87%; 3-month excess return 10.35%; 6-month excess return -10.77%.,"Model view: the forward return estimate was mildly positive at about 1.98%. Confidence was not explicitly available for this prediction. Technical state is constructive, with price above the 50-day and 200-day averages. MACD remains on the bullish side. Volatility is elevated at roughly 69.7%. No recent matched news was found for this ticker/date. Relative strength versus the benchmark looked mixed. 1-month excess return 18.87%; 3-month excess return 10.35%; 6-month excess return -10.77%."
2025-07-31,IQV,1.3329592237665229,,-3.717854104927043,miss,linear_regression,target_5d_return,regression,5,"Technical state is constructive, with price above the 50-day and 200-day averages. RSI is in a steady zone near 60.8. MACD remains on the bullish side. Volatility is elevated at roughly 71.0%.",No recent matched news was found for this ticker/date.,Relative strength versus the benchmark looked mixed. 1-month excess return 11.96%; 3-month excess return 5.87%; 6-month excess return -11.15%.,"Model view: the forward return estimate was mildly positive at about 1.33%. Confidence was not explicitly available for this prediction. Technical state is constructive, with price above the 50-day and 200-day averages. RSI is in a steady zone near 60.8. MACD remains on the bullish side. Volatility is elevated at roughly 71.0%. No recent matched news was found for this ticker/date. Relative strength versus the benchmark looked mixed. 1-month excess return 11.96%; 3-month excess return 5.87%; 6-month excess return -11.15%."
2025-08-01,IQV,2.0251233943892744,,-1.4195650212180388,miss,linear_regression,target_5d_return,regression,5,"Technical state is constructive, with price above the 50-day and 200-day averages. RSI is in a steady zone near 57.2. MACD remains on the bullish side. Volatility is elevated at roughly 71.5%.",No recent matched news was found for this ticker/date.,Relative strength versus the benchmark looked mixed. 1-month excess return 10.61%; 3-month excess return 9.43%; 6-month excess return -12.30%.,"Model view: the forward return estimate was mildly positive at about 2.03%. Confidence was not explicitly available for this prediction. Technical state is constructive, with price above the 50-day and 200-day averages. RSI is in a steady zone near 57.2. MACD remains on the bullish side. Volatility is elevated at roughly 71.5%. No recent matched news was found for this ticker/date. Relative strength versus the benchmark looked mixed. 1-month excess return 10.61%; 3-month excess return 9.43%; 6-month excess return -12.30%."
2025-08-04,IQV,3.153757988954983,,-1.4555423595673744,miss,linear_regression,target_5d_return,regression,5,"Technical state is constructive, with price above the 50-day and 200-day averages. RSI is in a steady zone near 57.4. MACD remains on the bearish side. Volatility is elevated at roughly 71.2%.",No recent matched news was found for this ticker/date.,Relative strength versus the benchmark looked mixed. 1-month excess return 10.41%; 3-month excess return 7.66%; 6-month excess return -14.09%.,"Model view: the forward return estimate was mildly positive at about 3.15%. Confidence was not explicitly available for this prediction. Technical state is constructive, with price above the 50-day and 200-day averages. RSI is in a steady zone near 57.4. MACD remains on the bearish side. Volatility is elevated at roughly 71.2%. No recent matched news was found for this ticker/date. Relative strength versus the benchmark looked mixed. 1-month excess return 10.41%; 3-month excess return 7.66%; 6-month excess return -14.09%."
2025-08-05,IQV,1.5119471861067209,,1.0765025092010605,hit,linear_regression,target_5d_return,regression,5,"Technical state is constructive, with price above the 50-day and 200-day averages. RSI is in a steady zone near 58.4. MACD remains on the bearish side. Volatility is elevated at roughly 71.2%.",No recent matched news was found for this ticker/date.,Relative strength versus the benchmark looked mixed. 1-month excess return 12.04%; 3-month excess return 9.31%; 6-month excess return -12.65%.,"Model view: the forward return estimate was mildly positive at about 1.51%. Confidence was not explicitly available for this prediction. Technical state is constructive, with price above the 50-day and 200-day averages. RSI is in a steady zone near 58.4. MACD remains on the bearish side. Volatility is elevated at roughly 71.2%. No recent matched news was found for this ticker/date. Relative strength versus the benchmark looked mixed. 1-month excess return 12.04%; 3-month excess return 9.31%; 6-month excess return -12.65%."
2025-08-06,IQV,2.524139160342648,,7.177863451508926,hit,linear_regression,target_5d_return,regression,5,"Technical state is mixed, with price not fully aligned across the major moving averages. RSI is in a steady zone near 51.3. MACD remains on the bearish side. Volatility is elevated at roughly 72.3%.",No recent matched news was found for this ticker/date.,Relative strength versus the benchmark looked mixed. 1-month excess return 5.92%; 3-month excess return 8.15%; 6-month excess return -16.39%.,"Model view: the forward return estimate was mildly positive at about 2.52%. Confidence was not explicitly available for this prediction. Technical state is mixed, with price not fully aligned across the major moving averages. RSI is in a steady zone near 51.3. MACD remains on the bearish side. Volatility is elevated at roughly 72.3%. No recent matched news was found for this ticker/date. Relative strength versus the benchmark looked mixed. 1-month excess return 5.92%; 3-month excess return 8.15%; 6-month excess return -16.39%."
2025-08-07,IQV,2.7034774225943257,,5.839618399806201,hit,linear_regression,target_5d_return,regression,5,"Technical state is mixed, with price not fully aligned across the major moving averages. RSI is in a steady zone near 52.7. MACD remains on the bearish side. Volatility is elevated at roughly 72.1%.",No recent matched news was found for this ticker/date.,Relative strength versus the benchmark looked mixed. 1-month excess return 9.11%; 3-month excess return 4.06%; 6-month excess return -17.51%.,"Model view: the forward return estimate was mildly positive at about 2.70%. Confidence was not explicitly available for this prediction. Technical state is mixed, with price not fully aligned across the major moving averages. RSI is in a steady zone near 52.7. MACD remains on the bearish side. Volatility is elevated at roughly 72.1%. No recent matched news was found for this ticker/date. Relative strength versus the benchmark looked mixed. 1-month excess return 9.11%; 3-month excess return 4.06%; 6-month excess return -17.51%."
2025-08-08,IQV,3.0320257641043935,,6.243742738480096,hit,linear_regression,target_5d_return,regression,5,"Technical state is mixed, with price not fully aligned across the major moving averages. RSI is in a steady zone near 53.6. MACD remains on the bearish side. Volatility is elevated at roughly 71.7%.",No recent matched news was found for this ticker/date.,Relative strength versus the benchmark looked mixed. 1-month excess return 6.84%; 3-month excess return 4.55%; 6-month excess return -19.38%.,"Model view: the forward return estimate was mildly positive at about 3.03%. Confidence was not explicitly available for this prediction. Technical state is mixed, with price not fully aligned across the major moving averages. RSI is in a steady zone near 53.6. MACD remains on the bearish side. Volatility is elevated at roughly 71.7%. No recent matched news was found for this ticker/date. Relative strength versus the benchmark looked mixed. 1-month excess return 6.84%; 3-month excess return 4.55%; 6-month excess return -19.38%."
2025-08-11,IQV,2.824368923913188,,6.913208507641433,hit,linear_regression,target_5d_return,regression,5,"Technical state is mixed, with price not fully aligned across the major moving averages. RSI is in a steady zone near 53.8. MACD remains on the bearish side. Volatility is elevated at roughly 71.2%.",No recent matched news was found for this ticker/date.,Relative strength versus the benchmark looked mixed. 1-month excess return 8.65%; 3-month excess return 8.17%; 6-month excess return -19.33%.,"Model view: the forward return estimate was mildly positive at about 2.82%. Confidence was not explicitly available for this prediction. Technical state is mixed, with price not fully aligned across the major moving averages. RSI is in a steady zone near 53.8. MACD remains on the bearish side. Volatility is elevated at roughly 71.2%. No recent matched news was found for this ticker/date. Relative strength versus the benchmark looked mixed. 1-month excess return 8.65%; 3-month excess return 8.17%; 6-month excess return -19.33%."
2025-08-12,IQV,2.456628328116173,,3.4640429856108934,hit,linear_regression,target_5d_return,regression,5,"Technical state is constructive, with price above the 50-day and 200-day averages. RSI is in a steady zone near 59.5. MACD remains on the bearish side. Volatility is elevated at roughly 71.2%.",No recent matched news was found for this ticker/date.,Relative strength versus the benchmark looked mixed. 1-month excess return 13.24%; 3-month excess return 8.84%; 6-month excess return -16.40%.,"Model view: the forward return estimate was mildly positive at about 2.46%. Confidence was not explicitly available for this prediction. Technical state is constructive, with price above the 50-day and 200-day averages. RSI is in a steady zone near 59.5. MACD remains on the bearish side. Volatility is elevated at roughly 71.2%. No recent matched news was found for this ticker/date. Relative strength versus the benchmark looked mixed. 1-month excess return 13.24%; 3-month excess return 8.84%; 6-month excess return -16.40%."
2025-08-13,IQV,2.144947464689516,,0.9514785255981151,hit,linear_regression,target_5d_return,regression,5,"Technical state is constructive, with price above the 50-day and 200-day averages. RSI is in a steady zone near 63.1. MACD remains on the bearish side. Volatility is elevated at roughly 71.4%.",No recent matched news was found for this ticker/date.,Relative strength versus the benchmark looked mixed. 1-month excess return 16.97%; 3-month excess return 16.35%; 6-month excess return -11.81%.,"Model view: the forward return estimate was mildly positive at about 2.14%. Confidence was not explicitly available for this prediction. Technical state is constructive, with price above the 50-day and 200-day averages. RSI is in a steady zone near 63.1. MACD remains on the bearish side. Volatility is elevated at roughly 71.4%. No recent matched news was found for this ticker/date. Relative strength versus the benchmark looked mixed. 1-month excess return 16.97%; 3-month excess return 16.35%; 6-month excess return -11.81%."
2025-08-14,IQV,1.8345847428283322,,-2.1172094171384104,miss,linear_regression,target_5d_return,regression,5,"Technical state is constructive, with price above the 50-day and 200-day averages. RSI is in a steady zone near 62.0. MACD remains on the bearish side. Volatility is elevated at roughly 71.2%.",No recent matched news was found for this ticker/date.,Relative strength versus the benchmark looked mixed. 1-month excess return 16.06%; 3-month excess return 23.78%; 6-month excess return -11.11%.,"Model view: the forward return estimate was mildly positive at about 1.83%. Confidence was not explicitly available for this prediction. Technical state is constructive, with price above the 50-day and 200-day averages. RSI is in a steady zone near 62.0. MACD remains on the bearish side. Volatility is elevated at roughly 71.2%. No recent matched news was found for this ticker/date. Relative strength versus the benchmark looked mixed. 1-month excess return 16.06%; 3-month excess return 23.78%; 6-month excess return -11.11%."
2025-08-15,IQV,1.9982045208049193,,0.03139754029177766,hit,linear_regression,target_5d_return,regression,5,"Technical state is constructive, with price above the 50-day and 200-day averages. RSI is in a steady zone near 63.4. MACD remains on the bearish side. Volatility is elevated at roughly 70.6%.",No recent matched news was found for this ticker/date.,Relative strength versus the benchmark looked mixed. 1-month excess return 14.56%; 3-month excess return 27.08%; 6-month excess return -8.04%.,"Model view: the forward return estimate was mildly positive at about 2.00%. Confidence was not explicitly available for this prediction. Technical state is constructive, with price above the 50-day and 200-day averages. RSI is in a steady zone near 63.4. MACD remains on the bearish side. Volatility is elevated at roughly 70.6%. No recent matched news was found for this ticker/date. Relative strength versus the benchmark looked mixed. 1-month excess return 14.56%; 3-month excess return 27.08%; 6-month excess return -8.04%."
2025-08-18,IQV,1.7694568915167292,,-2.3475585183773906,miss,linear_regression,target_5d_return,regression,5,"Technical state is constructive, with price above the 50-day and 200-day averages. RSI is in a steady zone near 64.7. MACD remains on the bearish side. Volatility is elevated at roughly 70.2%.",No recent matched news was found for this ticker/date.,Relative strength versus the benchmark looked mixed. 1-month excess return 17.36%; 3-month excess return 26.56%; 6-month excess return -5.94%.,"Model view: the forward return estimate was mildly positive at about 1.77%. Confidence was not explicitly available for this prediction. Technical state is constructive, with price above the 50-day and 200-day averages. RSI is in a steady zone near 64.7. MACD remains on the bearish side. Volatility is elevated at roughly 70.2%. No recent matched news was found for this ticker/date. Relative strength versus the benchmark looked mixed. 1-month excess return 17.36%; 3-month excess return 26.56%; 6-month excess return -5.94%."
2025-08-19,IQV,-1.76176956809925,,-2.3862809727229872,hit,linear_regression,target_5d_return,regression,5,"Technical state is constructive, with price above the 50-day and 200-day averages. RSI is in a steady zone near 64.4. MACD remains on the bearish side. Volatility is elevated at roughly 31.3%.",No recent matched news was found for this ticker/date.,Relative strength versus the benchmark looked mixed. 1-month excess return 19.24%; 3-month excess return 26.45%; 6-month excess return -5.01%.,"Model view: the forward return estimate was mildly negative at about -1.76%. Confidence was not explicitly available for this prediction. Technical state is constructive, with price above the 50-day and 200-day averages. RSI is in a steady zone near 64.4. MACD remains on the bearish side. Volatility is elevated at roughly 31.3%. No recent matched news was found for this ticker/date. Relative strength versus the benchmark looked mixed. 1-month excess return 19.24%; 3-month excess return 26.45%; 6-month excess return -5.01%."
2025-08-20,IQV,-2.014089249367856,,-1.6871434845071698,hit,linear_regression,target_5d_return,regression,5,"Technical state is constructive, with price above the 50-day and 200-day averages. RSI is in a steady zone near 63.8. MACD remains on the bearish side.",No recent matched news was found for this ticker/date.,Relative strength versus the benchmark looked mixed. 1-month excess return 0.99%; 3-month excess return 24.83%; 6-month excess return -6.34%.,"Model view: the forward return estimate was mildly negative at about -2.01%. Confidence was not explicitly available for this prediction. Technical state is constructive, with price above the 50-day and 200-day averages. RSI is in a steady zone near 63.8. MACD remains on the bearish side. No recent matched news was found for this ticker/date. Relative strength versus the benchmark looked mixed. 1-month excess return 0.99%; 3-month excess return 24.83%; 6-month excess return -6.34%."
2025-08-21,IQV,-2.414089037446639,,1.8016054527680847,miss,linear_regression,target_5d_return,regression,5,"Technical state is constructive, with price above the 50-day and 200-day averages. RSI is in a steady zone near 53.5. MACD remains on the bearish side.",No recent matched news was found for this ticker/date.,Relative strength versus the benchmark looked weak. 1-month excess return -4.80%; 3-month excess return 25.98%; 6-month excess return -8.54%.,"Model view: the forward return estimate was mildly negative at about -2.41%. Confidence was not explicitly available for this prediction. Technical state is constructive, with price above the 50-day and 200-day averages. RSI is in a steady zone near 53.5. MACD remains on the bearish side. No recent matched news was found for this ticker/date. Relative strength versus the benchmark looked weak. 1-month excess return -4.80%; 3-month excess return 25.98%; 6-month excess return -8.54%."
2025-08-22,IQV,-3.1376569599768325,,-0.17786887195756496,hit,linear_regression,target_5d_return,regression,5,"Technical state is constructive, with price above the 50-day and 200-day averages. RSI is in a steady zone near 59.6. MACD remains on the bearish side. Volatility is elevated at roughly 30.4%.",No recent matched news was found for this ticker/date.,Relative strength versus the benchmark looked weak. 1-month excess return -6.52%; 3-month excess return 27.80%; 6-month excess return -7.46%.,"Model view: the forward return estimate was mildly negative at about -3.14%. Confidence was not explicitly available for this prediction. Technical state is constructive, with price above the 50-day and 200-day averages. RSI is in a steady zone near 59.6. MACD remains on the bearish side. Volatility is elevated at roughly 30.4%. No recent matched news was found for this ticker/date. Relative strength versus the benchmark looked weak. 1-month excess return -6.52%; 3-month excess return 27.80%; 6-month excess return -7.46%."
2025-08-25,IQV,-2.30386257233071,,-2.276352878438781,hit,linear_regression,target_5d_return,regression,5,"Technical state is constructive, with price above the 50-day and 200-day averages. RSI is in a steady zone near 55.4. MACD remains on the bearish side. Volatility is elevated at roughly 30.8%.",No recent matched news was found for this ticker/date.,Relative strength versus the benchmark looked weak. 1-month excess return -6.47%; 3-month excess return 26.29%; 6-month excess return -11.02%.,"Model view: the forward return estimate was mildly negative at about -2.30%. Confidence was not explicitly available for this prediction. Technical state is constructive, with price above the 50-day and 200-day averages. RSI is in a steady zone near 55.4. MACD remains on the bearish side. Volatility is elevated at roughly 30.8%. No recent matched news was found for this ticker/date. Relative strength versus the benchmark looked weak. 1-month excess return -6.47%; 3-month excess return 26.29%; 6-month excess return -11.02%."
2025-08-26,IQV,-2.3172193007363995,,-1.6723474017433015,hit,linear_regression,target_5d_return,regression,5,"Technical state is constructive, with price above the 50-day and 200-day averages. RSI is in a steady zone near 55.0. MACD remains on the bearish side. Volatility is elevated at roughly 30.4%.",No recent matched news was found for this ticker/date.,Relative strength versus the benchmark looked weak. 1-month excess return -6.36%; 3-month excess return 24.45%; 6-month excess return -10.22%.,"Model view: the forward return estimate was mildly negative at about -2.32%. Confidence was not explicitly available for this prediction. Technical state is constructive, with price above the 50-day and 200-day averages. RSI is in a steady zone near 55.0. MACD remains on the bearish side. Volatility is elevated at roughly 30.4%. No recent matched news was found for this ticker/date. Relative strength versus the benchmark looked weak. 1-month excess return -6.36%; 3-month excess return 24.45%; 6-month excess return -10.22%."
2025-08-27,IQV,-1.697057788493803,,-2.500000606148922,hit,linear_regression,target_5d_return,regression,5,"Technical state is constructive, with price above the 50-day and 200-day averages. RSI is in a steady zone near 56.2. MACD remains on the bearish side.",No recent matched news was found for this ticker/date.,Relative strength versus the benchmark looked weak. 1-month excess return -4.75%; 3-month excess return 26.01%; 6-month excess return -9.84%.,"Model view: the forward return estimate was mildly negative at about -1.70%. Confidence was not explicitly available for this prediction. Technical state is constructive, with price above the 50-day and 200-day averages. RSI is in a steady zone near 56.2. MACD remains on the bearish side. No recent matched news was found for this ticker/date. Relative strength versus the benchmark looked weak. 1-month excess return -4.75%; 3-month excess return 26.01%; 6-month excess return -9.84%."
2025-08-28,IQV,-1.0976453992261936,,-0.5563519713494003,hit,linear_regression,target_5d_return,regression,5,"Technical state is constructive, with price above the 50-day and 200-day averages. RSI is in a steady zone near 56.1. MACD remains on the bearish side.",No recent matched news was found for this ticker/date.,Relative strength versus the benchmark looked weak. 1-month excess return -3.75%; 3-month excess return 23.84%; 6-month excess return -9.69%.,"Model view: the forward return estimate was mildly negative at about -1.10%. Confidence was not explicitly available for this prediction. Technical state is constructive, with price above the 50-day and 200-day averages. RSI is in a steady zone near 56.1. MACD remains on the bearish side. No recent matched news was found for this ticker/date. Relative strength versus the benchmark looked weak. 1-month excess return -3.75%; 3-month excess return 23.84%; 6-month excess return -9.69%."
2025-08-29,IQV,-1.0828800568591457,,-1.6403778223682108,hit,linear_regression,target_5d_return,regression,5,"Technical state is constructive, with price above the 50-day and 200-day averages. RSI is in a steady zone near 58.6. MACD remains on the bearish side.",No recent matched news was found for this ticker/date.,Relative strength versus the benchmark looked mixed. 1-month excess return 0.59%; 3-month excess return 26.50%; 6-month excess return -7.49%.,"Model view: the forward return estimate was mildly negative at about -1.08%. Confidence was not explicitly available for this prediction. Technical state is constructive, with price above the 50-day and 200-day averages. RSI is in a steady zone near 58.6. MACD remains on the bearish side. No recent matched news was found for this ticker/date. Relative strength versus the benchmark looked mixed. 1-month excess return 0.59%; 3-month excess return 26.50%; 6-month excess return -7.49%."
2025-09-02,IQV,-1.0477046485165167,,3.2110556874364926,miss,linear_regression,target_5d_return,regression,5,"Technical state is constructive, with price above the 50-day and 200-day averages. MACD remains on the bearish side. Volatility is elevated at roughly 30.6%.",No recent matched news was found for this ticker/date.,Relative strength versus the benchmark looked weak. 1-month excess return -2.31%; 3-month excess return 24.05%; 6-month excess return -10.25%.,"Model view: the forward return estimate was mildly negative at about -1.05%. Confidence was not explicitly available for this prediction. Technical state is constructive, with price above the 50-day and 200-day averages. MACD remains on the bearish side. Volatility is elevated at roughly 30.6%. No recent matched news was found for this ticker/date. Relative strength versus the benchmark looked weak. 1-month excess return -2.31%; 3-month excess return 24.05%; 6-month excess return -10.25%."
2025-09-03,IQV,-0.7410502970077019,,-0.40623985474809166,hit,linear_regression,target_5d_return,regression,5,"Technical state is constructive, with price above the 50-day and 200-day averages. MACD remains on the bearish side. Volatility is elevated at roughly 30.6%.",No recent matched news was found for this ticker/date.,Relative strength versus the benchmark looked weak. 1-month excess return -0.97%; 3-month excess return 21.33%; 6-month excess return -10.98%.,"Model view: the forward return estimate was mildly negative at about -0.74%. Confidence was not explicitly available for this prediction. Technical state is constructive, with price above the 50-day and 200-day averages. MACD remains on the bearish side. Volatility is elevated at roughly 30.6%. No recent matched news was found for this ticker/date. Relative strength versus the benchmark looked weak. 1-month excess return -0.97%; 3-month excess return 21.33%; 6-month excess return -10.98%."
2025-09-04,IQV,-0.34102287860004166,,3.590830369731357,miss,linear_regression,target_5d_return,regression,5,"Technical state is constructive, with price above the 50-day and 200-day averages. MACD remains on the bearish side.",No recent matched news was found for this ticker/date.,Relative strength versus the benchmark looked weak. 1-month excess return -3.25%; 3-month excess return 15.53%; 6-month excess return -12.17%.,"Model view: the forward return estimate was mildly negative at about -0.34%. Confidence was not explicitly available for this prediction. Technical state is constructive, with price above the 50-day and 200-day averages. MACD remains on the bearish side. No recent matched news was found for this ticker/date. Relative strength versus the benchmark looked weak. 1-month excess return -3.25%; 3-month excess return 15.53%; 6-month excess return -12.17%."
2025-09-05,IQV,-1.096003849263702,,-0.24509349585960516,hit,linear_regression,target_5d_return,regression,5,"Technical state is constructive, with price above the 50-day and 200-day averages. RSI is in a steady zone near 53.8. MACD remains on the bearish side.",No recent matched news was found for this ticker/date.,Relative strength versus the benchmark looked mixed. 1-month excess return 3.45%; 3-month excess return 18.20%; 6-month excess return -11.77%.,"Model view: the forward return estimate was mildly negative at about -1.10%. Confidence was not explicitly available for this prediction. Technical state is constructive, with price above the 50-day and 200-day averages. RSI is in a steady zone near 53.8. MACD remains on the bearish side. No recent matched news was found for this ticker/date. Relative strength versus the benchmark looked mixed. 1-month excess return 3.45%; 3-month excess return 18.20%; 6-month excess return -11.77%."
2025-09-08,IQV,-1.1821573852240266,,-0.9111208023287576,hit,linear_regression,target_5d_return,regression,5,"Technical state is constructive, with price above the 50-day and 200-day averages. RSI is in a steady zone near 53.8. MACD remains on the bearish side.",No recent matched news was found for this ticker/date.,Relative strength versus the benchmark looked mixed. 1-month excess return 2.26%; 3-month excess return 14.89%; 6-month excess return -14.71%.,"Model view: the forward return estimate was mildly negative at about -1.18%. Confidence was not explicitly available for this prediction. Technical state is constructive, with price above the 50-day and 200-day averages. RSI is in a steady zone near 53.8. MACD remains on the bearish side. No recent matched news was found for this ticker/date. Relative strength versus the benchmark looked mixed. 1-month excess return 2.26%; 3-month excess return 14.89%; 6-month excess return -14.71%."
2025-09-09,IQV,-0.8193841355831971,,-1.4923021726233832,hit,linear_regression,target_5d_return,regression,5,"Technical state is constructive, with price above the 50-day and 200-day averages. RSI is in a steady zone near 56.4. MACD remains on the bearish side.",No recent matched news was found for this ticker/date.,Relative strength versus the benchmark looked mixed. 1-month excess return 3.35%; 3-month excess return 14.55%; 6-month excess return -15.54%.,"Model view: the forward return estimate was mildly negative at about -0.82%. Confidence was not explicitly available for this prediction. Technical state is constructive, with price above the 50-day and 200-day averages. RSI is in a steady zone near 56.4. MACD remains on the bearish side. No recent matched news was found for this ticker/date. Relative strength versus the benchmark looked mixed. 1-month excess return 3.35%; 3-month excess return 14.55%; 6-month excess return -15.54%."
2025-09-10,IQV,-1.273359373706181,,1.533696306687471,miss,linear_regression,target_5d_return,regression,5,"Technical state is constructive, with price above the 50-day and 200-day averages. MACD remains on the bearish side.",No recent matched news was found for this ticker/date.,Relative strength versus the benchmark looked weak. 1-month excess return -0.49%; 3-month excess return 6.91%; 6-month excess return -17.08%.,"Model view: the forward return estimate was mildly negative at about -1.27%. Confidence was not explicitly available for this prediction. Technical state is constructive, with price above the 50-day and 200-day averages. MACD remains on the bearish side. No recent matched news was found for this ticker/date. Relative strength versus the benchmark looked weak. 1-month excess return -0.49%; 3-month excess return 6.91%; 6-month excess return -17.08%."
2025-09-11,IQV,-1.8591550143368738,,-0.2569644380358227,hit,linear_regression,target_5d_return,regression,5,"Technical state is constructive, with price above the 50-day and 200-day averages. RSI is in a steady zone near 56.3. MACD remains on the bearish side. Volatility is elevated at roughly 30.3%.",No recent matched news was found for this ticker/date.,Relative strength versus the benchmark looked mixed. 1-month excess return 0.24%; 3-month excess return 10.71%; 6-month excess return -14.83%.,"Model view: the forward return estimate was mildly negative at about -1.86%. Confidence was not explicitly available for this prediction. Technical state is constructive, with price above the 50-day and 200-day averages. RSI is in a steady zone near 56.3. MACD remains on the bearish side. Volatility is elevated at roughly 30.3%. No recent matched news was found for this ticker/date. Relative strength versus the benchmark looked mixed. 1-month excess return 0.24%; 3-month excess return 10.71%; 6-month excess return -14.83%."
2025-09-12,IQV,-1.3818871364905727,,0.0,hit,linear_regression,target_5d_return,regression,5,"Technical state is constructive, with price above the 50-day and 200-day averages. RSI is in a steady zone near 51.7. MACD remains on the bearish side. Volatility is elevated at roughly 31.0%.",No recent matched news was found for this ticker/date.,Relative strength versus the benchmark looked weak. 1-month excess return -3.54%; 3-month excess return 8.73%; 6-month excess return -16.02%.,"Model view: the forward return estimate was mildly negative at about -1.38%. Confidence was not explicitly available for this prediction. Technical state is constructive, with price above the 50-day and 200-day averages. RSI is in a steady zone near 51.7. MACD remains on the bearish side. Volatility is elevated at roughly 31.0%. No recent matched news was found for this ticker/date. Relative strength versus the benchmark looked weak. 1-month excess return -3.54%; 3-month excess return 8.73%; 6-month excess return -16.02%."
2025-09-15,IQV,-1.4189684192049443,,1.0001616379752498,miss,linear_regression,target_5d_return,regression,5,"Technical state is constructive, with price above the 50-day and 200-day averages. RSI is in a steady zone near 50.1. MACD remains on the bearish side. Volatility is elevated at roughly 30.9%.",No recent matched news was found for this ticker/date.,Relative strength versus the benchmark looked weak. 1-month excess return -4.30%; 3-month excess return 7.82%; 6-month excess return -17.00%.,"Model view: the forward return estimate was mildly negative at about -1.42%. Confidence was not explicitly available for this prediction. Technical state is constructive, with price above the 50-day and 200-day averages. RSI is in a steady zone near 50.1. MACD remains on the bearish side. Volatility is elevated at roughly 30.9%. No recent matched news was found for this ticker/date. Relative strength versus the benchmark looked weak. 1-month excess return -4.30%; 3-month excess return 7.82%; 6-month excess return -17.00%."
2025-09-16,IQV,-1.452121078695342,,-0.19270949898634315,hit,linear_regression,target_5d_return,regression,5,"Technical state is constructive, with price above the 50-day and 200-day averages. RSI is in a steady zone near 51.2. MACD remains on the bearish side. Volatility is elevated at roughly 30.8%.",No recent matched news was found for this ticker/date.,Relative strength versus the benchmark looked weak. 1-month excess return -4.81%; 3-month excess return 7.79%; 6-month excess return -15.34%.,"Model view: the forward return estimate was mildly negative at about -1.45%. Confidence was not explicitly available for this prediction. Technical state is constructive, with price above the 50-day and 200-day averages. RSI is in a steady zone near 51.2. MACD remains on the bearish side. Volatility is elevated at roughly 30.8%. No recent matched news was found for this ticker/date. Relative strength versus the benchmark looked weak. 1-month excess return -4.81%; 3-month excess return 7.79%; 6-month excess return -15.34%."
2025-09-17,IQV,-1.2258052229308343,,-2.919276274557181,hit,linear_regression,target_5d_return,regression,5,"Technical state is constructive, with price above the 50-day and 200-day averages. RSI is in a steady zone near 51.0. MACD remains on the bearish side. Volatility is elevated at roughly 30.8%.",No recent matched news was found for this ticker/date.,Relative strength versus the benchmark looked weak. 1-month excess return -5.53%; 3-month excess return 10.82%; 6-month excess return -18.46%.,"Model view: the forward return estimate was mildly negative at about -1.23%. Confidence was not explicitly available for this prediction. Technical state is constructive, with price above the 50-day and 200-day averages. RSI is in a steady zone near 51.0. MACD remains on the bearish side. Volatility is elevated at roughly 30.8%. No recent matched news was found for this ticker/date. Relative strength versus the benchmark looked weak. 1-month excess return -5.53%; 3-month excess return 10.82%; 6-month excess return -18.46%."
2025-09-18,IQV,-1.2723286188306704,,-7.103046647530875,hit,linear_regression,target_5d_return,regression,5,"Technical state is constructive, with price above the 50-day and 200-day averages. RSI is in a steady zone near 55.7. MACD remains on the bearish side. Volatility is elevated at roughly 31.6%.",No recent matched news was found for this ticker/date.,Relative strength versus the benchmark looked weak. 1-month excess return -4.66%; 3-month excess return 12.15%; 6-month excess return -15.06%.,"Model view: the forward return estimate was mildly negative at about -1.27%. Confidence was not explicitly available for this prediction. Technical state is constructive, with price above the 50-day and 200-day averages. RSI is in a steady zone near 55.7. MACD remains on the bearish side. Volatility is elevated at roughly 31.6%. No recent matched news was found for this ticker/date. Relative strength versus the benchmark looked weak. 1-month excess return -4.66%; 3-month excess return 12.15%; 6-month excess return -15.06%."
2025-09-19,IQV,-1.3470494412883112,,-4.091445151247186,hit,linear_regression,target_5d_return,regression,5,"Technical state is constructive, with price above the 50-day and 200-day averages. RSI is in a steady zone near 51.2. MACD remains on the bearish side.",No recent matched news was found for this ticker/date.,Relative strength versus the benchmark looked weak. 1-month excess return -6.81%; 3-month excess return 9.30%; 6-month excess return -16.01%.,"Model view: the forward return estimate was mildly negative at about -1.35%. Confidence was not explicitly available for this prediction. Technical state is constructive, with price above the 50-day and 200-day averages. RSI is in a steady zone near 51.2. MACD remains on the bearish side. No recent matched news was found for this ticker/date. Relative strength versus the benchmark looked weak. 1-month excess return -6.81%; 3-month excess return 9.30%; 6-month excess return -16.01%."
2025-09-22,IQV,-1.1623651938077748,,-3.78533809351006,hit,linear_regression,target_5d_return,regression,5,"Technical state is constructive, with price above the 50-day and 200-day averages. RSI is in a steady zone near 52.0. MACD remains on the bearish side.",No recent matched news was found for this ticker/date.,Relative strength versus the benchmark looked weak. 1-month excess return -3.90%; 3-month excess return 9.95%; 6-month excess return -17.12%.,"Model view: the forward return estimate was mildly negative at about -1.16%. Confidence was not explicitly available for this prediction. Technical state is constructive, with price above the 50-day and 200-day averages. RSI is in a steady zone near 52.0. MACD remains on the bearish side. No recent matched news was found for this ticker/date. Relative strength versus the benchmark looked weak. 1-month excess return -3.90%; 3-month excess return 9.95%; 6-month excess return -17.12%."
2025-09-23,IQV,-0.7274065058230125,,1.8718184769575874,miss,linear_regression,target_5d_return,regression,5,"Technical state is constructive, with price above the 50-day and 200-day averages. MACD remains on the bearish side.",No recent matched news was found for this ticker/date.,Relative strength versus the benchmark looked weak. 1-month excess return -5.55%; 3-month excess return 8.26%; 6-month excess return -15.34%.,"Model view: the forward return estimate was mildly negative at about -0.73%. Confidence was not explicitly available for this prediction. Technical state is constructive, with price above the 50-day and 200-day averages. MACD remains on the bearish side. No recent matched news was found for this ticker/date. Relative strength versus the benchmark looked weak. 1-month excess return -5.55%; 3-month excess return 8.26%; 6-month excess return -15.34%."
2025-09-24,IQV,-0.5337287169986261,,12.442058656756828,miss,linear_regression,target_5d_return,regression,5,"Technical state is mixed, with price not fully aligned across the major moving averages. MACD remains on the bearish side.",No recent matched news was found for this ticker/date.,Relative strength versus the benchmark looked weak. 1-month excess return -6.79%; 3-month excess return 5.30%; 6-month excess return -14.94%.,"Model view: the forward return estimate was mildly negative at about -0.53%. Confidence was not explicitly available for this prediction. Technical state is mixed, with price not fully aligned across the major moving averages. MACD remains on the bearish side. No recent matched news was found for this ticker/date. Relative strength versus the benchmark looked weak. 1-month excess return -6.79%; 3-month excess return 5.30%; 6-month excess return -14.94%."
2025-09-25,IQV,-0.49716675330871524,,15.648872892881215,miss,linear_regression,target_5d_return,regression,5,"Technical state is soft, with price below the 50-day and 200-day averages. RSI is weak near 37.8. MACD remains on the bearish side.",No recent matched news was found for this ticker/date.,Relative strength versus the benchmark looked weak. 1-month excess return -8.18%; 3-month excess return 4.19%; 6-month excess return -17.51%.,"Model view: the forward return estimate was mildly negative at about -0.50%. Confidence was not explicitly available for this prediction. Technical state is soft, with price below the 50-day and 200-day averages. RSI is weak near 37.8. MACD remains on the bearish side. No recent matched news was found for this ticker/date. Relative strength versus the benchmark looked weak. 1-month excess return -8.18%; 3-month excess return 4.19%; 6-month excess return -17.51%."
2025-09-26,IQV,-0.193507491003308,,15.075744983447837,miss,linear_regression,target_5d_return,regression,5,"Technical state is mixed, with price not fully aligned across the major moving averages. MACD remains on the bearish side. Volatility is elevated at roughly 30.4%.",No recent matched news was found for this ticker/date.,Relative strength versus the benchmark looked weak. 1-month excess return -7.54%; 3-month excess return 6.41%; 6-month excess return -16.95%.,"Model view: the forward return estimate was mildly negative at about -0.19%. Confidence was not explicitly available for this prediction. Technical state is mixed, with price not fully aligned across the major moving averages. MACD remains on the bearish side. Volatility is elevated at roughly 30.4%. No recent matched news was found for this ticker/date. Relative strength versus the benchmark looked weak. 1-month excess return -7.54%; 3-month excess return 6.41%; 6-month excess return -16.95%."
2025-09-29,IQV,-0.24381882568345714,,13.446216737283878,miss,linear_regression,target_5d_return,regression,5,"Technical state is mixed, with price not fully aligned across the major moving averages. MACD remains on the bearish side. Volatility is elevated at roughly 30.1%.",No recent matched news was found for this ticker/date.,Relative strength versus the benchmark looked weak. 1-month excess return -6.53%; 3-month excess return 7.27%; 6-month excess return -17.57%.,"Model view: the forward return estimate was mildly negative at about -0.24%. Confidence was not explicitly available for this prediction. Technical state is mixed, with price not fully aligned across the major moving averages. MACD remains on the bearish side. Volatility is elevated at roughly 30.1%. No recent matched news was found for this ticker/date. Relative strength versus the benchmark looked weak. 1-month excess return -6.53%; 3-month excess return 7.27%; 6-month excess return -17.57%."
2025-09-30,IQV,-0.9011286020522625,,5.7491829149122875,miss,linear_regression,target_5d_return,regression,5,"Technical state is constructive, with price above the 50-day and 200-day averages. RSI is in a steady zone near 56.0. MACD remains on the bearish side. Volatility is elevated at roughly 32.8%.",No recent matched news was found for this ticker/date.,Relative strength versus the benchmark looked weak. 1-month excess return -3.71%; 3-month excess return 8.95%; 6-month excess return -11.42%.,"Model view: the forward return estimate was mildly negative at about -0.90%. Confidence was not explicitly available for this prediction. Technical state is constructive, with price above the 50-day and 200-day averages. RSI is in a steady zone near 56.0. MACD remains on the bearish side. Volatility is elevated at roughly 32.8%. No recent matched news was found for this ticker/date. Relative strength versus the benchmark looked weak. 1-month excess return -3.71%; 3-month excess return 8.95%; 6-month excess return -11.42%."
2025-10-01,IQV,-2.260815404182171,,-1.5653306284466373,hit,linear_regression,target_5d_return,regression,5,"Technical state is constructive, with price above the 50-day and 200-day averages. MACD remains on the bullish side. Volatility is elevated at roughly 41.4%.",No recent matched news was found for this ticker/date.,Relative strength versus the benchmark looked mixed. 1-month excess return 6.52%; 3-month excess return 16.01%; 6-month excess return -0.14%.,"Model view: the forward return estimate was mildly negative at about -2.26%. Confidence was not explicitly available for this prediction. Technical state is constructive, with price above the 50-day and 200-day averages. MACD remains on the bullish side. Volatility is elevated at roughly 41.4%. No recent matched news was found for this ticker/date. Relative strength versus the benchmark looked mixed. 1-month excess return 6.52%; 3-month excess return 16.01%; 6-month excess return -0.14%."
2025-10-02,IQV,-1.2589627836047295,,-0.6557680150267031,hit,linear_regression,target_5d_return,regression,5,"Technical state is constructive, with price above the 50-day and 200-day averages. MACD remains on the bullish side. Volatility is elevated at roughly 41.3%.",No recent matched news was found for this ticker/date.,Relative strength versus the benchmark looked mixed. 1-month excess return 6.70%; 3-month excess return 17.46%; 6-month excess return -1.38%.,"Model view: the forward return estimate was mildly negative at about -1.26%. Confidence was not explicitly available for this prediction. Technical state is constructive, with price above the 50-day and 200-day averages. MACD remains on the bullish side. Volatility is elevated at roughly 41.3%. No recent matched news was found for this ticker/date. Relative strength versus the benchmark looked mixed. 1-month excess return 6.70%; 3-month excess return 17.46%; 6-month excess return -1.38%."
2025-10-03,IQV,-0.8369610071173931,,-4.094277943159885,hit,linear_regression,target_5d_return,regression,5,"Technical state is constructive, with price above the 50-day and 200-day averages. MACD remains on the bullish side. Volatility is elevated at roughly 41.1%.",No recent matched news was found for this ticker/date.,Relative strength versus the benchmark looked mixed. 1-month excess return 9.11%; 3-month excess return 19.36%; 6-month excess return -1.29%.,"Model view: the forward return estimate was mildly negative at about -0.84%. Confidence was not explicitly available for this prediction. Technical state is constructive, with price above the 50-day and 200-day averages. MACD remains on the bullish side. Volatility is elevated at roughly 41.1%. No recent matched news was found for this ticker/date. Relative strength versus the benchmark looked mixed. 1-month excess return 9.11%; 3-month excess return 19.36%; 6-month excess return -1.29%."
2025-10-06,IQV,-0.3565347282942031,,-0.6096966022587802,hit,linear_regression,target_5d_return,regression,5,"Technical state is constructive, with price above the 50-day and 200-day averages. MACD remains on the bullish side. Volatility is elevated at roughly 41.3%.",No recent matched news was found for this ticker/date.,Relative strength versus the benchmark looked mixed. 1-month excess return 5.47%; 3-month excess return 16.38%; 6-month excess return -0.12%.,"Model view: the forward return estimate was mildly negative at about -0.36%. Confidence was not explicitly available for this prediction. Technical state is constructive, with price above the 50-day and 200-day averages. MACD remains on the bullish side. Volatility is elevated at roughly 41.3%. No recent matched news was found for this ticker/date. Relative strength versus the benchmark looked mixed. 1-month excess return 5.47%; 3-month excess return 16.38%; 6-month excess return -0.12%."
2025-10-07,IQV,-0.6262234473022336,,1.941647856533657,miss,linear_regression,target_5d_return,regression,5,"Technical state is constructive, with price above the 50-day and 200-day averages. RSI is in a steady zone near 61.0. MACD remains on the bullish side. Volatility is elevated at roughly 42.2%.",No recent matched news was found for this ticker/date.,Relative strength versus the benchmark looked mixed. 1-month excess return 3.89%; 3-month excess return 16.72%; 6-month excess return -1.44%.,"Model view: the forward return estimate was mildly negative at about -0.63%. Confidence was not explicitly available for this prediction. Technical state is constructive, with price above the 50-day and 200-day averages. RSI is in a steady zone near 61.0. MACD remains on the bullish side. Volatility is elevated at roughly 42.2%. No recent matched news was found for this ticker/date. Relative strength versus the benchmark looked mixed. 1-month excess return 3.89%; 3-month excess return 16.72%; 6-month excess return -1.44%."
2025-10-08,IQV,-0.4020302348961617,,1.256225791125587,miss,linear_regression,target_5d_return,regression,5,"Technical state is constructive, with price above the 50-day and 200-day averages. RSI is in a steady zone near 60.6. MACD remains on the bullish side. Volatility is elevated at roughly 40.3%.",No recent matched news was found for this ticker/date.,Relative strength versus the benchmark looked favorable. 1-month excess return 2.30%; 3-month excess return 13.63%; 6-month excess return 3.36%.,"Model view: the forward return estimate was mildly negative at about -0.40%. Confidence was not explicitly available for this prediction. Technical state is constructive, with price above the 50-day and 200-day averages. RSI is in a steady zone near 60.6. MACD remains on the bullish side. Volatility is elevated at roughly 40.3%. No recent matched news was found for this ticker/date. Relative strength versus the benchmark looked favorable. 1-month excess return 2.30%; 3-month excess return 13.63%; 6-month excess return 3.36%."
2025-10-09,IQV,-0.9917112903474912,,1.3546798029556717,miss,linear_regression,target_5d_return,regression,5,"Technical state is constructive, with price above the 50-day and 200-day averages. RSI is in a steady zone near 62.8. MACD remains on the bullish side. Volatility is elevated at roughly 38.6%.",No recent matched news was found for this ticker/date.,Relative strength versus the benchmark looked favorable. 1-month excess return 7.50%; 3-month excess return 17.04%; 6-month excess return 5.64%.,"Model view: the forward return estimate was mildly negative at about -0.99%. Confidence was not explicitly available for this prediction. Technical state is constructive, with price above the 50-day and 200-day averages. RSI is in a steady zone near 62.8. MACD remains on the bullish side. Volatility is elevated at roughly 38.6%. No recent matched news was found for this ticker/date. Relative strength versus the benchmark looked favorable. 1-month excess return 7.50%; 3-month excess return 17.04%; 6-month excess return 5.64%."
2025-10-10,IQV,-1.2712333290903508,,3.2194605347744876,miss,linear_regression,target_5d_return,regression,5,"Technical state is constructive, with price above the 50-day and 200-day averages. RSI is in a steady zone near 56.2. MACD remains on the bullish side. Volatility is elevated at roughly 39.0%.",No recent matched news was found for this ticker/date.,Relative strength versus the benchmark looked favorable. 1-month excess return 4.59%; 3-month excess return 19.20%; 6-month excess return 13.80%.,"Model view: the forward return estimate was mildly negative at about -1.27%. Confidence was not explicitly available for this prediction. Technical state is constructive, with price above the 50-day and 200-day averages. RSI is in a steady zone near 56.2. MACD remains on the bullish side. Volatility is elevated at roughly 39.0%. No recent matched news was found for this ticker/date. Relative strength versus the benchmark looked favorable. 1-month excess return 4.59%; 3-month excess return 19.20%; 6-month excess return 13.80%."
2025-10-13,IQV,-0.4366758158975876,,4.063404134901871,miss,linear_regression,target_5d_return,regression,5,"Technical state is constructive, with price above the 50-day and 200-day averages. RSI is in a steady zone near 61.3. MACD remains on the bullish side. Volatility is elevated at roughly 39.8%.",No recent matched news was found for this ticker/date.,Relative strength versus the benchmark looked favorable. 1-month excess return 7.98%; 3-month excess return 22.63%; 6-month excess return 15.73%.,"Model view: the forward return estimate was mildly negative at about -0.44%. Confidence was not explicitly available for this prediction. Technical state is constructive, with price above the 50-day and 200-day averages. RSI is in a steady zone near 61.3. MACD remains on the bullish side. Volatility is elevated at roughly 39.8%. No recent matched news was found for this ticker/date. Relative strength versus the benchmark looked favorable. 1-month excess return 7.98%; 3-month excess return 22.63%; 6-month excess return 15.73%."
2025-10-14,IQV,-0.17677479045738015,,6.793320978353989,miss,linear_regression,target_5d_return,regression,5,"Technical state is constructive, with price above the 50-day and 200-day averages. RSI is in a steady zone near 62.1. MACD remains on the bullish side. Volatility is elevated at roughly 39.8%.",No recent matched news was found for this ticker/date.,Relative strength versus the benchmark looked favorable. 1-month excess return 9.91%; 3-month excess return 22.97%; 6-month excess return 12.81%.,"Model view: the forward return estimate was mildly negative at about -0.18%. Confidence was not explicitly available for this prediction. Technical state is constructive, with price above the 50-day and 200-day averages. RSI is in a steady zone near 62.1. MACD remains on the bullish side. Volatility is elevated at roughly 39.8%. No recent matched news was found for this ticker/date. Relative strength versus the benchmark looked favorable. 1-month excess return 9.91%; 3-month excess return 22.97%; 6-month excess return 12.81%."
2025-10-15,IQV,0.3850802589982217,,7.25679689223111,hit,linear_regression,target_5d_return,regression,5,"Technical state is constructive, with price above the 50-day and 200-day averages. RSI is in a steady zone near 59.8. MACD remains on the bullish side. Volatility is elevated at roughly 40.0%.",No recent matched news was found for this ticker/date.,Relative strength versus the benchmark looked favorable. 1-month excess return 7.97%; 3-month excess return 18.49%; 6-month excess return 12.44%.,"Model view: the forward return estimate was mildly positive at about 0.39%. Confidence was not explicitly available for this prediction. Technical state is constructive, with price above the 50-day and 200-day averages. RSI is in a steady zone near 59.8. MACD remains on the bullish side. Volatility is elevated at roughly 40.0%. No recent matched news was found for this ticker/date. Relative strength versus the benchmark looked favorable. 1-month excess return 7.97%; 3-month excess return 18.49%; 6-month excess return 12.44%."
2025-10-16,IQV,-0.7592586626348996,,6.882140297501516,miss,linear_regression,target_5d_return,regression,5,"Technical state is constructive, with price above the 50-day and 200-day averages. RSI is in a steady zone near 62.2. MACD remains on the bullish side. Volatility is elevated at roughly 39.8%.",No recent matched news was found for this ticker/date.,Relative strength versus the benchmark looked favorable. 1-month excess return 9.99%; 3-month excess return 22.81%; 6-month excess return 12.91%.,"Model view: the forward return estimate was mildly negative at about -0.76%. Confidence was not explicitly available for this prediction. Technical state is constructive, with price above the 50-day and 200-day averages. RSI is in a steady zone near 62.2. MACD remains on the bullish side. Volatility is elevated at roughly 39.8%. No recent matched news was found for this ticker/date. Relative strength versus the benchmark looked favorable. 1-month excess return 9.99%; 3-month excess return 22.81%; 6-month excess return 12.91%."
2025-10-17,IQV,-0.030552793903706202,,7.807382538470153,miss,linear_regression,target_5d_return,regression,5,"Technical state is constructive, with price above the 50-day and 200-day averages. RSI is in a steady zone near 60.4. MACD remains on the bullish side. Volatility is elevated at roughly 39.3%.",No recent matched news was found for this ticker/date.,Relative strength versus the benchmark looked favorable. 1-month excess return 7.25%; 3-month excess return 23.00%; 6-month excess return 15.92%.,"Model view: the forward return estimate was mildly negative at about -0.03%. Confidence was not explicitly available for this prediction. Technical state is constructive, with price above the 50-day and 200-day averages. RSI is in a steady zone near 60.4. MACD remains on the bullish side. Volatility is elevated at roughly 39.3%. No recent matched news was found for this ticker/date. Relative strength versus the benchmark looked favorable. 1-month excess return 7.25%; 3-month excess return 23.00%; 6-month excess return 15.92%."
2025-10-20,IQV,-0.3003990565342984,,2.537132537890252,miss,linear_regression,target_5d_return,regression,5,"Technical state is constructive, with price above the 50-day and 200-day averages. MACD remains on the bullish side. Volatility is elevated at roughly 40.9%.",No recent matched news was found for this ticker/date.,Relative strength versus the benchmark looked favorable. 1-month excess return 12.38%; 3-month excess return 6.38%; 6-month excess return 19.50%.,"Model view: the forward return estimate was mildly negative at about -0.30%. Confidence was not explicitly available for this prediction. Technical state is constructive, with price above the 50-day and 200-day averages. MACD remains on the bullish side. Volatility is elevated at roughly 40.9%. No recent matched news was found for this ticker/date. Relative strength versus the benchmark looked favorable. 1-month excess return 12.38%; 3-month excess return 6.38%; 6-month excess return 19.50%."
2025-10-21,IQV,-0.9235102369830173,,-0.2469443868178045,hit,linear_regression,target_5d_return,regression,5,"Technical state is constructive, with price above the 50-day and 200-day averages. RSI is elevated near 71.3, so chasing strength may add risk. MACD remains on the bullish side. Volatility is elevated at roughly 41.5%.",No recent matched news was found for this ticker/date.,Relative strength versus the benchmark looked favorable. 1-month excess return 16.04%; 3-month excess return 6.70%; 6-month excess return 24.84%.,"Model view: the forward return estimate was mildly negative at about -0.92%. Confidence was not explicitly available for this prediction. Technical state is constructive, with price above the 50-day and 200-day averages. RSI is elevated near 71.3, so chasing strength may add risk. MACD remains on the bullish side. Volatility is elevated at roughly 41.5%. No recent matched news was found for this ticker/date. Relative strength versus the benchmark looked favorable. 1-month excess return 16.04%; 3-month excess return 6.70%; 6-month excess return 24.84%."
2025-10-22,IQV,1.0064692155191415,,-0.013769750855063823,miss,linear_regression,target_5d_return,regression,5,"Technical state is constructive, with price above the 50-day and 200-day averages. RSI is elevated near 70.0, so chasing strength may add risk. MACD remains on the bullish side. Volatility is elevated at roughly 39.5%.",No recent matched news was found for this ticker/date.,Relative strength versus the benchmark looked favorable. 1-month excess return 16.45%; 3-month excess return 3.22%; 6-month excess return 23.37%.,"Model view: the forward return estimate was mildly positive at about 1.01%. Confidence was not explicitly available for this prediction. Technical state is constructive, with price above the 50-day and 200-day averages. RSI is elevated near 70.0, so chasing strength may add risk. MACD remains on the bullish side. Volatility is elevated at roughly 39.5%. No recent matched news was found for this ticker/date. Relative strength versus the benchmark looked favorable. 1-month excess return 16.45%; 3-month excess return 3.22%; 6-month excess return 23.37%."
2025-10-23,IQV,1.5437072759437573,,-1.5642773789826259,miss,linear_regression,target_5d_return,regression,5,"Technical state is constructive, with price above the 50-day and 200-day averages. RSI is elevated near 71.4, so chasing strength may add risk. MACD remains on the bullish side. Volatility is elevated at roughly 37.3%.",No recent matched news was found for this ticker/date.,Relative strength versus the benchmark looked favorable. 1-month excess return 20.03%; 3-month excess return 4.97%; 6-month excess return 23.05%.,"Model view: the forward return estimate was mildly positive at about 1.54%. Confidence was not explicitly available for this prediction. Technical state is constructive, with price above the 50-day and 200-day averages. RSI is elevated near 71.4, so chasing strength may add risk. MACD remains on the bullish side. Volatility is elevated at roughly 37.3%. No recent matched news was found for this ticker/date. Relative strength versus the benchmark looked favorable. 1-month excess return 20.03%; 3-month excess return 4.97%; 6-month excess return 23.05%."
2025-10-24,IQV,1.9839700701072156,,-1.8411017050305678,miss,linear_regression,target_5d_return,regression,5,"Technical state is constructive, with price above the 50-day and 200-day averages. RSI is elevated near 71.8, so chasing strength may add risk. MACD remains on the bullish side. Volatility is elevated at roughly 37.4%.",No recent matched news was found for this ticker/date.,Relative strength versus the benchmark looked favorable. 1-month excess return 22.18%; 3-month excess return 5.17%; 6-month excess return 23.73%.,"Model view: the forward return estimate was mildly positive at about 1.98%. Confidence was not explicitly available for this prediction. Technical state is constructive, with price above the 50-day and 200-day averages. RSI is elevated near 71.8, so chasing strength may add risk. MACD remains on the bullish side. Volatility is elevated at roughly 37.4%. No recent matched news was found for this ticker/date. Relative strength versus the benchmark looked favorable. 1-month excess return 22.18%; 3-month excess return 5.17%; 6-month excess return 23.73%."
2025-10-27,IQV,1.032529726822735,,-1.632703818494019,miss,linear_regression,target_5d_return,regression,5,"Technical state is constructive, with price above the 50-day and 200-day averages. MACD remains on the bullish side. Volatility is elevated at roughly 38.4%.",No recent matched news was found for this ticker/date.,Relative strength versus the benchmark looked favorable. 1-month excess return 17.84%; 3-month excess return 3.87%; 6-month excess return 20.43%.,"Model view: the forward return estimate was mildly positive at about 1.03%. Confidence was not explicitly available for this prediction. Technical state is constructive, with price above the 50-day and 200-day averages. MACD remains on the bullish side. Volatility is elevated at roughly 38.4%. No recent matched news was found for this ticker/date. Relative strength versus the benchmark looked favorable. 1-month excess return 17.84%; 3-month excess return 3.87%; 6-month excess return 20.43%."
2025-10-28,IQV,0.23354542309250476,,-3.2870297567715645,miss,linear_regression,target_5d_return,regression,5,"Technical state is constructive, with price above the 50-day and 200-day averages. MACD remains on the bullish side. Volatility is elevated at roughly 35.2%.",No recent matched news was found for this ticker/date.,Relative strength versus the benchmark looked favorable. 1-month excess return 17.17%; 3-month excess return 5.57%; 6-month excess return 18.17%.,"Model view: the forward return estimate was mildly positive at about 0.23%. Confidence was not explicitly available for this prediction. Technical state is constructive, with price above the 50-day and 200-day averages. MACD remains on the bullish side. Volatility is elevated at roughly 35.2%. No recent matched news was found for this ticker/date. Relative strength versus the benchmark looked favorable. 1-month excess return 17.17%; 3-month excess return 5.57%; 6-month excess return 18.17%."
2025-10-29,IQV,-1.3022645145079206,,-3.5394604274240127,hit,linear_regression,target_5d_return,regression,5,"Technical state is constructive, with price above the 50-day and 200-day averages. MACD remains on the bullish side.",No recent matched news was found for this ticker/date.,Relative strength versus the benchmark looked favorable. 1-month excess return 11.49%; 3-month excess return 8.44%; 6-month excess return 16.50%.,"Model view: the forward return estimate was mildly negative at about -1.30%. Confidence was not explicitly available for this prediction. Technical state is constructive, with price above the 50-day and 200-day averages. MACD remains on the bullish side. No recent matched news was found for this ticker/date. Relative strength versus the benchmark looked favorable. 1-month excess return 11.49%; 3-month excess return 8.44%; 6-month excess return 16.50%."
2025-10-30,IQV,-0.5886690245005297,,-2.591583396644348,hit,linear_regression,target_5d_return,regression,5,"Technical state is constructive, with price above the 50-day and 200-day averages. RSI is in a steady zone near 64.2. MACD remains on the bullish side.",No recent matched news was found for this ticker/date.,Relative strength versus the benchmark looked favorable. 1-month excess return 4.49%; 3-month excess return 9.23%; 6-month excess return 21.47%.,"Model view: the forward return estimate was mildly negative at about -0.59%. Confidence was not explicitly available for this prediction. Technical state is constructive, with price above the 50-day and 200-day averages. RSI is in a steady zone near 64.2. MACD remains on the bullish side. No recent matched news was found for this ticker/date. Relative strength versus the benchmark looked favorable. 1-month excess return 4.49%; 3-month excess return 9.23%; 6-month excess return 21.47%."
2025-10-31,IQV,0.1538383439020195,,-2.7718746252887505,miss,linear_regression,target_5d_return,regression,5,"Technical state is constructive, with price above the 50-day and 200-day averages. RSI is in a steady zone near 64.2. MACD remains on the bearish side.",No recent matched news was found for this ticker/date.,Relative strength versus the benchmark looked favorable. 1-month excess return 4.02%; 3-month excess return 10.36%; 6-month excess return 20.61%.,"Model view: the forward return estimate was mildly positive at about 0.15%. Confidence was not explicitly available for this prediction. Technical state is constructive, with price above the 50-day and 200-day averages. RSI is in a steady zone near 64.2. MACD remains on the bearish side. No recent matched news was found for this ticker/date. Relative strength versus the benchmark looked favorable. 1-month excess return 4.02%; 3-month excess return 10.36%; 6-month excess return 20.61%."
2025-11-03,IQV,0.4047981506865555,,-0.38806892280999206,miss,linear_regression,target_5d_return,regression,5,"Technical state is constructive, with price above the 50-day and 200-day averages. RSI is in a steady zone near 59.3. MACD remains on the bearish side.",No recent matched news was found for this ticker/date.,Relative strength versus the benchmark looked favorable. 1-month excess return 1.40%; 3-month excess return 7.46%; 6-month excess return 19.14%.,"Model view: the forward return estimate was mildly positive at about 0.40%. Confidence was not explicitly available for this prediction. Technical state is constructive, with price above the 50-day and 200-day averages. RSI is in a steady zone near 59.3. MACD remains on the bearish side. No recent matched news was found for this ticker/date. Relative strength versus the benchmark looked favorable. 1-month excess return 1.40%; 3-month excess return 7.46%; 6-month excess return 19.14%."
2025-11-04,IQV,0.9569980572072111,,3.5883541071825675,hit,linear_regression,target_5d_return,regression,5,"Technical state is constructive, with price above the 50-day and 200-day averages. RSI is in a steady zone near 54.3. MACD remains on the bearish side.",No recent matched news was found for this ticker/date.,Relative strength versus the benchmark looked favorable. 1-month excess return 2.32%; 3-month excess return 12.09%; 6-month excess return 23.38%.,"Model view: the forward return estimate was mildly positive at about 0.96%. Confidence was not explicitly available for this prediction. Technical state is constructive, with price above the 50-day and 200-day averages. RSI is in a steady zone near 54.3. MACD remains on the bearish side. No recent matched news was found for this ticker/date. Relative strength versus the benchmark looked favorable. 1-month excess return 2.32%; 3-month excess return 12.09%; 6-month excess return 23.38%."
2025-11-05,IQV,1.5215233491049844,,5.120888071420304,hit,linear_regression,target_5d_return,regression,5,"Technical state is constructive, with price above the 50-day and 200-day averages. RSI is in a steady zone near 53.0. MACD remains on the bearish side.",No recent matched news was found for this ticker/date.,Relative strength versus the benchmark looked favorable. 1-month excess return 3.37%; 3-month excess return 10.27%; 6-month excess return 16.33%.,"Model view: the forward return estimate was mildly positive at about 1.52%. Confidence was not explicitly available for this prediction. Technical state is constructive, with price above the 50-day and 200-day averages. RSI is in a steady zone near 53.0. MACD remains on the bearish side. No recent matched news was found for this ticker/date. Relative strength versus the benchmark looked favorable. 1-month excess return 3.37%; 3-month excess return 10.27%; 6-month excess return 16.33%."
2025-11-06,IQV,0.8537261024851788,,6.0182122757630685,hit,linear_regression,target_5d_return,regression,5,"Technical state is constructive, with price above the 50-day and 200-day averages. RSI is in a steady zone near 54.1. MACD remains on the bearish side.",No recent matched news was found for this ticker/date.,Relative strength versus the benchmark looked favorable. 1-month excess return 5.52%; 3-month excess return 12.03%; 6-month excess return 18.90%.,"Model view: the forward return estimate was mildly positive at about 0.85%. Confidence was not explicitly available for this prediction. Technical state is constructive, with price above the 50-day and 200-day averages. RSI is in a steady zone near 54.1. MACD remains on the bearish side. No recent matched news was found for this ticker/date. Relative strength versus the benchmark looked favorable. 1-month excess return 5.52%; 3-month excess return 12.03%; 6-month excess return 18.90%."
2025-11-07,IQV,2.378154302514381,,4.8227661183551485,hit,linear_regression,target_5d_return,regression,5,"Technical state is constructive, with price above the 50-day and 200-day averages. RSI is in a steady zone near 53.3. MACD remains on the bearish side.",No recent matched news was found for this ticker/date.,Relative strength versus the benchmark looked favorable. 1-month excess return 3.71%; 3-month excess return 11.33%; 6-month excess return 22.32%.,"Model view: the forward return estimate was mildly positive at about 2.38%. Confidence was not explicitly available for this prediction. Technical state is constructive, with price above the 50-day and 200-day averages. RSI is in a steady zone near 53.3. MACD remains on the bearish side. No recent matched news was found for this ticker/date. Relative strength versus the benchmark looked favorable. 1-month excess return 3.71%; 3-month excess return 11.33%; 6-month excess return 22.32%."
2025-11-10,IQV,1.6413454930317386,,1.4409725517271488,hit,linear_regression,target_5d_return,regression,5,"Technical state is constructive, with price above the 50-day and 200-day averages. RSI is in a steady zone near 57.4. MACD remains on the bearish side.",No recent matched news was found for this ticker/date.,Relative strength versus the benchmark looked favorable. 1-month excess return 3.19%; 3-month excess return 8.56%; 6-month excess return 19.56%.,"Model view: the forward return estimate was mildly positive at about 1.64%. Confidence was not explicitly available for this prediction. Technical state is constructive, with price above the 50-day and 200-day averages. RSI is in a steady zone near 57.4. MACD remains on the bearish side. No recent matched news was found for this ticker/date. Relative strength versus the benchmark looked favorable. 1-month excess return 3.19%; 3-month excess return 8.56%; 6-month excess return 19.56%."
2025-11-11,IQV,0.8125308687048858,,-0.5720038470610311,miss,linear_regression,target_5d_return,regression,5,"Technical state is constructive, with price above the 50-day and 200-day averages. RSI is in a steady zone near 64.4. MACD remains on the bearish side.",No recent matched news was found for this ticker/date.,Relative strength versus the benchmark looked favorable. 1-month excess return 4.24%; 3-month excess return 8.96%; 6-month excess return 28.63%.,"Model view: the forward return estimate was mildly positive at about 0.81%. Confidence was not explicitly available for this prediction. Technical state is constructive, with price above the 50-day and 200-day averages. RSI is in a steady zone near 64.4. MACD remains on the bearish side. No recent matched news was found for this ticker/date. Relative strength versus the benchmark looked favorable. 1-month excess return 4.24%; 3-month excess return 8.96%; 6-month excess return 28.63%."
2025-11-12,IQV,0.6789499438528523,,-1.5393014669106475,miss,linear_regression,target_5d_return,regression,5,"Technical state is constructive, with price above the 50-day and 200-day averages. MACD remains on the bearish side.",No recent matched news was found for this ticker/date.,Relative strength versus the benchmark looked favorable. 1-month excess return 4.67%; 3-month excess return 10.65%; 6-month excess return 39.43%.,"Model view: the forward return estimate was mildly positive at about 0.68%. Confidence was not explicitly available for this prediction. Technical state is constructive, with price above the 50-day and 200-day averages. MACD remains on the bearish side. No recent matched news was found for this ticker/date. Relative strength versus the benchmark looked favorable. 1-month excess return 4.67%; 3-month excess return 10.65%; 6-month excess return 39.43%."
2025-11-13,IQV,-0.6284930779241733,,-2.8807883486877905,hit,linear_regression,target_5d_return,regression,5,"Technical state is constructive, with price above the 50-day and 200-day averages. MACD remains on the bearish side.",No recent matched news was found for this ticker/date.,Relative strength versus the benchmark looked favorable. 1-month excess return 8.99%; 3-month excess return 12.52%; 6-month excess return 45.33%.,"Model view: the forward return estimate was mildly negative at about -0.63%. Confidence was not explicitly available for this prediction. Technical state is constructive, with price above the 50-day and 200-day averages. MACD remains on the bearish side. No recent matched news was found for this ticker/date. Relative strength versus the benchmark looked favorable. 1-month excess return 8.99%; 3-month excess return 12.52%; 6-month excess return 45.33%."
2025-11-14,IQV,1.1145982048260337,,1.9446050832980788,hit,linear_regression,target_5d_return,regression,5,"Technical state is constructive, with price above the 50-day and 200-day averages. RSI is in a steady zone near 63.5. MACD remains on the bearish side.",No recent matched news was found for this ticker/date.,Relative strength versus the benchmark looked favorable. 1-month excess return 5.50%; 3-month excess return 10.10%; 6-month excess return 41.37%.,"Model view: the forward return estimate was mildly positive at about 1.11%. Confidence was not explicitly available for this prediction. Technical state is constructive, with price above the 50-day and 200-day averages. RSI is in a steady zone near 63.5. MACD remains on the bearish side. No recent matched news was found for this ticker/date. Relative strength versus the benchmark looked favorable. 1-month excess return 5.50%; 3-month excess return 10.10%; 6-month excess return 41.37%."
2025-11-17,IQV,0.8015720452530666,,5.580232200197122,hit,linear_regression,target_5d_return,regression,5,"Technical state is constructive, with price above the 50-day and 200-day averages. RSI is in a steady zone near 55.6. MACD remains on the bearish side.",No recent matched news was found for this ticker/date.,Relative strength versus the benchmark looked favorable. 1-month excess return 5.45%; 3-month excess return 8.29%; 6-month excess return 38.64%.,"Model view: the forward return estimate was mildly positive at about 0.80%. Confidence was not explicitly available for this prediction. Technical state is constructive, with price above the 50-day and 200-day averages. RSI is in a steady zone near 55.6. MACD remains on the bearish side. No recent matched news was found for this ticker/date. Relative strength versus the benchmark looked favorable. 1-month excess return 5.45%; 3-month excess return 8.29%; 6-month excess return 38.64%."
2025-11-18,IQV,0.8992524632612231,,6.737849536035334,hit,linear_regression,target_5d_return,regression,5,"Technical state is constructive, with price above the 50-day and 200-day averages. RSI is in a steady zone near 57.1. MACD remains on the bearish side.",No recent matched news was found for this ticker/date.,Relative strength versus the benchmark looked favorable. 1-month excess return 4.11%; 3-month excess return 9.66%; 6-month excess return 38.50%.,"Model view: the forward return estimate was mildly positive at about 0.90%. Confidence was not explicitly available for this prediction. Technical state is constructive, with price above the 50-day and 200-day averages. RSI is in a steady zone near 57.1. MACD remains on the bearish side. No recent matched news was found for this ticker/date. Relative strength versus the benchmark looked favorable. 1-month excess return 4.11%; 3-month excess return 9.66%; 6-month excess return 38.50%."
2025-11-19,IQV,1.2235228316955855,,6.584517015605873,hit,linear_regression,target_5d_return,regression,5,"Technical state is constructive, with price above the 50-day and 200-day averages. RSI is in a steady zone near 57.4. MACD remains on the bearish side.",No recent matched news was found for this ticker/date.,Relative strength versus the benchmark looked favorable. 1-month excess return 0.73%; 3-month excess return 13.04%; 6-month excess return 44.70%.,"Model view: the forward return estimate was mildly positive at about 1.22%. Confidence was not explicitly available for this prediction. Technical state is constructive, with price above the 50-day and 200-day averages. RSI is in a steady zone near 57.4. MACD remains on the bearish side. No recent matched news was found for this ticker/date. Relative strength versus the benchmark looked favorable. 1-month excess return 0.73%; 3-month excess return 13.04%; 6-month excess return 44.70%."
2025-11-20,IQV,0.5356196819540299,,5.941685717018652,hit,linear_regression,target_5d_return,regression,5,"Technical state is constructive, with price above the 50-day and 200-day averages. RSI is in a steady zone near 56.7. MACD remains on the bearish side.",No recent matched news was found for this ticker/date.,Relative strength versus the benchmark looked favorable. 1-month excess return 1.94%; 3-month excess return 12.44%; 6-month excess return 45.35%.,"Model view: the forward return estimate was mildly positive at about 0.54%. Confidence was not explicitly available for this prediction. Technical state is constructive, with price above the 50-day and 200-day averages. RSI is in a steady zone near 56.7. MACD remains on the bearish side. No recent matched news was found for this ticker/date. Relative strength versus the benchmark looked favorable. 1-month excess return 1.94%; 3-month excess return 12.44%; 6-month excess return 45.35%."
2025-11-21,IQV,0.17670597527278015,,1.587375465142049,hit,linear_regression,target_5d_return,regression,5,"Technical state is constructive, with price above the 50-day and 200-day averages. MACD remains on the bearish side.",No recent matched news was found for this ticker/date.,Relative strength versus the benchmark looked favorable. 1-month excess return 4.13%; 3-month excess return 17.04%; 6-month excess return 50.35%.,"Model view: the forward return estimate was mildly positive at about 0.18%. Confidence was not explicitly available for this prediction. Technical state is constructive, with price above the 50-day and 200-day averages. MACD remains on the bearish side. No recent matched news was found for this ticker/date. Relative strength versus the benchmark looked favorable. 1-month excess return 4.13%; 3-month excess return 17.04%; 6-month excess return 50.35%."
2025-11-24,IQV,0.21744234540941515,,-1.1175334713030671,miss,linear_regression,target_5d_return,regression,5,"Technical state is constructive, with price above the 50-day and 200-day averages. MACD remains on the bullish side.",No recent matched news was found for this ticker/date.,Relative strength versus the benchmark looked favorable. 1-month excess return 4.70%; 3-month excess return 17.84%; 6-month excess return 49.18%.,"Model view: the forward return estimate was mildly positive at about 0.22%. Confidence was not explicitly available for this prediction. Technical state is constructive, with price above the 50-day and 200-day averages. MACD remains on the bullish side. No recent matched news was found for this ticker/date. Relative strength versus the benchmark looked favorable. 1-month excess return 4.70%; 3-month excess return 17.84%; 6-month excess return 49.18%."
2025-11-25,IQV,-0.39147121599646245,,-2.0179340775831056,hit,linear_regression,target_5d_return,regression,5,"Technical state is constructive, with price above the 50-day and 200-day averages. RSI is elevated near 72.1, so chasing strength may add risk. MACD remains on the bullish side.",No recent matched news was found for this ticker/date.,Relative strength versus the benchmark looked favorable. 1-month excess return 8.15%; 3-month excess return 18.42%; 6-month excess return 52.23%.,"Model view: the forward return estimate was mildly negative at about -0.39%. Confidence was not explicitly available for this prediction. Technical state is constructive, with price above the 50-day and 200-day averages. RSI is elevated near 72.1, so chasing strength may add risk. MACD remains on the bullish side. No recent matched news was found for this ticker/date. Relative strength versus the benchmark looked favorable. 1-month excess return 8.15%; 3-month excess return 18.42%; 6-month excess return 52.23%."
2025-11-26,IQV,-0.0157557297986005,,-2.9680779949240454,hit,linear_regression,target_5d_return,regression,5,"Technical state is constructive, with price above the 50-day and 200-day averages. RSI is elevated near 71.8, so chasing strength may add risk. MACD remains on the bullish side.",No recent matched news was found for this ticker/date.,Relative strength versus the benchmark looked favorable. 1-month excess return 7.33%; 3-month excess return 18.05%; 6-month excess return 49.14%.,"Model view: the forward return estimate was mildly negative at about -0.02%. Confidence was not explicitly available for this prediction. Technical state is constructive, with price above the 50-day and 200-day averages. RSI is elevated near 71.8, so chasing strength may add risk. MACD remains on the bullish side. No recent matched news was found for this ticker/date. Relative strength versus the benchmark looked favorable. 1-month excess return 7.33%; 3-month excess return 18.05%; 6-month excess return 49.14%."
2025-11-28,IQV,0.7777323979208248,,-1.8086120180297982,miss,linear_regression,target_5d_return,regression,5,"Technical state is constructive, with price above the 50-day and 200-day averages. MACD remains on the bullish side.",No recent matched news was found for this ticker/date.,Relative strength versus the benchmark looked favorable. 1-month excess return 6.15%; 3-month excess return 14.59%; 6-month excess return 47.91%.,"Model view: the forward return estimate was mildly positive at about 0.78%. Confidence was not explicitly available for this prediction. Technical state is constructive, with price above the 50-day and 200-day averages. MACD remains on the bullish side. No recent matched news was found for this ticker/date. Relative strength versus the benchmark looked favorable. 1-month excess return 6.15%; 3-month excess return 14.59%; 6-month excess return 47.91%."
2025-12-01,IQV,-0.4129821934057832,,-2.1446990284518574,hit,linear_regression,target_5d_return,regression,5,"Technical state is constructive, with price above the 50-day and 200-day averages. MACD remains on the bullish side.",No recent matched news was found for this ticker/date.,Relative strength versus the benchmark looked favorable. 1-month excess return 5.50%; 3-month excess return 18.09%; 6-month excess return 49.46%.,"Model view: the forward return estimate was mildly negative at about -0.41%. Confidence was not explicitly available for this prediction. Technical state is constructive, with price above the 50-day and 200-day averages. MACD remains on the bullish side. No recent matched news was found for this ticker/date. Relative strength versus the benchmark looked favorable. 1-month excess return 5.50%; 3-month excess return 18.09%; 6-month excess return 49.46%."
2025-12-02,IQV,0.15196840512990956,,-3.3550534771075613,miss,linear_regression,target_5d_return,regression,5,"Technical state is constructive, with price above the 50-day and 200-day averages. RSI is in a steady zone near 59.6. MACD remains on the bullish side.",No recent matched news was found for this ticker/date.,Relative strength versus the benchmark looked favorable. 1-month excess return 4.31%; 3-month excess return 16.32%; 6-month excess return 43.69%.,"Model view: the forward return estimate was mildly positive at about 0.15%. Confidence was not explicitly available for this prediction. Technical state is constructive, with price above the 50-day and 200-day averages. RSI is in a steady zone near 59.6. MACD remains on the bullish side. No recent matched news was found for this ticker/date. Relative strength versus the benchmark looked favorable. 1-month excess return 4.31%; 3-month excess return 16.32%; 6-month excess return 43.69%."
2025-12-03,IQV,0.7014488996803963,,-1.9010769317855503,miss,linear_regression,target_5d_return,regression,5,"Technical state is constructive, with price above the 50-day and 200-day averages. RSI is in a steady zone near 61.6. MACD remains on the bullish side.",No recent matched news was found for this ticker/date.,Relative strength versus the benchmark looked favorable. 1-month excess return 6.17%; 3-month excess return 18.05%; 6-month excess return 38.83%.,"Model view: the forward return estimate was mildly positive at about 0.70%. Confidence was not explicitly available for this prediction. Technical state is constructive, with price above the 50-day and 200-day averages. RSI is in a steady zone near 61.6. MACD remains on the bullish side. No recent matched news was found for this ticker/date. Relative strength versus the benchmark looked favorable. 1-month excess return 6.17%; 3-month excess return 18.05%; 6-month excess return 38.83%."
2025-12-04,IQV,-0.20318220167379825,,0.47127759524412394,miss,linear_regression,target_5d_return,regression,5,"Technical state is constructive, with price above the 50-day and 200-day averages. RSI is in a steady zone near 57.3. MACD remains on the bearish side.",No recent matched news was found for this ticker/date.,Relative strength versus the benchmark looked favorable. 1-month excess return 5.28%; 3-month excess return 14.07%; 6-month excess return 37.17%.,"Model view: the forward return estimate was mildly negative at about -0.20%. Confidence was not explicitly available for this prediction. Technical state is constructive, with price above the 50-day and 200-day averages. RSI is in a steady zone near 57.3. MACD remains on the bearish side. No recent matched news was found for this ticker/date. Relative strength versus the benchmark looked favorable. 1-month excess return 5.28%; 3-month excess return 14.07%; 6-month excess return 37.17%."
2025-12-05,IQV,1.0257281818330128,,-1.5895556783975695,miss,linear_regression,target_5d_return,regression,5,"Technical state is constructive, with price above the 50-day and 200-day averages. RSI is in a steady zone near 58.5. MACD remains on the bearish side.",No recent matched news was found for this ticker/date.,Relative strength versus the benchmark looked favorable. 1-month excess return 6.26%; 3-month excess return 14.64%; 6-month excess return 33.78%.,"Model view: the forward return estimate was mildly positive at about 1.03%. Confidence was not explicitly available for this prediction. Technical state is constructive, with price above the 50-day and 200-day averages. RSI is in a steady zone near 58.5. MACD remains on the bearish side. No recent matched news was found for this ticker/date. Relative strength versus the benchmark looked favorable. 1-month excess return 6.26%; 3-month excess return 14.64%; 6-month excess return 33.78%."
2025-12-08,IQV,1.412010885797968,,0.026836139297858885,hit,linear_regression,target_5d_return,regression,5,"Technical state is constructive, with price above the 50-day and 200-day averages. RSI is in a steady zone near 54.3. MACD remains on the bearish side.",No recent matched news was found for this ticker/date.,Relative strength versus the benchmark looked favorable. 1-month excess return 4.02%; 3-month excess return 12.76%; 6-month excess return 31.00%.,"Model view: the forward return estimate was mildly positive at about 1.41%. Confidence was not explicitly available for this prediction. Technical state is constructive, with price above the 50-day and 200-day averages. RSI is in a steady zone near 54.3. MACD remains on the bearish side. No recent matched news was found for this ticker/date. Relative strength versus the benchmark looked favorable. 1-month excess return 4.02%; 3-month excess return 12.76%; 6-month excess return 31.00%."
2025-12-09,IQV,1.4405646959836098,,1.6600913316138,hit,linear_regression,target_5d_return,regression,5,"Technical state is constructive, with price above the 50-day and 200-day averages. MACD remains on the bearish side.",No recent matched news was found for this ticker/date.,Relative strength versus the benchmark looked favorable. 1-month excess return 1.79%; 3-month excess return 13.86%; 6-month excess return 23.19%.,"Model view: the forward return estimate was mildly positive at about 1.44%. Confidence was not explicitly available for this prediction. Technical state is constructive, with price above the 50-day and 200-day averages. MACD remains on the bearish side. No recent matched news was found for this ticker/date. Relative strength versus the benchmark looked favorable. 1-month excess return 1.79%; 3-month excess return 13.86%; 6-month excess return 23.19%."
2025-12-10,IQV,0.6023582022203471,,-0.6684036898451873,miss,linear_regression,target_5d_return,regression,5,"Technical state is constructive, with price above the 50-day and 200-day averages. RSI is in a steady zone near 52.8. MACD remains on the bearish side.",No recent matched news was found for this ticker/date.,Relative strength versus the benchmark looked favorable. 1-month excess return 3.72%; 3-month excess return 12.34%; 6-month excess return 26.01%.,"Model view: the forward return estimate was mildly positive at about 0.60%. Confidence was not explicitly available for this prediction. Technical state is constructive, with price above the 50-day and 200-day averages. RSI is in a steady zone near 52.8. MACD remains on the bearish side. No recent matched news was found for this ticker/date. Relative strength versus the benchmark looked favorable. 1-month excess return 3.72%; 3-month excess return 12.34%; 6-month excess return 26.01%."
2025-12-11,IQV,0.6050871054585756,,-1.5311051953686206,miss,linear_regression,target_5d_return,regression,5,"Technical state is constructive, with price above the 50-day and 200-day averages. RSI is in a steady zone near 56.6. MACD remains on the bearish side.",No recent matched news was found for this ticker/date.,Relative strength versus the benchmark looked favorable. 1-month excess return 2.49%; 3-month excess return 15.86%; 6-month excess return 27.82%.,"Model view: the forward return estimate was mildly positive at about 0.61%. Confidence was not explicitly available for this prediction. Technical state is constructive, with price above the 50-day and 200-day averages. RSI is in a steady zone near 56.6. MACD remains on the bearish side. No recent matched news was found for this ticker/date. Relative strength versus the benchmark looked favorable. 1-month excess return 2.49%; 3-month excess return 15.86%; 6-month excess return 27.82%."
2025-12-12,IQV,0.6443359065130025,,-0.7063763629227449,miss,linear_regression,target_5d_return,regression,5,"Technical state is constructive, with price above the 50-day and 200-day averages. RSI is in a steady zone near 51.2. MACD remains on the bearish side.",No recent matched news was found for this ticker/date.,Relative strength versus the benchmark looked favorable. 1-month excess return 0.84%; 3-month excess return 16.34%; 6-month excess return 27.43%.,"Model view: the forward return estimate was mildly positive at about 0.64%. Confidence was not explicitly available for this prediction. Technical state is constructive, with price above the 50-day and 200-day averages. RSI is in a steady zone near 51.2. MACD remains on the bearish side. No recent matched news was found for this ticker/date. Relative strength versus the benchmark looked favorable. 1-month excess return 0.84%; 3-month excess return 16.34%; 6-month excess return 27.43%."
2025-12-15,IQV,0.868916293748747,,0.3308993508106317,hit,linear_regression,target_5d_return,regression,5,"Technical state is constructive, with price above the 50-day and 200-day averages. RSI is in a steady zone near 53.0. MACD remains on the bearish side.",No recent matched news was found for this ticker/date.,Relative strength versus the benchmark looked mixed. 1-month excess return -1.25%; 3-month excess return 16.55%; 6-month excess return 27.45%.,"Model view: the forward return estimate was mildly positive at about 0.87%. Confidence was not explicitly available for this prediction. Technical state is constructive, with price above the 50-day and 200-day averages. RSI is in a steady zone near 53.0. MACD remains on the bearish side. No recent matched news was found for this ticker/date. Relative strength versus the benchmark looked mixed. 1-month excess return -1.25%; 3-month excess return 16.55%; 6-month excess return 27.45%."
2025-12-16,IQV,1.3617424528902835,,1.565319981663027,hit,linear_regression,target_5d_return,regression,5,"Technical state is constructive, with price above the 50-day and 200-day averages. RSI is in a steady zone near 50.2. MACD remains on the bearish side.",No recent matched news was found for this ticker/date.,Relative strength versus the benchmark looked mixed. 1-month excess return -0.55%; 3-month excess return 15.75%; 6-month excess return 30.23%.,"Model view: the forward return estimate was mildly positive at about 1.36%. Confidence was not explicitly available for this prediction. Technical state is constructive, with price above the 50-day and 200-day averages. RSI is in a steady zone near 50.2. MACD remains on the bearish side. No recent matched news was found for this ticker/date. Relative strength versus the benchmark looked mixed. 1-month excess return -0.55%; 3-month excess return 15.75%; 6-month excess return 30.23%."
2025-12-17,IQV,0.8228727710280294,,2.0728951580648802,hit,linear_regression,target_5d_return,regression,5,"Technical state is constructive, with price above the 50-day and 200-day averages. MACD remains on the bearish side.",No recent matched news was found for this ticker/date.,Relative strength versus the benchmark looked favorable. 1-month excess return 1.59%; 3-month excess return 15.04%; 6-month excess return 30.82%.,"Model view: the forward return estimate was mildly positive at about 0.82%. Confidence was not explicitly available for this prediction. Technical state is constructive, with price above the 50-day and 200-day averages. MACD remains on the bearish side. No recent matched news was found for this ticker/date. Relative strength versus the benchmark looked favorable. 1-month excess return 1.59%; 3-month excess return 15.04%; 6-month excess return 30.82%."
2025-12-18,IQV,1.0236735248769933,,1.9773475696579945,hit,linear_regression,target_5d_return,regression,5,"Technical state is constructive, with price above the 50-day and 200-day averages. RSI is in a steady zone near 51.5. MACD remains on the bearish side.",No recent matched news was found for this ticker/date.,Relative strength versus the benchmark looked favorable. 1-month excess return -0.06%; 3-month excess return 17.18%; 6-month excess return 30.25%.,"Model view: the forward return estimate was mildly positive at about 1.02%. Confidence was not explicitly available for this prediction. Technical state is constructive, with price above the 50-day and 200-day averages. RSI is in a steady zone near 51.5. MACD remains on the bearish side. No recent matched news was found for this ticker/date. Relative strength versus the benchmark looked favorable. 1-month excess return -0.06%; 3-month excess return 17.18%; 6-month excess return 30.25%."
2025-12-19,IQV,-0.7081273728012644,,2.9090570927198467,miss,linear_regression,target_5d_return,regression,5,"Technical state is constructive, with price above the 50-day and 200-day averages. MACD remains on the bearish side.",No recent matched news was found for this ticker/date.,Relative strength versus the benchmark looked mixed. 1-month excess return -1.54%; 3-month excess return 15.41%; 6-month excess return 28.82%.,"Model view: the forward return estimate was mildly negative at about -0.71%. Confidence was not explicitly available for this prediction. Technical state is constructive, with price above the 50-day and 200-day averages. MACD remains on the bearish side. No recent matched news was found for this ticker/date. Relative strength versus the benchmark looked mixed. 1-month excess return -1.54%; 3-month excess return 15.41%; 6-month excess return 28.82%."
2025-12-22,IQV,0.4055437645313405,,1.479702008499273,hit,linear_regression,target_5d_return,regression,5,"Technical state is constructive, with price above the 50-day and 200-day averages. RSI is in a steady zone near 54.2. MACD remains on the bearish side.",No recent matched news was found for this ticker/date.,Relative strength versus the benchmark looked favorable. 1-month excess return -1.62%; 3-month excess return 17.36%; 6-month excess return 28.92%.,"Model view: the forward return estimate was mildly positive at about 0.41%. Confidence was not explicitly available for this prediction. Technical state is constructive, with price above the 50-day and 200-day averages. RSI is in a steady zone near 54.2. MACD remains on the bearish side. No recent matched news was found for this ticker/date. Relative strength versus the benchmark looked favorable. 1-month excess return -1.62%; 3-month excess return 17.36%; 6-month excess return 28.92%."
2025-12-23,IQV,0.3977549677351349,,0.1154829103590993,hit,linear_regression,target_5d_return,regression,5,"Technical state is constructive, with price above the 50-day and 200-day averages. RSI is in a steady zone near 55.3. MACD remains on the bearish side.",No recent matched news was found for this ticker/date.,Relative strength versus the benchmark looked favorable. 1-month excess return -4.30%; 3-month excess return 20.43%; 6-month excess return 28.83%.,"Model view: the forward return estimate was mildly positive at about 0.40%. Confidence was not explicitly available for this prediction. Technical state is constructive, with price above the 50-day and 200-day averages. RSI is in a steady zone near 55.3. MACD remains on the bearish side. No recent matched news was found for this ticker/date. Relative strength versus the benchmark looked favorable. 1-month excess return -4.30%; 3-month excess return 20.43%; 6-month excess return 28.83%."
2025-12-24,IQV,0.25878627491867734,,-0.28758921466520704,miss,linear_regression,target_5d_return,regression,5,"Technical state is constructive, with price above the 50-day and 200-day averages. RSI is in a steady zone near 56.6. MACD remains on the bearish side.",No recent matched news was found for this ticker/date.,Relative strength versus the benchmark looked mixed. 1-month excess return -4.17%; 3-month excess return 23.27%; 6-month excess return 30.39%.,"Model view: the forward return estimate was mildly positive at about 0.26%. Confidence was not explicitly available for this prediction. Technical state is constructive, with price above the 50-day and 200-day averages. RSI is in a steady zone near 56.6. MACD remains on the bearish side. No recent matched news was found for this ticker/date. Relative strength versus the benchmark looked mixed. 1-month excess return -4.17%; 3-month excess return 23.27%; 6-month excess return 30.39%."
2025-12-26,IQV,0.23456906366499242,,3.3800450514876568,hit,linear_regression,target_5d_return,regression,5,"Technical state is constructive, with price above the 50-day and 200-day averages. RSI is in a steady zone near 57.9. MACD remains on the bearish side.",No recent matched news was found for this ticker/date.,Relative strength versus the benchmark looked mixed. 1-month excess return -4.44%; 3-month excess return 22.33%; 6-month excess return 32.13%.,"Model view: the forward return estimate was mildly positive at about 0.23%. Confidence was not explicitly available for this prediction. Technical state is constructive, with price above the 50-day and 200-day averages. RSI is in a steady zone near 57.9. MACD remains on the bearish side. No recent matched news was found for this ticker/date. Relative strength versus the benchmark looked mixed. 1-month excess return -4.44%; 3-month excess return 22.33%; 6-month excess return 32.13%."
2025-12-29,IQV,0.6690089201075015,,5.909030043978447,hit,linear_regression,target_5d_return,regression,5,"Technical state is constructive, with price above the 50-day and 200-day averages. RSI is in a steady zone near 58.2. MACD remains on the bearish side.",No recent matched news was found for this ticker/date.,Relative strength versus the benchmark looked mixed. 1-month excess return -3.25%; 3-month excess return 21.99%; 6-month excess return 32.75%.,"Model view: the forward return estimate was mildly positive at about 0.67%. Confidence was not explicitly available for this prediction. Technical state is constructive, with price above the 50-day and 200-day averages. RSI is in a steady zone near 58.2. MACD remains on the bearish side. No recent matched news was found for this ticker/date. Relative strength versus the benchmark looked mixed. 1-month excess return -3.25%; 3-month excess return 21.99%; 6-month excess return 32.75%."
2025-12-30,IQV,1.0680388522505742,,7.2906103327915694,hit,linear_regression,target_5d_return,regression,5,"Technical state is constructive, with price above the 50-day and 200-day averages. RSI is in a steady zone near 59.1. MACD remains on the bullish side.",No recent matched news was found for this ticker/date.,Relative strength versus the benchmark looked mixed. 1-month excess return -1.54%; 3-month excess return 16.72%; 6-month excess return 28.76%.,"Model view: the forward return estimate was mildly positive at about 1.07%. Confidence was not explicitly available for this prediction. Technical state is constructive, with price above the 50-day and 200-day averages. RSI is in a steady zone near 59.1. MACD remains on the bullish side. No recent matched news was found for this ticker/date. Relative strength versus the benchmark looked mixed. 1-month excess return -1.54%; 3-month excess return 16.72%; 6-month excess return 28.76%."
2025-12-31,IQV,1.5444051788484363,,7.887848139139897,hit,linear_regression,target_5d_return,regression,5,"Technical state is constructive, with price above the 50-day and 200-day averages. RSI is in a steady zone near 54.0. MACD remains on the bearish side.",No recent matched news was found for this ticker/date.,Relative strength versus the benchmark looked mixed. 1-month excess return -1.60%; 3-month excess return 8.57%; 6-month excess return 26.94%.,"Model view: the forward return estimate was mildly positive at about 1.54%. Confidence was not explicitly available for this prediction. Technical state is constructive, with price above the 50-day and 200-day averages. RSI is in a steady zone near 54.0. MACD remains on the bearish side. No recent matched news was found for this ticker/date. Relative strength versus the benchmark looked mixed. 1-month excess return -1.60%; 3-month excess return 8.57%; 6-month excess return 26.94%."
2026-01-02,IQV,1.2789360686793185,,7.560903808894981,hit,linear_regression,target_5d_return,regression,5,"Technical state is constructive, with price above the 50-day and 200-day averages. RSI is in a steady zone near 53.9. MACD remains on the bearish side.",No recent matched news was found for this ticker/date.,Relative strength versus the benchmark looked mixed. 1-month excess return -0.39%; 3-month excess return 8.17%; 6-month excess return 27.99%.,"Model view: the forward return estimate was mildly positive at about 1.28%. Confidence was not explicitly available for this prediction. Technical state is constructive, with price above the 50-day and 200-day averages. RSI is in a steady zone near 53.9. MACD remains on the bearish side. No recent matched news was found for this ticker/date. Relative strength versus the benchmark looked mixed. 1-month excess return -0.39%; 3-month excess return 8.17%; 6-month excess return 27.99%."
2026-01-05,IQV,-0.20647088806875213,,2.672750061954887,miss,linear_regression,target_5d_return,regression,5,"Technical state is constructive, with price above the 50-day and 200-day averages. MACD remains on the bullish side.",No recent matched news was found for this ticker/date.,Relative strength versus the benchmark looked favorable. 1-month excess return 2.65%; 3-month excess return 10.74%; 6-month excess return 33.57%.,"Model view: the forward return estimate was mildly negative at about -0.21%. Confidence was not explicitly available for this prediction. Technical state is constructive, with price above the 50-day and 200-day averages. MACD remains on the bullish side. No recent matched news was found for this ticker/date. Relative strength versus the benchmark looked favorable. 1-month excess return 2.65%; 3-month excess return 10.74%; 6-month excess return 33.57%."
2026-01-06,IQV,-0.8123001367700676,,0.4323820522180055,miss,linear_regression,target_5d_return,regression,5,"Technical state is constructive, with price above the 50-day and 200-day averages. RSI is elevated near 72.6, so chasing strength may add risk. MACD remains on the bullish side.",No recent matched news was found for this ticker/date.,Relative strength versus the benchmark looked favorable. 1-month excess return 5.84%; 3-month excess return 14.27%; 6-month excess return 34.67%.,"Model view: the forward return estimate was mildly negative at about -0.81%. Confidence was not explicitly available for this prediction. Technical state is constructive, with price above the 50-day and 200-day averages. RSI is elevated near 72.6, so chasing strength may add risk. MACD remains on the bullish side. No recent matched news was found for this ticker/date. Relative strength versus the benchmark looked favorable. 1-month excess return 5.84%; 3-month excess return 14.27%; 6-month excess return 34.67%."
2026-01-07,IQV,-1.09461851392213,,-1.203482444396986,hit,linear_regression,target_5d_return,regression,5,"Technical state is constructive, with price above the 50-day and 200-day averages. RSI is elevated near 75.4, so chasing strength may add risk. MACD remains on the bullish side.",No recent matched news was found for this ticker/date.,Relative strength versus the benchmark looked favorable. 1-month excess return 7.58%; 3-month excess return 18.54%; 6-month excess return 40.22%.,"Model view: the forward return estimate was mildly negative at about -1.09%. Confidence was not explicitly available for this prediction. Technical state is constructive, with price above the 50-day and 200-day averages. RSI is elevated near 75.4, so chasing strength may add risk. MACD remains on the bullish side. No recent matched news was found for this ticker/date. Relative strength versus the benchmark looked favorable. 1-month excess return 7.58%; 3-month excess return 18.54%; 6-month excess return 40.22%."
2026-01-08,IQV,0.010818725605480264,,-0.7853956342508628,miss,linear_regression,target_5d_return,regression,5,"Technical state is constructive, with price above the 50-day and 200-day averages. RSI is elevated near 73.0, so chasing strength may add risk. MACD remains on the bullish side.",No recent matched news was found for this ticker/date.,Relative strength versus the benchmark looked favorable. 1-month excess return 7.91%; 3-month excess return 18.76%; 6-month excess return 36.70%.,"Model view: the forward return estimate was mildly positive at about 0.01%. Confidence was not explicitly available for this prediction. Technical state is constructive, with price above the 50-day and 200-day averages. RSI is elevated near 73.0, so chasing strength may add risk. MACD remains on the bullish side. No recent matched news was found for this ticker/date. Relative strength versus the benchmark looked favorable. 1-month excess return 7.91%; 3-month excess return 18.76%; 6-month excess return 36.70%."
2026-01-09,IQV,-0.0022976333370169216,,-1.9512441379775702,hit,linear_regression,target_5d_return,regression,5,"Technical state is constructive, with price above the 50-day and 200-day averages. RSI is elevated near 71.4, so chasing strength may add risk. MACD remains on the bullish side.",No recent matched news was found for this ticker/date.,Relative strength versus the benchmark looked favorable. 1-month excess return 9.54%; 3-month excess return 15.98%; 6-month excess return 37.55%.,"Model view: the forward return estimate was mildly negative at about -0.00%. Confidence was not explicitly available for this prediction. Technical state is constructive, with price above the 50-day and 200-day averages. RSI is elevated near 71.4, so chasing strength may add risk. MACD remains on the bullish side. No recent matched news was found for this ticker/date. Relative strength versus the benchmark looked favorable. 1-month excess return 9.54%; 3-month excess return 15.98%; 6-month excess return 37.55%."
2026-01-12,IQV,0.11028036930486644,,-2.9768322472706887,miss,linear_regression,target_5d_return,regression,5,"Technical state is constructive, with price above the 50-day and 200-day averages. MACD remains on the bullish side.",No recent matched news was found for this ticker/date.,Relative strength versus the benchmark looked favorable. 1-month excess return 6.91%; 3-month excess return 15.08%; 6-month excess return 39.10%.,"Model view: the forward return estimate was mildly positive at about 0.11%. Confidence was not explicitly available for this prediction. Technical state is constructive, with price above the 50-day and 200-day averages. MACD remains on the bullish side. No recent matched news was found for this ticker/date. Relative strength versus the benchmark looked favorable. 1-month excess return 6.91%; 3-month excess return 15.08%; 6-month excess return 39.10%."
2026-01-13,IQV,0.12526698069430192,,-0.07037853317037879,miss,linear_regression,target_5d_return,regression,5,"Technical state is constructive, with price above the 50-day and 200-day averages. MACD remains on the bullish side.",No recent matched news was found for this ticker/date.,Relative strength versus the benchmark looked favorable. 1-month excess return 6.22%; 3-month excess return 13.89%; 6-month excess return 41.63%.,"Model view: the forward return estimate was mildly positive at about 0.13%. Confidence was not explicitly available for this prediction. Technical state is constructive, with price above the 50-day and 200-day averages. MACD remains on the bullish side. No recent matched news was found for this ticker/date. Relative strength versus the benchmark looked favorable. 1-month excess return 6.22%; 3-month excess return 13.89%; 6-month excess return 41.63%."
2026-01-14,IQV,0.1336600286707495,,-0.952974101343651,miss,linear_regression,target_5d_return,regression,5,"Technical state is constructive, with price above the 50-day and 200-day averages. MACD remains on the bullish side.",No recent matched news was found for this ticker/date.,Relative strength versus the benchmark looked favorable. 1-month excess return 7.30%; 3-month excess return 13.57%; 6-month excess return 41.47%.,"Model view: the forward return estimate was mildly positive at about 0.13%. Confidence was not explicitly available for this prediction. Technical state is constructive, with price above the 50-day and 200-day averages. MACD remains on the bullish side. No recent matched news was found for this ticker/date. Relative strength versus the benchmark looked favorable. 1-month excess return 7.30%; 3-month excess return 13.57%; 6-month excess return 41.47%."
2026-01-15,IQV,0.7487892386200256,,-2.474304231974067,miss,linear_regression,target_5d_return,regression,5,"Technical state is constructive, with price above the 50-day and 200-day averages. MACD remains on the bullish side.",No recent matched news was found for this ticker/date.,Relative strength versus the benchmark looked favorable. 1-month excess return 6.19%; 3-month excess return 14.67%; 6-month excess return 37.50%.,"Model view: the forward return estimate was mildly positive at about 0.75%. Confidence was not explicitly available for this prediction. Technical state is constructive, with price above the 50-day and 200-day averages. MACD remains on the bullish side. No recent matched news was found for this ticker/date. Relative strength versus the benchmark looked favorable. 1-month excess return 6.19%; 3-month excess return 14.67%; 6-month excess return 37.50%."
2026-01-16,IQV,0.7215161071511514,,0.7362841021234745,hit,linear_regression,target_5d_return,regression,5,"Technical state is constructive, with price above the 50-day and 200-day averages. RSI is in a steady zone near 59.5. MACD remains on the bullish side.",No recent matched news was found for this ticker/date.,Relative strength versus the benchmark looked favorable. 1-month excess return 5.31%; 3-month excess return 10.79%; 6-month excess return 37.71%.,"Model view: the forward return estimate was mildly positive at about 0.72%. Confidence was not explicitly available for this prediction. Technical state is constructive, with price above the 50-day and 200-day averages. RSI is in a steady zone near 59.5. MACD remains on the bullish side. No recent matched news was found for this ticker/date. Relative strength versus the benchmark looked favorable. 1-month excess return 5.31%; 3-month excess return 10.79%; 6-month excess return 37.71%."
2026-01-20,IQV,0.5314705094762876,,3.1451883982796636,hit,linear_regression,target_5d_return,regression,5,"Technical state is constructive, with price above the 50-day and 200-day averages. RSI is in a steady zone near 51.8. MACD remains on the bearish side.",No recent matched news was found for this ticker/date.,Relative strength versus the benchmark looked favorable. 1-month excess return 4.60%; 3-month excess return 12.22%; 6-month excess return 39.19%.,"Model view: the forward return estimate was mildly positive at about 0.53%. Confidence was not explicitly available for this prediction. Technical state is constructive, with price above the 50-day and 200-day averages. RSI is in a steady zone near 51.8. MACD remains on the bearish side. No recent matched news was found for this ticker/date. Relative strength versus the benchmark looked favorable. 1-month excess return 4.60%; 3-month excess return 12.22%; 6-month excess return 39.19%."
2026-01-21,IQV,1.0060290837268175,,-0.6793701040239797,miss,linear_regression,target_5d_return,regression,5,"Technical state is constructive, with price above the 50-day and 200-day averages. RSI is in a steady zone near 62.1. MACD remains on the bearish side.",No recent matched news was found for this ticker/date.,Relative strength versus the benchmark looked favorable. 1-month excess return 7.15%; 3-month excess return 11.72%; 6-month excess return 19.77%.,"Model view: the forward return estimate was mildly positive at about 1.01%. Confidence was not explicitly available for this prediction. Technical state is constructive, with price above the 50-day and 200-day averages. RSI is in a steady zone near 62.1. MACD remains on the bearish side. No recent matched news was found for this ticker/date. Relative strength versus the benchmark looked favorable. 1-month excess return 7.15%; 3-month excess return 11.72%; 6-month excess return 19.77%."
2026-01-22,IQV,0.6042879188719131,,-1.4348495673633832,miss,linear_regression,target_5d_return,regression,5,"Technical state is constructive, with price above the 50-day and 200-day averages. RSI is in a steady zone near 58.0. MACD remains on the bearish side.",No recent matched news was found for this ticker/date.,Relative strength versus the benchmark looked favorable. 1-month excess return 7.36%; 3-month excess return 6.65%; 6-month excess return 14.37%.,"Model view: the forward return estimate was mildly positive at about 0.60%. Confidence was not explicitly available for this prediction. Technical state is constructive, with price above the 50-day and 200-day averages. RSI is in a steady zone near 58.0. MACD remains on the bearish side. No recent matched news was found for this ticker/date. Relative strength versus the benchmark looked favorable. 1-month excess return 7.36%; 3-month excess return 6.65%; 6-month excess return 14.37%."
2026-01-23,IQV,1.322123462253533,,-2.1928535615340805,miss,linear_regression,target_5d_return,regression,5,"Technical state is constructive, with price above the 50-day and 200-day averages. RSI is in a steady zone near 52.2. MACD remains on the bearish side.",No recent matched news was found for this ticker/date.,Relative strength versus the benchmark looked favorable. 1-month excess return 4.22%; 3-month excess return 4.78%; 6-month excess return 8.50%.,"Model view: the forward return estimate was mildly positive at about 1.32%. Confidence was not explicitly available for this prediction. Technical state is constructive, with price above the 50-day and 200-day averages. RSI is in a steady zone near 52.2. MACD remains on the bearish side. No recent matched news was found for this ticker/date. Relative strength versus the benchmark looked favorable. 1-month excess return 4.22%; 3-month excess return 4.78%; 6-month excess return 8.50%."
2026-01-26,IQV,1.1088973194410612,,-3.424799398188194,miss,linear_regression,target_5d_return,regression,5,"Technical state is constructive, with price above the 50-day and 200-day averages. RSI is in a steady zone near 57.3. MACD remains on the bearish side.",No recent matched news was found for this ticker/date.,Relative strength versus the benchmark looked favorable. 1-month excess return 5.64%; 3-month excess return 5.69%; 6-month excess return 11.42%.,"Model view: the forward return estimate was mildly positive at about 1.11%. Confidence was not explicitly available for this prediction. Technical state is constructive, with price above the 50-day and 200-day averages. RSI is in a steady zone near 57.3. MACD remains on the bearish side. No recent matched news was found for this ticker/date. Relative strength versus the benchmark looked favorable. 1-month excess return 5.64%; 3-month excess return 5.69%; 6-month excess return 11.42%."
2026-01-27,IQV,0.2789919842524659,,-15.462159828983058,miss,linear_regression,target_5d_return,regression,5,"Technical state is constructive, with price above the 50-day and 200-day averages. RSI is in a steady zone near 59.1. MACD remains on the bearish side.",No recent matched news was found for this ticker/date.,Relative strength versus the benchmark looked favorable. 1-month excess return 5.87%; 3-month excess return 6.55%; 6-month excess return 12.62%.,"Model view: the forward return estimate was mildly positive at about 0.28%. Confidence was not explicitly available for this prediction. Technical state is constructive, with price above the 50-day and 200-day averages. RSI is in a steady zone near 59.1. MACD remains on the bearish side. No recent matched news was found for this ticker/date. Relative strength versus the benchmark looked favorable. 1-month excess return 5.87%; 3-month excess return 6.55%; 6-month excess return 12.62%."
2026-01-28,IQV,0.10676715022200094,,-15.523858055327878,miss,linear_regression,target_5d_return,regression,5,"Technical state is constructive, with price above the 50-day and 200-day averages. RSI is in a steady zone near 57.0. MACD remains on the bearish side.",No recent matched news was found for this ticker/date.,Relative strength versus the benchmark looked favorable. 1-month excess return 4.91%; 3-month excess return 8.75%; 6-month excess return 13.70%.,"Model view: the forward return estimate was mildly positive at about 0.11%. Confidence was not explicitly available for this prediction. Technical state is constructive, with price above the 50-day and 200-day averages. RSI is in a steady zone near 57.0. MACD remains on the bearish side. No recent matched news was found for this ticker/date. Relative strength versus the benchmark looked favorable. 1-month excess return 4.91%; 3-month excess return 8.75%; 6-month excess return 13.70%."
2026-01-29,IQV,0.6867163689888242,,-23.198365816167144,miss,linear_regression,target_5d_return,regression,5,"Technical state is constructive, with price above the 50-day and 200-day averages. RSI is in a steady zone near 50.7. MACD remains on the bearish side.",No recent matched news was found for this ticker/date.,Relative strength versus the benchmark looked favorable. 1-month excess return 2.85%; 3-month excess return 6.98%; 6-month excess return 13.57%.,"Model view: the forward return estimate was mildly positive at about 0.69%. Confidence was not explicitly available for this prediction. Technical state is constructive, with price above the 50-day and 200-day averages. RSI is in a steady zone near 50.7. MACD remains on the bearish side. No recent matched news was found for this ticker/date. Relative strength versus the benchmark looked favorable. 1-month excess return 2.85%; 3-month excess return 6.98%; 6-month excess return 13.57%."
2026-01-30,IQV,1.3509888088577517,,-18.53573301527337,miss,linear_regression,target_5d_return,regression,5,"Technical state is constructive, with price above the 50-day and 200-day averages. MACD remains on the bearish side.",No recent matched news was found for this ticker/date.,Relative strength versus the benchmark looked favorable. 1-month excess return 0.37%; 3-month excess return 4.98%; 6-month excess return 14.33%.,"Model view: the forward return estimate was mildly positive at about 1.35%. Confidence was not explicitly available for this prediction. Technical state is constructive, with price above the 50-day and 200-day averages. MACD remains on the bearish side. No recent matched news was found for this ticker/date. Relative strength versus the benchmark looked favorable. 1-month excess return 0.37%; 3-month excess return 4.98%; 6-month excess return 14.33%."
2026-02-02,IQV,1.4382273206635816,,-16.67603609872027,miss,linear_regression,target_5d_return,regression,5,"Technical state is constructive, with price above the 50-day and 200-day averages. MACD remains on the bearish side.",No recent matched news was found for this ticker/date.,Relative strength versus the benchmark looked favorable. 1-month excess return 0.58%; 3-month excess return 4.51%; 6-month excess return 14.80%.,"Model view: the forward return estimate was mildly positive at about 1.44%. Confidence was not explicitly available for this prediction. Technical state is constructive, with price above the 50-day and 200-day averages. MACD remains on the bearish side. No recent matched news was found for this ticker/date. Relative strength versus the benchmark looked favorable. 1-month excess return 0.58%; 3-month excess return 4.51%; 6-month excess return 14.80%."
2026-02-03,IQV,-1.2247523550940829,,-10.462780034941632,hit,linear_regression,target_5d_return,regression,5,"Technical state is mixed, with price not fully aligned across the major moving averages. RSI is weak near 25.8. MACD remains on the bearish side. Volatility is elevated at roughly 48.0%.",No recent matched news was found for this ticker/date.,Relative strength versus the benchmark looked weak. 1-month excess return -10.52%; 3-month excess return -7.00%; 6-month excess return 2.19%.,"Model view: the forward return estimate was mildly negative at about -1.22%. Confidence was not explicitly available for this prediction. Technical state is mixed, with price not fully aligned across the major moving averages. RSI is weak near 25.8. MACD remains on the bearish side. Volatility is elevated at roughly 48.0%. No recent matched news was found for this ticker/date. Relative strength versus the benchmark looked weak. 1-month excess return -10.52%; 3-month excess return -7.00%; 6-month excess return 2.19%."
2026-02-04,IQV,0.19434271863025082,,-12.52098422582888,miss,linear_regression,target_5d_return,regression,5,"Technical state is mixed, with price not fully aligned across the major moving averages. RSI is weak near 25.2. MACD remains on the bearish side. Volatility is elevated at roughly 46.5%.",No recent matched news was found for this ticker/date.,Relative strength versus the benchmark looked weak. 1-month excess return -13.42%; 3-month excess return -5.72%; 6-month excess return 0.84%.,"Model view: the forward return estimate was mildly positive at about 0.19%. Confidence was not explicitly available for this prediction. Technical state is mixed, with price not fully aligned across the major moving averages. RSI is weak near 25.2. MACD remains on the bearish side. Volatility is elevated at roughly 46.5%. No recent matched news was found for this ticker/date. Relative strength versus the benchmark looked weak. 1-month excess return -13.42%; 3-month excess return -5.72%; 6-month excess return 0.84%."
2026-02-05,IQV,0.5838434847571203,,-6.692086737982839,miss,linear_regression,target_5d_return,regression,5,"Technical state is soft, with price below the 50-day and 200-day averages. RSI is weak near 18.2. MACD remains on the bearish side. Volatility is elevated at roughly 57.2%.",No recent matched news was found for this ticker/date.,Relative strength versus the benchmark looked weak. 1-month excess return -22.71%; 3-month excess return -14.56%; 6-month excess return -5.17%.,"Model view: the forward return estimate was mildly positive at about 0.58%. Confidence was not explicitly available for this prediction. Technical state is soft, with price below the 50-day and 200-day averages. RSI is weak near 18.2. MACD remains on the bearish side. Volatility is elevated at roughly 57.2%. No recent matched news was found for this ticker/date. Relative strength versus the benchmark looked weak. 1-month excess return -22.71%; 3-month excess return -14.56%; 6-month excess return -5.17%."
2026-02-06,IQV,0.6920954655886387,,-10.960585871073047,miss,linear_regression,target_5d_return,regression,5,"Technical state is soft, with price below the 50-day and 200-day averages. RSI is weak near 25.0. MACD remains on the bearish side. Volatility is elevated at roughly 59.9%.",No recent matched news was found for this ticker/date.,Relative strength versus the benchmark looked weak. 1-month excess return -23.42%; 3-month excess return -12.76%; 6-month excess return -4.51%.,"Model view: the forward return estimate was mildly positive at about 0.69%. Confidence was not explicitly available for this prediction. Technical state is soft, with price below the 50-day and 200-day averages. RSI is weak near 25.0. MACD remains on the bearish side. Volatility is elevated at roughly 59.9%. No recent matched news was found for this ticker/date. Relative strength versus the benchmark looked weak. 1-month excess return -23.42%; 3-month excess return -12.76%; 6-month excess return -4.51%."
2026-02-09,IQV,0.7629951807176549,,-14.65199356195831,miss,linear_regression,target_5d_return,regression,5,"Technical state is mixed, with price not fully aligned across the major moving averages. RSI is weak near 30.0. MACD remains on the bearish side. Volatility is elevated at roughly 61.5%.",No recent matched news was found for this ticker/date.,Relative strength versus the benchmark looked weak. 1-month excess return -21.43%; 3-month excess return -12.19%; 6-month excess return -1.84%.,"Model view: the forward return estimate was mildly positive at about 0.76%. Confidence was not explicitly available for this prediction. Technical state is mixed, with price not fully aligned across the major moving averages. RSI is weak near 30.0. MACD remains on the bearish side. Volatility is elevated at roughly 61.5%. No recent matched news was found for this ticker/date. Relative strength versus the benchmark looked weak. 1-month excess return -21.43%; 3-month excess return -12.19%; 6-month excess return -1.84%."
2026-02-10,IQV,0.6708664178032027,,-6.242806018176905,miss,linear_regression,target_5d_return,regression,5,"Technical state is soft, with price below the 50-day and 200-day averages. RSI is weak near 26.3. MACD remains on the bearish side. Volatility is elevated at roughly 63.3%.",No recent matched news was found for this ticker/date.,Relative strength versus the benchmark looked weak. 1-month excess return -24.44%; 3-month excess return -16.48%; 6-month excess return -7.57%.,"Model view: the forward return estimate was mildly positive at about 0.67%. Confidence was not explicitly available for this prediction. Technical state is soft, with price below the 50-day and 200-day averages. RSI is weak near 26.3. MACD remains on the bearish side. Volatility is elevated at roughly 63.3%. No recent matched news was found for this ticker/date. Relative strength versus the benchmark looked weak. 1-month excess return -24.44%; 3-month excess return -16.48%; 6-month excess return -7.57%."
2026-02-11,IQV,0.3289456265048994,,-4.413586402918169,miss,linear_regression,target_5d_return,regression,5,"Technical state is soft, with price below the 50-day and 200-day averages. RSI is weak near 24.6. MACD remains on the bearish side. Volatility is elevated at roughly 63.2%.",No recent matched news was found for this ticker/date.,Relative strength versus the benchmark looked weak. 1-month excess return -25.97%; 3-month excess return -18.41%; 6-month excess return -12.41%.,"Model view: the forward return estimate was mildly positive at about 0.33%. Confidence was not explicitly available for this prediction. Technical state is soft, with price below the 50-day and 200-day averages. RSI is weak near 24.6. MACD remains on the bearish side. Volatility is elevated at roughly 63.2%. No recent matched news was found for this ticker/date. Relative strength versus the benchmark looked weak. 1-month excess return -25.97%; 3-month excess return -18.41%; 6-month excess return -12.41%."
2026-02-12,IQV,0.20679851660041743,,-1.9129469171282887,miss,linear_regression,target_5d_return,regression,5,"Technical state is soft, with price below the 50-day and 200-day averages. RSI is weak near 22.2. MACD remains on the bearish side. Volatility is elevated at roughly 64.0%.",No recent matched news was found for this ticker/date.,Relative strength versus the benchmark looked weak. 1-month excess return -28.29%; 3-month excess return -22.51%; 6-month excess return -16.92%.,"Model view: the forward return estimate was mildly positive at about 0.21%. Confidence was not explicitly available for this prediction. Technical state is soft, with price below the 50-day and 200-day averages. RSI is weak near 22.2. MACD remains on the bearish side. Volatility is elevated at roughly 64.0%. No recent matched news was found for this ticker/date. Relative strength versus the benchmark looked weak. 1-month excess return -28.29%; 3-month excess return -22.51%; 6-month excess return -16.92%."
2026-02-13,IQV,2.404010195170033,,-2.773454423805688,miss,linear_regression,target_5d_return,regression,5,"Technical state is soft, with price below the 50-day and 200-day averages. RSI is weak near 21.6. MACD remains on the bearish side. Volatility is elevated at roughly 63.7%.",No recent matched news was found for this ticker/date.,Relative strength versus the benchmark looked weak. 1-month excess return -29.56%; 3-month excess return -24.21%; 6-month excess return -17.60%.,"Model view: the forward return estimate was mildly positive at about 2.40%. Confidence was not explicitly available for this prediction. Technical state is soft, with price below the 50-day and 200-day averages. RSI is weak near 21.6. MACD remains on the bearish side. Volatility is elevated at roughly 63.7%. No recent matched news was found for this ticker/date. Relative strength versus the benchmark looked weak. 1-month excess return -29.56%; 3-month excess return -24.21%; 6-month excess return -17.60%."
2026-02-17,IQV,4.0405622104356835,,0.26757628002531675,hit,linear_regression,target_5d_return,regression,5,"Technical state is soft, with price below the 50-day and 200-day averages. RSI is weak near 20.9. MACD remains on the bearish side. Volatility is elevated at roughly 63.7%.",No recent matched news was found for this ticker/date.,Relative strength versus the benchmark looked weak. 1-month excess return -30.49%; 3-month excess return -28.06%; 6-month excess return -20.10%.,"Model view: the forward return estimate was mildly positive at about 4.04%. Confidence was not explicitly available for this prediction. Technical state is soft, with price below the 50-day and 200-day averages. RSI is weak near 20.9. MACD remains on the bearish side. Volatility is elevated at roughly 63.7%. No recent matched news was found for this ticker/date. Relative strength versus the benchmark looked weak. 1-month excess return -30.49%; 3-month excess return -28.06%; 6-month excess return -20.10%."
2026-02-18,IQV,3.832953146895312,,-5.3489968590407555,miss,linear_regression,target_5d_return,regression,5,"Technical state is soft, with price below the 50-day and 200-day averages. RSI is weak near 27.6. MACD remains on the bearish side. Volatility is elevated at roughly 67.0%.",No recent matched news was found for this ticker/date.,Relative strength versus the benchmark looked weak. 1-month excess return -27.25%; 3-month excess return -24.62%; 6-month excess return -17.88%.,"Model view: the forward return estimate was mildly positive at about 3.83%. Confidence was not explicitly available for this prediction. Technical state is soft, with price below the 50-day and 200-day averages. RSI is weak near 27.6. MACD remains on the bearish side. Volatility is elevated at roughly 67.0%. No recent matched news was found for this ticker/date. Relative strength versus the benchmark looked weak. 1-month excess return -27.25%; 3-month excess return -24.62%; 6-month excess return -17.88%."
2026-02-19,IQV,2.722483568869548,,0.7557857668185619,hit,linear_regression,target_5d_return,regression,5,"Technical state is soft, with price below the 50-day and 200-day averages. RSI is weak near 27.0. MACD remains on the bearish side. Volatility is elevated at roughly 64.6%.",No recent matched news was found for this ticker/date.,Relative strength versus the benchmark looked weak. 1-month excess return -28.55%; 3-month excess return -24.49%; 6-month excess return -18.99%.,"Model view: the forward return estimate was mildly positive at about 2.72%. Confidence was not explicitly available for this prediction. Technical state is soft, with price below the 50-day and 200-day averages. RSI is weak near 27.0. MACD remains on the bearish side. Volatility is elevated at roughly 64.6%. No recent matched news was found for this ticker/date. Relative strength versus the benchmark looked weak. 1-month excess return -28.55%; 3-month excess return -24.49%; 6-month excess return -18.99%."
2026-02-20,IQV,3.916060488747933,,7.964015716866446,hit,linear_regression,target_5d_return,regression,5,"Technical state is soft, with price below the 50-day and 200-day averages. RSI is weak near 25.6. MACD remains on the bearish side. Volatility is elevated at roughly 64.6%.",No recent matched news was found for this ticker/date.,Relative strength versus the benchmark looked weak. 1-month excess return -31.98%; 3-month excess return -28.23%; 6-month excess return -21.85%.,"Model view: the forward return estimate was mildly positive at about 3.92%. Confidence was not explicitly available for this prediction. Technical state is soft, with price below the 50-day and 200-day averages. RSI is weak near 25.6. MACD remains on the bearish side. Volatility is elevated at roughly 64.6%. No recent matched news was found for this ticker/date. Relative strength versus the benchmark looked weak. 1-month excess return -31.98%; 3-month excess return -28.23%; 6-month excess return -21.85%."
2026-02-23,IQV,4.02780179908726,,7.368619859383352,hit,linear_regression,target_5d_return,regression,5,"Technical state is soft, with price below the 50-day and 200-day averages. RSI is weak near 24.4. MACD remains on the bearish side. Volatility is elevated at roughly 64.6%.",No recent matched news was found for this ticker/date.,Relative strength versus the benchmark looked weak. 1-month excess return -31.16%; 3-month excess return -28.39%; 6-month excess return -19.87%.,"Model view: the forward return estimate was mildly positive at about 4.03%. Confidence was not explicitly available for this prediction. Technical state is soft, with price below the 50-day and 200-day averages. RSI is weak near 24.4. MACD remains on the bearish side. Volatility is elevated at roughly 64.6%. No recent matched news was found for this ticker/date. Relative strength versus the benchmark looked weak. 1-month excess return -31.16%; 3-month excess return -28.39%; 6-month excess return -19.87%."
2026-02-24,IQV,4.01047331511858,,5.507036367149709,hit,linear_regression,target_5d_return,regression,5,"Technical state is soft, with price below the 50-day and 200-day averages. RSI is weak near 27.3. MACD remains on the bearish side. Volatility is elevated at roughly 64.5%.",No recent matched news was found for this ticker/date.,Relative strength versus the benchmark looked weak. 1-month excess return -29.68%; 3-month excess return -29.43%; 6-month excess return -20.32%.,"Model view: the forward return estimate was mildly positive at about 4.01%. Confidence was not explicitly available for this prediction. Technical state is soft, with price below the 50-day and 200-day averages. RSI is weak near 27.3. MACD remains on the bearish side. Volatility is elevated at roughly 64.5%. No recent matched news was found for this ticker/date. Relative strength versus the benchmark looked weak. 1-month excess return -29.68%; 3-month excess return -29.43%; 6-month excess return -20.32%."
2026-02-25,IQV,3.392712975010165,,9.863504946878376,hit,linear_regression,target_5d_return,regression,5,"Technical state is soft, with price below the 50-day and 200-day averages. RSI is weak near 26.0. MACD remains on the bearish side. Volatility is elevated at roughly 63.8%.",No recent matched news was found for this ticker/date.,Relative strength versus the benchmark looked weak. 1-month excess return -32.45%; 3-month excess return -33.22%; 6-month excess return -21.81%.,"Model view: the forward return estimate was mildly positive at about 3.39%. Confidence was not explicitly available for this prediction. Technical state is soft, with price below the 50-day and 200-day averages. RSI is weak near 26.0. MACD remains on the bearish side. Volatility is elevated at roughly 63.8%. No recent matched news was found for this ticker/date. Relative strength versus the benchmark looked weak. 1-month excess return -32.45%; 3-month excess return -33.22%; 6-month excess return -21.81%."
2026-02-26,IQV,2.331662997555425,,4.606188841107306,hit,linear_regression,target_5d_return,regression,5,"Technical state is soft, with price below the 50-day and 200-day averages. RSI is weak near 35.2. MACD remains on the bearish side. Volatility is elevated at roughly 68.8%.",No recent matched news was found for this ticker/date.,Relative strength versus the benchmark looked weak. 1-month excess return -28.31%; 3-month excess return -28.31%; 6-month excess return -16.01%.,"Model view: the forward return estimate was mildly positive at about 2.33%. Confidence was not explicitly available for this prediction. Technical state is soft, with price below the 50-day and 200-day averages. RSI is weak near 35.2. MACD remains on the bearish side. Volatility is elevated at roughly 68.8%. No recent matched news was found for this ticker/date. Relative strength versus the benchmark looked weak. 1-month excess return -28.31%; 3-month excess return -28.31%; 6-month excess return -16.01%."
2026-02-27,IQV,2.233220434704537,,-2.415967856614998,miss,linear_regression,target_5d_return,regression,5,"Technical state is soft, with price below the 50-day and 200-day averages. MACD remains on the bullish side. Volatility is elevated at roughly 72.4%.",No recent matched news was found for this ticker/date.,Relative strength versus the benchmark looked weak. 1-month excess return -24.08%; 3-month excess return -24.57%; 6-month excess return -11.45%.,"Model view: the forward return estimate was mildly positive at about 2.23%. Confidence was not explicitly available for this prediction. Technical state is soft, with price below the 50-day and 200-day averages. MACD remains on the bullish side. Volatility is elevated at roughly 72.4%. No recent matched news was found for this ticker/date. Relative strength versus the benchmark looked weak. 1-month excess return -24.08%; 3-month excess return -24.57%; 6-month excess return -11.45%."
2026-03-02,IQV,6.019213215322597,,2.4559583831795573,hit,linear_regression,target_5d_return,regression,5,"Technical state is soft, with price below the 50-day and 200-day averages. RSI is weak near 39.8. MACD remains on the bullish side. Volatility is elevated at roughly 72.4%.",No recent matched news was found for this ticker/date.,Relative strength versus the benchmark looked weak. 1-month excess return -24.94%; 3-month excess return -25.83%; 6-month excess return -13.49%.,"Model view: the forward return estimate was mildly positive at about 6.02%. Confidence was not explicitly available for this prediction. Technical state is soft, with price below the 50-day and 200-day averages. RSI is weak near 39.8. MACD remains on the bullish side. Volatility is elevated at roughly 72.4%. No recent matched news was found for this ticker/date. Relative strength versus the benchmark looked weak. 1-month excess return -24.94%; 3-month excess return -25.83%; 6-month excess return -13.49%."
2026-03-03,IQV,6.363953437811657,,-1.7417877219732203,miss,linear_regression,target_5d_return,regression,5,"Technical state is soft, with price below the 50-day and 200-day averages. RSI is weak near 39.6. MACD remains on the bullish side. Volatility is elevated at roughly 72.3%.",No recent matched news was found for this ticker/date.,Relative strength versus the benchmark looked weak. 1-month excess return -22.76%; 3-month excess return -23.94%; 6-month excess return -14.33%.,"Model view: the forward return estimate was mildly positive at about 6.36%. Confidence was not explicitly available for this prediction. Technical state is soft, with price below the 50-day and 200-day averages. RSI is weak near 39.6. MACD remains on the bullish side. Volatility is elevated at roughly 72.3%. No recent matched news was found for this ticker/date. Relative strength versus the benchmark looked weak. 1-month excess return -22.76%; 3-month excess return -23.94%; 6-month excess return -14.33%."
2026-03-04,IQV,7.6134429246728095,,-3.541715133136103,miss,linear_regression,target_5d_return,regression,5,"Technical state is soft, with price below the 50-day and 200-day averages. MACD remains on the bullish side. Volatility is elevated at roughly 61.5%.",No recent matched news was found for this ticker/date.,Relative strength versus the benchmark looked weak. 1-month excess return -21.59%; 3-month excess return -22.89%; 6-month excess return -10.23%.,"Model view: the forward return estimate was mildly positive at about 7.61%. Confidence was not explicitly available for this prediction. Technical state is soft, with price below the 50-day and 200-day averages. MACD remains on the bullish side. Volatility is elevated at roughly 61.5%. No recent matched news was found for this ticker/date. Relative strength versus the benchmark looked weak. 1-month excess return -21.59%; 3-month excess return -22.89%; 6-month excess return -10.23%."
2026-03-05,IQV,6.172864957138404,,-8.722693178834028,miss,linear_regression,target_5d_return,regression,5,"Technical state is soft, with price below the 50-day and 200-day averages. MACD remains on the bullish side. Volatility is elevated at roughly 61.5%.",No recent matched news was found for this ticker/date.,Relative strength versus the benchmark looked weak. 1-month excess return -11.24%; 3-month excess return -20.92%; 6-month excess return -9.25%.,"Model view: the forward return estimate was mildly positive at about 6.17%. Confidence was not explicitly available for this prediction. Technical state is soft, with price below the 50-day and 200-day averages. MACD remains on the bullish side. Volatility is elevated at roughly 61.5%. No recent matched news was found for this ticker/date. Relative strength versus the benchmark looked weak. 1-month excess return -11.24%; 3-month excess return -20.92%; 6-month excess return -9.25%."
2026-03-06,IQV,7.485321476627983,,-5.599177010080214,miss,linear_regression,target_5d_return,regression,5,"Technical state is soft, with price below the 50-day and 200-day averages. MACD remains on the bullish side. Volatility is elevated at roughly 49.3%.",No recent matched news was found for this ticker/date.,Relative strength versus the benchmark looked weak. 1-month excess return -11.87%; 3-month excess return -21.57%; 6-month excess return -8.87%.,"Model view: the forward return estimate was mildly positive at about 7.49%. Confidence was not explicitly available for this prediction. Technical state is soft, with price below the 50-day and 200-day averages. MACD remains on the bullish side. Volatility is elevated at roughly 49.3%. No recent matched news was found for this ticker/date. Relative strength versus the benchmark looked weak. 1-month excess return -11.87%; 3-month excess return -21.57%; 6-month excess return -8.87%."
2026-03-09,IQV,6.398551344191568,,-7.650519982432947,miss,linear_regression,target_5d_return,regression,5,"Technical state is soft, with price below the 50-day and 200-day averages. MACD remains on the bullish side. Volatility is elevated at roughly 48.2%.",No recent matched news was found for this ticker/date.,Relative strength versus the benchmark looked weak. 1-month excess return -1.44%; 3-month excess return -19.74%; 6-month excess return -9.71%.,"Model view: the forward return estimate was mildly positive at about 6.40%. Confidence was not explicitly available for this prediction. Technical state is soft, with price below the 50-day and 200-day averages. MACD remains on the bullish side. Volatility is elevated at roughly 48.2%. No recent matched news was found for this ticker/date. Relative strength versus the benchmark looked weak. 1-month excess return -1.44%; 3-month excess return -19.74%; 6-month excess return -9.71%."
2026-03-10,IQV,6.172906893864419,,-1.4625870865986546,miss,linear_regression,target_5d_return,regression,5,"Technical state is soft, with price below the 50-day and 200-day averages. RSI is weak near 39.5. MACD remains on the bullish side. Volatility is elevated at roughly 48.9%.",No recent matched news was found for this ticker/date.,Relative strength versus the benchmark looked weak. 1-month excess return -6.86%; 3-month excess return -23.09%; 6-month excess return -13.32%.,"Model view: the forward return estimate was mildly positive at about 6.17%. Confidence was not explicitly available for this prediction. Technical state is soft, with price below the 50-day and 200-day averages. RSI is weak near 39.5. MACD remains on the bullish side. Volatility is elevated at roughly 48.9%. No recent matched news was found for this ticker/date. Relative strength versus the benchmark looked weak. 1-month excess return -6.86%; 3-month excess return -23.09%; 6-month excess return -13.32%."
2026-03-11,IQV,6.864365321125834,,-2.657650955781976,miss,linear_regression,target_5d_return,regression,5,"Technical state is soft, with price below the 50-day and 200-day averages. MACD remains on the bullish side. Volatility is elevated at roughly 45.6%.",No recent matched news was found for this ticker/date.,Relative strength versus the benchmark looked weak. 1-month excess return -8.41%; 3-month excess return -22.21%; 6-month excess return -13.55%.,"Model view: the forward return estimate was mildly positive at about 6.86%. Confidence was not explicitly available for this prediction. Technical state is soft, with price below the 50-day and 200-day averages. MACD remains on the bullish side. Volatility is elevated at roughly 45.6%. No recent matched news was found for this ticker/date. Relative strength versus the benchmark looked weak. 1-month excess return -8.41%; 3-month excess return -22.21%; 6-month excess return -13.55%."
2026-03-12,IQV,5.8163898518248045,,2.172717549902692,hit,linear_regression,target_5d_return,regression,5,"Technical state is soft, with price below the 50-day and 200-day averages. RSI is weak near 34.8. MACD remains on the bullish side. Volatility is elevated at roughly 47.8%.",No recent matched news was found for this ticker/date.,Relative strength versus the benchmark looked weak. 1-month excess return -6.94%; 3-month excess return -22.80%; 6-month excess return -13.53%.,"Model view: the forward return estimate was mildly positive at about 5.82%. Confidence was not explicitly available for this prediction. Technical state is soft, with price below the 50-day and 200-day averages. RSI is weak near 34.8. MACD remains on the bullish side. Volatility is elevated at roughly 47.8%. No recent matched news was found for this ticker/date. Relative strength versus the benchmark looked weak. 1-month excess return -6.94%; 3-month excess return -22.80%; 6-month excess return -13.53%."
2026-03-13,IQV,6.411320398776819,,0.8195763073767903,hit,linear_regression,target_5d_return,regression,5,"Technical state is soft, with price below the 50-day and 200-day averages. RSI is weak near 36.7. MACD remains on the bullish side. Volatility is elevated at roughly 45.2%.",No recent matched news was found for this ticker/date.,Relative strength versus the benchmark looked weak. 1-month excess return -2.75%; 3-month excess return -22.46%; 6-month excess return -14.37%.,"Model view: the forward return estimate was mildly positive at about 6.41%. Confidence was not explicitly available for this prediction. Technical state is soft, with price below the 50-day and 200-day averages. RSI is weak near 36.7. MACD remains on the bullish side. Volatility is elevated at roughly 45.2%. No recent matched news was found for this ticker/date. Relative strength versus the benchmark looked weak. 1-month excess return -2.75%; 3-month excess return -22.46%; 6-month excess return -14.37%."
2026-03-16,IQV,5.8696434366834636,,1.2553868226581555,hit,linear_regression,target_5d_return,regression,5,"Technical state is soft, with price below the 50-day and 200-day averages. RSI is weak near 36.9. MACD remains on the bullish side. Volatility is elevated at roughly 45.1%.",No recent matched news was found for this ticker/date.,Relative strength versus the benchmark looked weak. 1-month excess return -0.54%; 3-month excess return -24.11%; 6-month excess return -13.71%.,"Model view: the forward return estimate was mildly positive at about 5.87%. Confidence was not explicitly available for this prediction. Technical state is soft, with price below the 50-day and 200-day averages. RSI is weak near 36.9. MACD remains on the bullish side. Volatility is elevated at roughly 45.1%. No recent matched news was found for this ticker/date. Relative strength versus the benchmark looked weak. 1-month excess return -0.54%; 3-month excess return -24.11%; 6-month excess return -13.71%."
2026-03-17,IQV,5.390725468811633,,-1.389299079526174,miss,linear_regression,target_5d_return,regression,5,"Technical state is soft, with price below the 50-day and 200-day averages. MACD remains on the bullish side. Volatility is elevated at roughly 45.3%.",No recent matched news was found for this ticker/date.,Relative strength versus the benchmark looked weak. 1-month excess return 2.49%; 3-month excess return -22.63%; 6-month excess return -10.96%.,"Model view: the forward return estimate was mildly positive at about 5.39%. Confidence was not explicitly available for this prediction. Technical state is soft, with price below the 50-day and 200-day averages. MACD remains on the bullish side. Volatility is elevated at roughly 45.3%. No recent matched news was found for this ticker/date. Relative strength versus the benchmark looked weak. 1-month excess return 2.49%; 3-month excess return -22.63%; 6-month excess return -10.96%."
2026-03-18,IQV,4.6463437380292465,,-0.8262512558443569,miss,linear_regression,target_5d_return,regression,5,"Technical state is soft, with price below the 50-day and 200-day averages. RSI is weak near 39.7. MACD remains on the bullish side. Volatility is elevated at roughly 43.1%.",No recent matched news was found for this ticker/date.,Relative strength versus the benchmark looked weak. 1-month excess return 4.69%; 3-month excess return -22.51%; 6-month excess return -10.86%.,"Model view: the forward return estimate was mildly positive at about 4.65%. Confidence was not explicitly available for this prediction. Technical state is soft, with price below the 50-day and 200-day averages. RSI is weak near 39.7. MACD remains on the bullish side. Volatility is elevated at roughly 43.1%. No recent matched news was found for this ticker/date. Relative strength versus the benchmark looked weak. 1-month excess return 4.69%; 3-month excess return -22.51%; 6-month excess return -10.86%."
2026-03-19,IQV,4.632651159652861,,1.7600724781017485,hit,linear_regression,target_5d_return,regression,5,"Technical state is soft, with price below the 50-day and 200-day averages. RSI is weak near 39.3. MACD remains on the bullish side. Volatility is elevated at roughly 43.0%.",No recent matched news was found for this ticker/date.,Relative strength versus the benchmark looked weak. 1-month excess return 1.18%; 3-month excess return -22.11%; 6-month excess return -10.94%.,"Model view: the forward return estimate was mildly positive at about 4.63%. Confidence was not explicitly available for this prediction. Technical state is soft, with price below the 50-day and 200-day averages. RSI is weak near 39.3. MACD remains on the bullish side. Volatility is elevated at roughly 43.0%. No recent matched news was found for this ticker/date. Relative strength versus the benchmark looked weak. 1-month excess return 1.18%; 3-month excess return -22.11%; 6-month excess return -10.94%."
2026-03-20,IQV,3.202869108391988,,-1.3367863688769632,miss,linear_regression,target_5d_return,regression,5,"Technical state is soft, with price below the 50-day and 200-day averages. RSI is weak near 39.0. MACD remains on the bullish side. Volatility is elevated at roughly 42.2%.",No recent matched news was found for this ticker/date.,Relative strength versus the benchmark looked weak. 1-month excess return 3.08%; 3-month excess return -21.86%; 6-month excess return -10.88%.,"Model view: the forward return estimate was mildly positive at about 3.20%. Confidence was not explicitly available for this prediction. Technical state is soft, with price below the 50-day and 200-day averages. RSI is weak near 39.0. MACD remains on the bullish side. Volatility is elevated at roughly 42.2%. No recent matched news was found for this ticker/date. Relative strength versus the benchmark looked weak. 1-month excess return 3.08%; 3-month excess return -21.86%; 6-month excess return -10.88%."
2026-03-23,IQV,5.166113184509532,,-0.4791584928053094,miss,linear_regression,target_5d_return,regression,5,"Technical state is soft, with price below the 50-day and 200-day averages. MACD remains on the bullish side. Volatility is elevated at roughly 41.5%.",No recent matched news was found for this ticker/date.,Relative strength versus the benchmark looked weak. 1-month excess return 5.48%; 3-month excess return -22.14%; 6-month excess return -9.62%.,"Model view: the forward return estimate was mildly positive at about 5.17%. Confidence was not explicitly available for this prediction. Technical state is soft, with price below the 50-day and 200-day averages. MACD remains on the bullish side. Volatility is elevated at roughly 41.5%. No recent matched news was found for this ticker/date. Relative strength versus the benchmark looked weak. 1-month excess return 5.48%; 3-month excess return -22.14%; 6-month excess return -9.62%."
2026-03-24,IQV,3.8405402322730082,,2.679268496814946,hit,linear_regression,target_5d_return,regression,5,"Technical state is soft, with price below the 50-day and 200-day averages. RSI is weak near 39.4. MACD remains on the bullish side. Volatility is elevated at roughly 41.3%.",No recent matched news was found for this ticker/date.,Relative strength versus the benchmark looked weak. 1-month excess return 6.35%; 3-month excess return -20.73%; 6-month excess return -9.56%.,"Model view: the forward return estimate was mildly positive at about 3.84%. Confidence was not explicitly available for this prediction. Technical state is soft, with price below the 50-day and 200-day averages. RSI is weak near 39.4. MACD remains on the bullish side. Volatility is elevated at roughly 41.3%. No recent matched news was found for this ticker/date. Relative strength versus the benchmark looked weak. 1-month excess return 6.35%; 3-month excess return -20.73%; 6-month excess return -9.56%."
2026-03-25,IQV,3.882081906500756,,4.081136520010387,hit,linear_regression,target_5d_return,regression,5,"Technical state is soft, with price below the 50-day and 200-day averages. RSI is weak near 38.9. MACD remains on the bullish side. Volatility is elevated at roughly 40.7%.",No recent matched news was found for this ticker/date.,Relative strength versus the benchmark looked weak. 1-month excess return 4.66%; 3-month excess return -22.35%; 6-month excess return -10.20%.,"Model view: the forward return estimate was mildly positive at about 3.88%. Confidence was not explicitly available for this prediction. Technical state is soft, with price below the 50-day and 200-day averages. RSI is weak near 38.9. MACD remains on the bullish side. Volatility is elevated at roughly 40.7%. No recent matched news was found for this ticker/date. Relative strength versus the benchmark looked weak. 1-month excess return 4.66%; 3-month excess return -22.35%; 6-month excess return -10.20%."
2026-03-26,IQV,2.8363132331396037,,2.278630902850143,hit,linear_regression,target_5d_return,regression,5,"Technical state is soft, with price below the 50-day and 200-day averages. MACD remains on the bullish side. Volatility is elevated at roughly 36.7%.","Recent news tone was mildly negative, based on 1 article(s) from same-day matches; positive ratio 0%; negative ratio 100%.",Relative strength versus the benchmark looked weak. 1-month excess return 11.31%; 3-month excess return -18.79%; 6-month excess return -4.14%.,"Model view: the forward return estimate was mildly positive at about 2.84%. Confidence was not explicitly available for this prediction. Technical state is soft, with price below the 50-day and 200-day averages. MACD remains on the bullish side. Volatility is elevated at roughly 36.7%. Recent news tone was mildly negative, based on 1 article(s) from same-day matches; positive ratio 0%; negative ratio 100%. Relative strength versus the benchmark looked weak. 1-month excess return 11.31%; 3-month excess return -18.79%; 6-month excess return -4.14%."
2026-03-27,IQV,1.7350732440634198,,4.19285618631422,hit,linear_regression,target_5d_return,regression,5,"Technical state is soft, with price below the 50-day and 200-day averages. RSI is weak near 38.9. MACD remains on the bullish side. Volatility is elevated at roughly 33.7%.","Recent news tone was mildly negative, based on 1 article(s) from the recent 7-day window; positive ratio 0%; negative ratio 100%.",Relative strength versus the benchmark looked weak. 1-month excess return 4.06%; 3-month excess return -19.34%; 6-month excess return -3.37%.,"Model view: the forward return estimate was mildly positive at about 1.74%. Confidence was not explicitly available for this prediction. Technical state is soft, with price below the 50-day and 200-day averages. RSI is weak near 38.9. MACD remains on the bullish side. Volatility is elevated at roughly 33.7%. Recent news tone was mildly negative, based on 1 article(s) from the recent 7-day window; positive ratio 0%; negative ratio 100%. Relative strength versus the benchmark looked weak. 1-month excess return 4.06%; 3-month excess return -19.34%; 6-month excess return -3.37%."
2026-03-30,IQV,2.4699160893922385,,2.6841546441871866,hit,linear_regression,target_5d_return,regression,5,"Technical state is soft, with price below the 50-day and 200-day averages. MACD remains on the bullish side. Volatility is elevated at roughly 33.3%.","Recent news tone was mildly negative, based on 1 article(s) from the recent 7-day window; positive ratio 0%; negative ratio 100%.",Relative strength versus the benchmark looked weak. 1-month excess return 0.87%; 3-month excess return -18.28%; 6-month excess return -2.67%.,"Model view: the forward return estimate was mildly positive at about 2.47%. Confidence was not explicitly available for this prediction. Technical state is soft, with price below the 50-day and 200-day averages. MACD remains on the bullish side. Volatility is elevated at roughly 33.3%. Recent news tone was mildly negative, based on 1 article(s) from the recent 7-day window; positive ratio 0%; negative ratio 100%. Relative strength versus the benchmark looked weak. 1-month excess return 0.87%; 3-month excess return -18.28%; 6-month excess return -2.67%."
2026-03-31,IQV,2.406686870846588,,1.172745443143297,hit,linear_regression,target_5d_return,regression,5,"Technical state is soft, with price below the 50-day and 200-day averages. MACD remains on the bullish side. Volatility is elevated at roughly 34.8%.","Recent news tone was mildly negative, based on 1 article(s) from the recent 7-day window; positive ratio 0%; negative ratio 100%.",Relative strength versus the benchmark looked weak. 1-month excess return 3.20%; 3-month excess return -19.37%; 6-month excess return -3.57%.,"Model view: the forward return estimate was mildly positive at about 2.41%. Confidence was not explicitly available for this prediction. Technical state is soft, with price below the 50-day and 200-day averages. MACD remains on the bullish side. Volatility is elevated at roughly 34.8%. Recent news tone was mildly negative, based on 1 article(s) from the recent 7-day window; positive ratio 0%; negative ratio 100%. Relative strength versus the benchmark looked weak. 1-month excess return 3.20%; 3-month excess return -19.37%; 6-month excess return -3.57%."
2026-04-01,IQV,2.099755396387754,,-1.98375770883078,miss,linear_regression,target_5d_return,regression,5,"Technical state is soft, with price below the 50-day and 200-day averages. RSI is in a steady zone near 50.1. MACD remains on the bullish side. Volatility is elevated at roughly 34.0%.","Recent news tone was mildly negative, based on 1 article(s) from the recent 7-day window; positive ratio 0%; negative ratio 100%.",Relative strength versus the benchmark looked weak. 1-month excess return 2.85%; 3-month excess return -19.63%; 6-month excess return -7.59%.,"Model view: the forward return estimate was mildly positive at about 2.10%. Confidence was not explicitly available for this prediction. Technical state is soft, with price below the 50-day and 200-day averages. RSI is in a steady zone near 50.1. MACD remains on the bullish side. Volatility is elevated at roughly 34.0%. Recent news tone was mildly negative, based on 1 article(s) from the recent 7-day window; positive ratio 0%; negative ratio 100%. Relative strength versus the benchmark looked weak. 1-month excess return 2.85%; 3-month excess return -19.63%; 6-month excess return -7.59%."
2026-04-02,IQV,1.5764752152923565,,-3.4168292488960805,miss,linear_regression,target_5d_return,regression,5,"Technical state is soft, with price below the 50-day and 200-day averages. RSI is in a steady zone near 51.1. MACD remains on the bullish side. Volatility is elevated at roughly 34.1%.","Recent news tone was fairly balanced, based on 1 article(s) from same-day matches; positive ratio 0%; negative ratio 0%.",Relative strength versus the benchmark looked weak. 1-month excess return 1.72%; 3-month excess return -19.29%; 6-month excess return -13.10%.,"Model view: the forward return estimate was mildly positive at about 1.58%. Confidence was not explicitly available for this prediction. Technical state is soft, with price below the 50-day and 200-day averages. RSI is in a steady zone near 51.1. MACD remains on the bullish side. Volatility is elevated at roughly 34.1%. Recent news tone was fairly balanced, based on 1 article(s) from same-day matches; positive ratio 0%; negative ratio 0%. Relative strength versus the benchmark looked weak. 1-month excess return 1.72%; 3-month excess return -19.29%; 6-month excess return -13.10%."
2026-04-06,IQV,2.3804564623083686,,0.7439106509957716,hit,linear_regression,target_5d_return,regression,5,"Technical state is soft, with price below the 50-day and 200-day averages. MACD remains on the bullish side. Volatility is elevated at roughly 33.5%.","Recent news tone was mildly negative, based on 2 article(s) from the recent 7-day window; positive ratio 0%; negative ratio 50%.",Relative strength versus the benchmark looked weak. 1-month excess return -0.99%; 3-month excess return -20.65%; 6-month excess return -14.90%.,"Model view: the forward return estimate was mildly positive at about 2.38%. Confidence was not explicitly available for this prediction. Technical state is soft, with price below the 50-day and 200-day averages. MACD remains on the bullish side. Volatility is elevated at roughly 33.5%. Recent news tone was mildly negative, based on 2 article(s) from the recent 7-day window; positive ratio 0%; negative ratio 50%. Relative strength versus the benchmark looked weak. 1-month excess return -0.99%; 3-month excess return -20.65%; 6-month excess return -14.90%."
2026-04-07,IQV,1.0247447080156915,,2.7312177912727886,hit,linear_regression,target_5d_return,regression,5,"Technical state is soft, with price below the 50-day and 200-day averages. MACD remains on the bullish side. Volatility is elevated at roughly 32.3%.","Recent news tone was fairly balanced, based on 2 article(s) from same-day matches; positive ratio 0%; negative ratio 0%.",Relative strength versus the benchmark looked weak. 1-month excess return -0.21%; 3-month excess return -23.09%; 6-month excess return -15.92%.,"Model view: the forward return estimate was mildly positive at about 1.02%. Confidence was not explicitly available for this prediction. Technical state is soft, with price below the 50-day and 200-day averages. MACD remains on the bullish side. Volatility is elevated at roughly 32.3%. Recent news tone was fairly balanced, based on 2 article(s) from same-day matches; positive ratio 0%; negative ratio 0%. Relative strength versus the benchmark looked weak. 1-month excess return -0.21%; 3-month excess return -23.09%; 6-month excess return -15.92%."
2026-04-08,IQV,1.3084190121540429,,3.222448727097338,hit,linear_regression,target_5d_return,regression,5,"Technical state is soft, with price below the 50-day and 200-day averages. RSI is in a steady zone near 50.5. MACD remains on the bullish side.","Recent news tone was fairly balanced, based on 3 article(s) from the recent 7-day window; positive ratio 0%; negative ratio 0%.",Relative strength versus the benchmark looked weak. 1-month excess return -2.97%; 3-month excess return -25.93%; 6-month excess return -16.48%.,"Model view: the forward return estimate was mildly positive at about 1.31%. Confidence was not explicitly available for this prediction. Technical state is soft, with price below the 50-day and 200-day averages. RSI is in a steady zone near 50.5. MACD remains on the bullish side. Recent news tone was fairly balanced, based on 3 article(s) from the recent 7-day window; positive ratio 0%; negative ratio 0%. Relative strength versus the benchmark looked weak. 1-month excess return -2.97%; 3-month excess return -25.93%; 6-month excess return -16.48%."
2026-04-09,IQV,1.184904949939436,,1.757605217064806,hit,linear_regression,target_5d_return,regression,5,"Technical state is soft, with price below the 50-day and 200-day averages. MACD remains on the bullish side.","Recent news tone was fairly balanced, based on 3 article(s) from the recent 7-day window; positive ratio 0%; negative ratio 0%.",Relative strength versus the benchmark looked weak. 1-month excess return -1.51%; 3-month excess return -29.39%; 6-month excess return -17.47%.,"Model view: the forward return estimate was mildly positive at about 1.18%. Confidence was not explicitly available for this prediction. Technical state is soft, with price below the 50-day and 200-day averages. MACD remains on the bullish side. Recent news tone was fairly balanced, based on 3 article(s) from the recent 7-day window; positive ratio 0%; negative ratio 0%. Relative strength versus the benchmark looked weak. 1-month excess return -1.51%; 3-month excess return -29.39%; 6-month excess return -17.47%."
2026-04-10,IQV,2.2723543593517186,,5.4499883922320524,hit,linear_regression,target_5d_return,regression,5,"Technical state is soft, with price below the 50-day and 200-day averages. MACD remains on the bullish side.","Recent news tone was fairly balanced, based on 1 article(s) from same-day matches; positive ratio 0%; negative ratio 0%.",Relative strength versus the benchmark looked weak. 1-month excess return -2.88%; 3-month excess return -29.70%; 6-month excess return -17.52%.,"Model view: the forward return estimate was mildly positive at about 2.27%. Confidence was not explicitly available for this prediction. Technical state is soft, with price below the 50-day and 200-day averages. MACD remains on the bullish side. Recent news tone was fairly balanced, based on 1 article(s) from same-day matches; positive ratio 0%; negative ratio 0%. Relative strength versus the benchmark looked weak. 1-month excess return -2.88%; 3-month excess return -29.70%; 6-month excess return -17.52%."
2026-04-13,IQV,2.1294221221837666,,2.7734105827803335,hit,linear_regression,target_5d_return,regression,5,"Technical state is soft, with price below the 50-day and 200-day averages. RSI is in a steady zone near 50.4. MACD remains on the bullish side.","Recent news tone was fairly balanced, based on 4 article(s) from the recent 7-day window; positive ratio 0%; negative ratio 0%.",Relative strength versus the benchmark looked weak. 1-month excess return 2.59%; 3-month excess return -27.86%; 6-month excess return -17.48%.,"Model view: the forward return estimate was mildly positive at about 2.13%. Confidence was not explicitly available for this prediction. Technical state is soft, with price below the 50-day and 200-day averages. RSI is in a steady zone near 50.4. MACD remains on the bullish side. Recent news tone was fairly balanced, based on 4 article(s) from the recent 7-day window; positive ratio 0%; negative ratio 0%. Relative strength versus the benchmark looked weak. 1-month excess return 2.59%; 3-month excess return -27.86%; 6-month excess return -17.48%."
