date,ticker,actual,predicted,confidence_score,hit_miss,model_name,target_name,technical_state_summary,news_sentiment_summary,benchmark_strength_summary,explanation
2022-02-17,KSS,-2.200823216394543,-5.993750394658235,,hit,linear_regression,target_5d_return,"Technical state is constructive, with price above the 50-day and 200-day averages. RSI is in a steady zone near 52.8. MACD remains on the bearish side. Volatility is elevated at roughly 133.1%.",No recent matched news was found for this ticker/date.,Relative strength versus the benchmark looked favorable. 1-month excess return 15.46%; 3-month excess return 9.60%; 6-month excess return 5.18%.,"Model view: the forward return estimate was mildly negative at about -5.99%. Confidence was not explicitly available for this prediction. Technical state is constructive, with price above the 50-day and 200-day averages. RSI is in a steady zone near 52.8. MACD remains on the bearish side. Volatility is elevated at roughly 133.1%. No recent matched news was found for this ticker/date. Relative strength versus the benchmark looked favorable. 1-month excess return 15.46%; 3-month excess return 9.60%; 6-month excess return 5.18%."
2022-02-18,KSS,-3.688313537861876,-7.39953865368858,,hit,linear_regression,target_5d_return,"Technical state is constructive, with price above the 50-day and 200-day averages. RSI is in a steady zone near 51.7. MACD remains on the bearish side. Volatility is elevated at roughly 132.6%.",No recent matched news was found for this ticker/date.,Relative strength versus the benchmark looked mixed. 1-month excess return 22.88%; 3-month excess return -0.03%; 6-month excess return 2.93%.,"Model view: the forward return estimate was mildly negative at about -7.40%. Confidence was not explicitly available for this prediction. Technical state is constructive, with price above the 50-day and 200-day averages. RSI is in a steady zone near 51.7. MACD remains on the bearish side. Volatility is elevated at roughly 132.6%. No recent matched news was found for this ticker/date. Relative strength versus the benchmark looked mixed. 1-month excess return 22.88%; 3-month excess return -0.03%; 6-month excess return 2.93%."
2022-02-22,KSS,4.488591978132428,16.61164637803924,,hit,linear_regression,target_5d_return,"Technical state is constructive, with price above the 50-day and 200-day averages. MACD remains on the bearish side. Volatility is elevated at roughly 33.7%.",No recent matched news was found for this ticker/date.,Relative strength versus the benchmark looked mixed. 1-month excess return 17.98%; 3-month excess return 3.73%; 6-month excess return -2.57%.,"Model view: the forward return estimate was mildly positive at about 16.61%. Confidence was not explicitly available for this prediction. Technical state is constructive, with price above the 50-day and 200-day averages. MACD remains on the bearish side. Volatility is elevated at roughly 33.7%. No recent matched news was found for this ticker/date. Relative strength versus the benchmark looked mixed. 1-month excess return 17.98%; 3-month excess return 3.73%; 6-month excess return -2.57%."
2022-02-23,KSS,10.779345875055025,18.474542216486356,,hit,linear_regression,target_5d_return,"Technical state is soft, with price below the 50-day and 200-day averages. MACD remains on the bearish side. Volatility is elevated at roughly 33.6%.",No recent matched news was found for this ticker/date.,Relative strength versus the benchmark looked weak. 1-month excess return -12.32%; 3-month excess return 2.30%; 6-month excess return -5.67%.,"Model view: the forward return estimate was mildly positive at about 18.47%. Confidence was not explicitly available for this prediction. Technical state is soft, with price below the 50-day and 200-day averages. MACD remains on the bearish side. Volatility is elevated at roughly 33.6%. No recent matched news was found for this ticker/date. Relative strength versus the benchmark looked weak. 1-month excess return -12.32%; 3-month excess return 2.30%; 6-month excess return -5.67%."
2022-02-24,KSS,5.963721247926146,9.875925956142154,,hit,linear_regression,target_5d_return,"Technical state is constructive, with price above the 50-day and 200-day averages. MACD remains on the bearish side. Volatility is elevated at roughly 37.2%.",No recent matched news was found for this ticker/date.,Relative strength versus the benchmark looked weak. 1-month excess return -9.17%; 3-month excess return 7.62%; 6-month excess return -2.82%.,"Model view: the forward return estimate was mildly positive at about 9.88%. Confidence was not explicitly available for this prediction. Technical state is constructive, with price above the 50-day and 200-day averages. MACD remains on the bearish side. Volatility is elevated at roughly 37.2%. No recent matched news was found for this ticker/date. Relative strength versus the benchmark looked weak. 1-month excess return -9.17%; 3-month excess return 7.62%; 6-month excess return -2.82%."
2022-02-25,KSS,3.322783674678753,5.054805445189771,,hit,linear_regression,target_5d_return,"Technical state is constructive, with price above the 50-day and 200-day averages. RSI is in a steady zone near 50.6. MACD remains on the bearish side. Volatility is elevated at roughly 38.2%.",No recent matched news was found for this ticker/date.,Relative strength versus the benchmark looked weak. 1-month excess return -6.56%; 3-month excess return 9.58%; 6-month excess return -0.22%.,"Model view: the forward return estimate was mildly positive at about 5.05%. Confidence was not explicitly available for this prediction. Technical state is constructive, with price above the 50-day and 200-day averages. RSI is in a steady zone near 50.6. MACD remains on the bearish side. Volatility is elevated at roughly 38.2%. No recent matched news was found for this ticker/date. Relative strength versus the benchmark looked weak. 1-month excess return -6.56%; 3-month excess return 9.58%; 6-month excess return -0.22%."
2022-02-28,KSS,-8.036672944708357,5.076889550472401,,miss,linear_regression,target_5d_return,"Technical state is constructive, with price above the 50-day and 200-day averages. MACD remains on the bearish side. Volatility is elevated at roughly 38.7%.",No recent matched news was found for this ticker/date.,Relative strength versus the benchmark looked weak. 1-month excess return -8.16%; 3-month excess return 8.08%; 6-month excess return -2.21%.,"Model view: the forward return estimate was mildly positive at about 5.08%. Confidence was not explicitly available for this prediction. Technical state is constructive, with price above the 50-day and 200-day averages. MACD remains on the bearish side. Volatility is elevated at roughly 38.7%. No recent matched news was found for this ticker/date. Relative strength versus the benchmark looked weak. 1-month excess return -8.16%; 3-month excess return 8.08%; 6-month excess return -2.21%."
2022-03-01,KSS,-6.073945086760524,3.212377137242143,,miss,linear_regression,target_5d_return,"Technical state is constructive, with price above the 50-day and 200-day averages. RSI is in a steady zone near 50.5. MACD remains on the bearish side. Volatility is elevated at roughly 39.6%.",No recent matched news was found for this ticker/date.,Relative strength versus the benchmark looked mixed. 1-month excess return -2.90%; 3-month excess return 13.99%; 6-month excess return 3.18%.,"Model view: the forward return estimate was mildly positive at about 3.21%. Confidence was not explicitly available for this prediction. Technical state is constructive, with price above the 50-day and 200-day averages. RSI is in a steady zone near 50.5. MACD remains on the bearish side. Volatility is elevated at roughly 39.6%. No recent matched news was found for this ticker/date. Relative strength versus the benchmark looked mixed. 1-month excess return -2.90%; 3-month excess return 13.99%; 6-month excess return 3.18%."
2022-03-02,KSS,-8.45906346242452,-2.8503121460285996,,hit,linear_regression,target_5d_return,"Technical state is constructive, with price above the 50-day and 200-day averages. RSI is in a steady zone near 55.7. MACD remains on the bearish side. Volatility is elevated at roughly 42.2%.",No recent matched news was found for this ticker/date.,Relative strength versus the benchmark looked favorable. 1-month excess return 1.47%; 3-month excess return 19.08%; 6-month excess return 5.77%.,"Model view: the forward return estimate was mildly negative at about -2.85%. Confidence was not explicitly available for this prediction. Technical state is constructive, with price above the 50-day and 200-day averages. RSI is in a steady zone near 55.7. MACD remains on the bearish side. Volatility is elevated at roughly 42.2%. No recent matched news was found for this ticker/date. Relative strength versus the benchmark looked favorable. 1-month excess return 1.47%; 3-month excess return 19.08%; 6-month excess return 5.77%."
2022-03-03,KSS,-7.679271851330927,-4.502291899380609,,hit,linear_regression,target_5d_return,"Technical state is constructive, with price above the 50-day and 200-day averages. RSI is in a steady zone near 55.7. MACD remains on the bearish side. Volatility is elevated at roughly 41.2%.",No recent matched news was found for this ticker/date.,Relative strength versus the benchmark looked favorable. 1-month excess return 3.16%; 3-month excess return 25.35%; 6-month excess return 6.45%.,"Model view: the forward return estimate was mildly negative at about -4.50%. Confidence was not explicitly available for this prediction. Technical state is constructive, with price above the 50-day and 200-day averages. RSI is in a steady zone near 55.7. MACD remains on the bearish side. Volatility is elevated at roughly 41.2%. No recent matched news was found for this ticker/date. Relative strength versus the benchmark looked favorable. 1-month excess return 3.16%; 3-month excess return 25.35%; 6-month excess return 6.45%."
2022-03-04,KSS,-8.218481867336159,-0.8785965413618869,,hit,linear_regression,target_5d_return,"Technical state is constructive, with price above the 50-day and 200-day averages. RSI is in a steady zone near 55.0. MACD remains on the bearish side. Volatility is elevated at roughly 41.1%.",No recent matched news was found for this ticker/date.,Relative strength versus the benchmark looked favorable. 1-month excess return 6.84%; 3-month excess return 23.32%; 6-month excess return 7.34%.,"Model view: the forward return estimate was mildly negative at about -0.88%. Confidence was not explicitly available for this prediction. Technical state is constructive, with price above the 50-day and 200-day averages. RSI is in a steady zone near 55.0. MACD remains on the bearish side. Volatility is elevated at roughly 41.1%. No recent matched news was found for this ticker/date. Relative strength versus the benchmark looked favorable. 1-month excess return 6.84%; 3-month excess return 23.32%; 6-month excess return 7.34%."
2022-03-07,KSS,5.474094141803509,-0.6789051973774748,,miss,linear_regression,target_5d_return,"Technical state is soft, with price below the 50-day and 200-day averages. RSI is weak near 38.1. MACD remains on the bearish side. Volatility is elevated at roughly 61.2%.",No recent matched news was found for this ticker/date.,Relative strength versus the benchmark looked weak. 1-month excess return -6.60%; 3-month excess return 13.06%; 6-month excess return -0.82%.,"Model view: the forward return estimate was mildly negative at about -0.68%. Confidence was not explicitly available for this prediction. Technical state is soft, with price below the 50-day and 200-day averages. RSI is weak near 38.1. MACD remains on the bearish side. Volatility is elevated at roughly 61.2%. No recent matched news was found for this ticker/date. Relative strength versus the benchmark looked weak. 1-month excess return -6.60%; 3-month excess return 13.06%; 6-month excess return -0.82%."
2022-03-08,KSS,0.8809770087080837,-0.19584572731807287,,miss,linear_regression,target_5d_return,"Technical state is mixed, with price not fully aligned across the major moving averages. MACD remains on the bearish side. Volatility is elevated at roughly 63.7%.",No recent matched news was found for this ticker/date.,Relative strength versus the benchmark looked mixed. 1-month excess return -3.38%; 3-month excess return 13.74%; 6-month excess return 4.70%.,"Model view: the forward return estimate was mildly negative at about -0.20%. Confidence was not explicitly available for this prediction. Technical state is mixed, with price not fully aligned across the major moving averages. MACD remains on the bearish side. Volatility is elevated at roughly 63.7%. No recent matched news was found for this ticker/date. Relative strength versus the benchmark looked mixed. 1-month excess return -3.38%; 3-month excess return 13.74%; 6-month excess return 4.70%."
2022-03-09,KSS,16.87037150065105,-1.977690908697426,,miss,linear_regression,target_5d_return,"Technical state is mixed, with price not fully aligned across the major moving averages. MACD remains on the bearish side. Volatility is elevated at roughly 63.1%.",No recent matched news was found for this ticker/date.,Relative strength versus the benchmark looked mixed. 1-month excess return -5.05%; 3-month excess return 12.34%; 6-month excess return 6.33%.,"Model view: the forward return estimate was mildly negative at about -1.98%. Confidence was not explicitly available for this prediction. Technical state is mixed, with price not fully aligned across the major moving averages. MACD remains on the bearish side. Volatility is elevated at roughly 63.1%. No recent matched news was found for this ticker/date. Relative strength versus the benchmark looked mixed. 1-month excess return -5.05%; 3-month excess return 12.34%; 6-month excess return 6.33%."
2022-03-10,KSS,14.818214892561565,-3.8972384437847865,,miss,linear_regression,target_5d_return,"Technical state is mixed, with price not fully aligned across the major moving averages. MACD remains on the bearish side. Volatility is elevated at roughly 62.9%.",No recent matched news was found for this ticker/date.,Relative strength versus the benchmark looked mixed. 1-month excess return -5.28%; 3-month excess return 15.93%; 6-month excess return 6.13%.,"Model view: the forward return estimate was mildly negative at about -3.90%. Confidence was not explicitly available for this prediction. Technical state is mixed, with price not fully aligned across the major moving averages. MACD remains on the bearish side. Volatility is elevated at roughly 62.9%. No recent matched news was found for this ticker/date. Relative strength versus the benchmark looked mixed. 1-month excess return -5.28%; 3-month excess return 15.93%; 6-month excess return 6.13%."
2022-03-11,KSS,15.739714302222607,-2.5633882606803837,,miss,linear_regression,target_5d_return,"Technical state is mixed, with price not fully aligned across the major moving averages. MACD remains on the bearish side. Volatility is elevated at roughly 62.6%.",No recent matched news was found for this ticker/date.,Relative strength versus the benchmark looked mixed. 1-month excess return -4.76%; 3-month excess return 16.41%; 6-month excess return 9.91%.,"Model view: the forward return estimate was mildly negative at about -2.56%. Confidence was not explicitly available for this prediction. Technical state is mixed, with price not fully aligned across the major moving averages. MACD remains on the bearish side. Volatility is elevated at roughly 62.6%. No recent matched news was found for this ticker/date. Relative strength versus the benchmark looked mixed. 1-month excess return -4.76%; 3-month excess return 16.41%; 6-month excess return 9.91%."
2022-03-14,KSS,15.01389872024863,-1.0254085487807318,,miss,linear_regression,target_5d_return,"Technical state is mixed, with price not fully aligned across the major moving averages. MACD remains on the bearish side. Volatility is elevated at roughly 62.0%.",No recent matched news was found for this ticker/date.,Relative strength versus the benchmark looked mixed. 1-month excess return -3.72%; 3-month excess return 15.67%; 6-month excess return 10.06%.,"Model view: the forward return estimate was mildly negative at about -1.03%. Confidence was not explicitly available for this prediction. Technical state is mixed, with price not fully aligned across the major moving averages. MACD remains on the bearish side. Volatility is elevated at roughly 62.0%. No recent matched news was found for this ticker/date. Relative strength versus the benchmark looked mixed. 1-month excess return -3.72%; 3-month excess return 15.67%; 6-month excess return 10.06%."
2022-03-15,KSS,14.99442538198359,-9.733836722216907,,miss,linear_regression,target_5d_return,"Technical state is mixed, with price not fully aligned across the major moving averages. MACD remains on the bearish side. Volatility is elevated at roughly 61.9%.",No recent matched news was found for this ticker/date.,Relative strength versus the benchmark looked mixed. 1-month excess return -5.17%; 3-month excess return 19.49%; 6-month excess return 8.44%.,"Model view: the forward return estimate was mildly negative at about -9.73%. Confidence was not explicitly available for this prediction. Technical state is mixed, with price not fully aligned across the major moving averages. MACD remains on the bearish side. Volatility is elevated at roughly 61.9%. No recent matched news was found for this ticker/date. Relative strength versus the benchmark looked mixed. 1-month excess return -5.17%; 3-month excess return 19.49%; 6-month excess return 8.44%."
2022-03-16,KSS,-3.897954461545605,-30.99681497885699,,hit,linear_regression,target_5d_return,"Technical state is constructive, with price above the 50-day and 200-day averages. RSI is in a steady zone near 63.9. MACD remains on the bullish side. Volatility is elevated at roughly 87.5%.",No recent matched news was found for this ticker/date.,Relative strength versus the benchmark looked favorable. 1-month excess return 9.45%; 3-month excess return 33.50%; 6-month excess return 23.12%.,"Model view: the forward return estimate was mildly negative at about -31.00%. Confidence was not explicitly available for this prediction. Technical state is constructive, with price above the 50-day and 200-day averages. RSI is in a steady zone near 63.9. MACD remains on the bullish side. Volatility is elevated at roughly 87.5%. No recent matched news was found for this ticker/date. Relative strength versus the benchmark looked favorable. 1-month excess return 9.45%; 3-month excess return 33.50%; 6-month excess return 23.12%."
2022-03-17,KSS,-2.302892459332262,-28.030130922494138,,hit,linear_regression,target_5d_return,"Technical state is constructive, with price above the 50-day and 200-day averages. RSI is in a steady zone near 62.5. MACD remains on the bullish side. Volatility is elevated at roughly 87.5%.",No recent matched news was found for this ticker/date.,Relative strength versus the benchmark looked favorable. 1-month excess return 5.85%; 3-month excess return 33.46%; 6-month excess return 18.62%.,"Model view: the forward return estimate was mildly negative at about -28.03%. Confidence was not explicitly available for this prediction. Technical state is constructive, with price above the 50-day and 200-day averages. RSI is in a steady zone near 62.5. MACD remains on the bullish side. Volatility is elevated at roughly 87.5%. No recent matched news was found for this ticker/date. Relative strength versus the benchmark looked favorable. 1-month excess return 5.85%; 3-month excess return 33.46%; 6-month excess return 18.62%."
2022-03-18,KSS,-1.281433979096458,-27.528995896978742,,hit,linear_regression,target_5d_return,"Technical state is constructive, with price above the 50-day and 200-day averages. RSI is in a steady zone near 62.2. MACD remains on the bullish side. Volatility is elevated at roughly 87.1%.",No recent matched news was found for this ticker/date.,Relative strength versus the benchmark looked favorable. 1-month excess return 5.63%; 3-month excess return 37.73%; 6-month excess return 16.53%.,"Model view: the forward return estimate was mildly negative at about -27.53%. Confidence was not explicitly available for this prediction. Technical state is constructive, with price above the 50-day and 200-day averages. RSI is in a steady zone near 62.2. MACD remains on the bullish side. Volatility is elevated at roughly 87.1%. No recent matched news was found for this ticker/date. Relative strength versus the benchmark looked favorable. 1-month excess return 5.63%; 3-month excess return 37.73%; 6-month excess return 16.53%."
2022-03-21,KSS,-1.7082958446849483,-29.370041131653565,,hit,linear_regression,target_5d_return,"Technical state is constructive, with price above the 50-day and 200-day averages. RSI is in a steady zone near 61.1. MACD remains on the bullish side. Volatility is elevated at roughly 87.1%.",No recent matched news was found for this ticker/date.,Relative strength versus the benchmark looked favorable. 1-month excess return 4.69%; 3-month excess return 33.14%; 6-month excess return 15.22%.,"Model view: the forward return estimate was mildly negative at about -29.37%. Confidence was not explicitly available for this prediction. Technical state is constructive, with price above the 50-day and 200-day averages. RSI is in a steady zone near 61.1. MACD remains on the bullish side. Volatility is elevated at roughly 87.1%. No recent matched news was found for this ticker/date. Relative strength versus the benchmark looked favorable. 1-month excess return 4.69%; 3-month excess return 33.14%; 6-month excess return 15.22%."
2022-03-22,KSS,0.3231552187943798,-30.217544087633897,,miss,linear_regression,target_5d_return,"Technical state is constructive, with price above the 50-day and 200-day averages. RSI is in a steady zone near 60.7. MACD remains on the bullish side. Volatility is elevated at roughly 83.9%.",No recent matched news was found for this ticker/date.,Relative strength versus the benchmark looked favorable. 1-month excess return 3.32%; 3-month excess return 33.27%; 6-month excess return 14.45%.,"Model view: the forward return estimate was mildly negative at about -30.22%. Confidence was not explicitly available for this prediction. Technical state is constructive, with price above the 50-day and 200-day averages. RSI is in a steady zone near 60.7. MACD remains on the bullish side. Volatility is elevated at roughly 83.9%. No recent matched news was found for this ticker/date. Relative strength versus the benchmark looked favorable. 1-month excess return 3.32%; 3-month excess return 33.27%; 6-month excess return 14.45%."
2022-03-23,KSS,1.2695739879542423,-20.847028369331397,,miss,linear_regression,target_5d_return,"Technical state is constructive, with price above the 50-day and 200-day averages. RSI is in a steady zone near 57.0. MACD remains on the bullish side. Volatility is elevated at roughly 83.9%.",No recent matched news was found for this ticker/date.,Relative strength versus the benchmark looked favorable. 1-month excess return 7.92%; 3-month excess return 27.90%; 6-month excess return 12.32%.,"Model view: the forward return estimate was mildly negative at about -20.85%. Confidence was not explicitly available for this prediction. Technical state is constructive, with price above the 50-day and 200-day averages. RSI is in a steady zone near 57.0. MACD remains on the bullish side. Volatility is elevated at roughly 83.9%. No recent matched news was found for this ticker/date. Relative strength versus the benchmark looked favorable. 1-month excess return 7.92%; 3-month excess return 27.90%; 6-month excess return 12.32%."
2022-03-24,KSS,-1.0312670920635925,-23.33148287866983,,hit,linear_regression,target_5d_return,"Technical state is constructive, with price above the 50-day and 200-day averages. RSI is in a steady zone near 58.0. MACD remains on the bullish side. Volatility is elevated at roughly 82.7%.",No recent matched news was found for this ticker/date.,Relative strength versus the benchmark looked favorable. 1-month excess return 7.96%; 3-month excess return 27.75%; 6-month excess return 9.05%.,"Model view: the forward return estimate was mildly negative at about -23.33%. Confidence was not explicitly available for this prediction. Technical state is constructive, with price above the 50-day and 200-day averages. RSI is in a steady zone near 58.0. MACD remains on the bullish side. Volatility is elevated at roughly 82.7%. No recent matched news was found for this ticker/date. Relative strength versus the benchmark looked favorable. 1-month excess return 7.96%; 3-month excess return 27.75%; 6-month excess return 9.05%."
2022-03-25,KSS,-2.0931379087623214,-25.8229554515586,,hit,linear_regression,target_5d_return,"Technical state is constructive, with price above the 50-day and 200-day averages. RSI is in a steady zone near 59.2. MACD remains on the bullish side. Volatility is elevated at roughly 82.5%.",No recent matched news was found for this ticker/date.,Relative strength versus the benchmark looked favorable. 1-month excess return 5.03%; 3-month excess return 26.61%; 6-month excess return 10.18%.,"Model view: the forward return estimate was mildly negative at about -25.82%. Confidence was not explicitly available for this prediction. Technical state is constructive, with price above the 50-day and 200-day averages. RSI is in a steady zone near 59.2. MACD remains on the bullish side. Volatility is elevated at roughly 82.5%. No recent matched news was found for this ticker/date. Relative strength versus the benchmark looked favorable. 1-month excess return 5.03%; 3-month excess return 26.61%; 6-month excess return 10.18%."
2022-03-28,KSS,-0.6066613156245682,-24.986513526183685,,hit,linear_regression,target_5d_return,"Technical state is constructive, with price above the 50-day and 200-day averages. RSI is in a steady zone near 57.1. MACD remains on the bullish side. Volatility is elevated at roughly 82.1%.",No recent matched news was found for this ticker/date.,Relative strength versus the benchmark looked favorable. 1-month excess return 3.10%; 3-month excess return 24.58%; 6-month excess return 6.29%.,"Model view: the forward return estimate was mildly negative at about -24.99%. Confidence was not explicitly available for this prediction. Technical state is constructive, with price above the 50-day and 200-day averages. RSI is in a steady zone near 57.1. MACD remains on the bullish side. Volatility is elevated at roughly 82.1%. No recent matched news was found for this ticker/date. Relative strength versus the benchmark looked favorable. 1-month excess return 3.10%; 3-month excess return 24.58%; 6-month excess return 6.29%."
2022-03-29,KSS,-3.7848260079657026,-30.849043353114112,,hit,linear_regression,target_5d_return,"Technical state is constructive, with price above the 50-day and 200-day averages. RSI is in a steady zone near 59.7. MACD remains on the bullish side. Volatility is elevated at roughly 82.0%.",No recent matched news was found for this ticker/date.,Relative strength versus the benchmark looked favorable. 1-month excess return 5.92%; 3-month excess return 29.44%; 6-month excess return 8.42%.,"Model view: the forward return estimate was mildly negative at about -30.85%. Confidence was not explicitly available for this prediction. Technical state is constructive, with price above the 50-day and 200-day averages. RSI is in a steady zone near 59.7. MACD remains on the bullish side. Volatility is elevated at roughly 82.0%. No recent matched news was found for this ticker/date. Relative strength versus the benchmark looked favorable. 1-month excess return 5.92%; 3-month excess return 29.44%; 6-month excess return 8.42%."
2022-03-30,KSS,-5.584494615326707,-30.372757148584768,,hit,linear_regression,target_5d_return,"Technical state is constructive, with price above the 50-day and 200-day averages. RSI is in a steady zone near 57.4. MACD remains on the bullish side. Volatility is elevated at roughly 81.3%.",No recent matched news was found for this ticker/date.,Relative strength versus the benchmark looked favorable. 1-month excess return 1.48%; 3-month excess return 26.60%; 6-month excess return 8.91%.,"Model view: the forward return estimate was mildly negative at about -30.37%. Confidence was not explicitly available for this prediction. Technical state is constructive, with price above the 50-day and 200-day averages. RSI is in a steady zone near 57.4. MACD remains on the bullish side. Volatility is elevated at roughly 81.3%. No recent matched news was found for this ticker/date. Relative strength versus the benchmark looked favorable. 1-month excess return 1.48%; 3-month excess return 26.60%; 6-month excess return 8.91%."
2022-03-31,KSS,-4.0688043693742575,-29.20558279014425,,hit,linear_regression,target_5d_return,"Technical state is constructive, with price above the 50-day and 200-day averages. RSI is in a steady zone near 54.2. MACD remains on the bullish side. Volatility is elevated at roughly 81.5%.",No recent matched news was found for this ticker/date.,Relative strength versus the benchmark looked mixed. 1-month excess return -0.63%; 3-month excess return 25.43%; 6-month excess return 23.13%.,"Model view: the forward return estimate was mildly negative at about -29.21%. Confidence was not explicitly available for this prediction. Technical state is constructive, with price above the 50-day and 200-day averages. RSI is in a steady zone near 54.2. MACD remains on the bullish side. Volatility is elevated at roughly 81.5%. No recent matched news was found for this ticker/date. Relative strength versus the benchmark looked mixed. 1-month excess return -0.63%; 3-month excess return 25.43%; 6-month excess return 23.13%."
2022-04-01,KSS,-4.192904827475985,-28.029029534515487,,hit,linear_regression,target_5d_return,"Technical state is constructive, with price above the 50-day and 200-day averages. RSI is in a steady zone near 53.8. MACD remains on the bullish side. Volatility is elevated at roughly 81.5%.",No recent matched news was found for this ticker/date.,Relative strength versus the benchmark looked mixed. 1-month excess return -1.64%; 3-month excess return 26.81%; 6-month excess return 19.95%.,"Model view: the forward return estimate was mildly negative at about -28.03%. Confidence was not explicitly available for this prediction. Technical state is constructive, with price above the 50-day and 200-day averages. RSI is in a steady zone near 53.8. MACD remains on the bullish side. Volatility is elevated at roughly 81.5%. No recent matched news was found for this ticker/date. Relative strength versus the benchmark looked mixed. 1-month excess return -1.64%; 3-month excess return 26.81%; 6-month excess return 19.95%."
2022-04-04,KSS,-5.575713152380423,-25.024248094157613,,hit,linear_regression,target_5d_return,"Technical state is constructive, with price above the 50-day and 200-day averages. RSI is in a steady zone near 54.6. MACD remains on the bearish side. Volatility is elevated at roughly 64.9%.",No recent matched news was found for this ticker/date.,Relative strength versus the benchmark looked mixed. 1-month excess return -2.52%; 3-month excess return 26.68%; 6-month excess return 17.31%.,"Model view: the forward return estimate was mildly negative at about -25.02%. Confidence was not explicitly available for this prediction. Technical state is constructive, with price above the 50-day and 200-day averages. RSI is in a steady zone near 54.6. MACD remains on the bearish side. Volatility is elevated at roughly 64.9%. No recent matched news was found for this ticker/date. Relative strength versus the benchmark looked mixed. 1-month excess return -2.52%; 3-month excess return 26.68%; 6-month excess return 17.31%."
2022-04-05,KSS,0.9373912669232487,-16.807685485137497,,miss,linear_regression,target_5d_return,"Technical state is constructive, with price above the 50-day and 200-day averages. RSI is in a steady zone near 51.4. MACD remains on the bearish side. Volatility is elevated at roughly 64.1%.",No recent matched news was found for this ticker/date.,Relative strength versus the benchmark looked favorable. 1-month excess return 9.26%; 3-month excess return 25.83%; 6-month excess return 20.93%.,"Model view: the forward return estimate was mildly negative at about -16.81%. Confidence was not explicitly available for this prediction. Technical state is constructive, with price above the 50-day and 200-day averages. RSI is in a steady zone near 51.4. MACD remains on the bearish side. Volatility is elevated at roughly 64.1%. No recent matched news was found for this ticker/date. Relative strength versus the benchmark looked favorable. 1-month excess return 9.26%; 3-month excess return 25.83%; 6-month excess return 20.93%."
2022-04-06,KSS,4.862906730819017,-13.864548908958781,,miss,linear_regression,target_5d_return,"Technical state is mixed, with price not fully aligned across the major moving averages. MACD remains on the bearish side. Volatility is elevated at roughly 65.3%.",No recent matched news was found for this ticker/date.,Relative strength versus the benchmark looked favorable. 1-month excess return 1.44%; 3-month excess return 24.63%; 6-month excess return 23.59%.,"Model view: the forward return estimate was mildly negative at about -13.86%. Confidence was not explicitly available for this prediction. Technical state is mixed, with price not fully aligned across the major moving averages. MACD remains on the bearish side. Volatility is elevated at roughly 65.3%. No recent matched news was found for this ticker/date. Relative strength versus the benchmark looked favorable. 1-month excess return 1.44%; 3-month excess return 24.63%; 6-month excess return 23.59%."
2022-04-07,KSS,5.1724137931034475,-13.082239977970616,,miss,linear_regression,target_5d_return,"Technical state is mixed, with price not fully aligned across the major moving averages. MACD remains on the bearish side. Volatility is elevated at roughly 65.3%.",No recent matched news was found for this ticker/date.,Relative strength versus the benchmark looked favorable. 1-month excess return 2.41%; 3-month excess return 22.40%; 6-month excess return 21.31%.,"Model view: the forward return estimate was mildly negative at about -13.08%. Confidence was not explicitly available for this prediction. Technical state is mixed, with price not fully aligned across the major moving averages. MACD remains on the bearish side. Volatility is elevated at roughly 65.3%. No recent matched news was found for this ticker/date. Relative strength versus the benchmark looked favorable. 1-month excess return 2.41%; 3-month excess return 22.40%; 6-month excess return 21.31%."
2022-04-08,KSS,4.6012796821019775,-11.75991113478635,,miss,linear_regression,target_5d_return,"Technical state is mixed, with price not fully aligned across the major moving averages. MACD remains on the bearish side. Volatility is elevated at roughly 65.2%.",No recent matched news was found for this ticker/date.,Relative strength versus the benchmark looked favorable. 1-month excess return 0.94%; 3-month excess return 23.92%; 6-month excess return 23.32%.,"Model view: the forward return estimate was mildly negative at about -11.76%. Confidence was not explicitly available for this prediction. Technical state is mixed, with price not fully aligned across the major moving averages. MACD remains on the bearish side. Volatility is elevated at roughly 65.2%. No recent matched news was found for this ticker/date. Relative strength versus the benchmark looked favorable. 1-month excess return 0.94%; 3-month excess return 23.92%; 6-month excess return 23.32%."
2022-04-11,KSS,7.302579259097053,-9.775448965891982,,miss,linear_regression,target_5d_return,"Technical state is mixed, with price not fully aligned across the major moving averages. MACD remains on the bearish side. Volatility is elevated at roughly 65.3%.",No recent matched news was found for this ticker/date.,Relative strength versus the benchmark looked favorable. 1-month excess return 1.39%; 3-month excess return 28.38%; 6-month excess return 27.59%.,"Model view: the forward return estimate was mildly negative at about -9.78%. Confidence was not explicitly available for this prediction. Technical state is mixed, with price not fully aligned across the major moving averages. MACD remains on the bearish side. Volatility is elevated at roughly 65.3%. No recent matched news was found for this ticker/date. Relative strength versus the benchmark looked favorable. 1-month excess return 1.39%; 3-month excess return 28.38%; 6-month excess return 27.59%."
2022-04-12,KSS,0.4643492496465118,-17.728494046694706,,miss,linear_regression,target_5d_return,"Technical state is constructive, with price above the 50-day and 200-day averages. RSI is in a steady zone near 54.4. MACD remains on the bearish side. Volatility is elevated at roughly 67.6%.",No recent matched news was found for this ticker/date.,Relative strength versus the benchmark looked favorable. 1-month excess return 6.66%; 3-month excess return 29.80%; 6-month excess return 33.29%.,"Model view: the forward return estimate was mildly negative at about -17.73%. Confidence was not explicitly available for this prediction. Technical state is constructive, with price above the 50-day and 200-day averages. RSI is in a steady zone near 54.4. MACD remains on the bearish side. Volatility is elevated at roughly 67.6%. No recent matched news was found for this ticker/date. Relative strength versus the benchmark looked favorable. 1-month excess return 6.66%; 3-month excess return 29.80%; 6-month excess return 33.29%."
2022-04-13,KSS,-3.6178271883837487,-11.568791932191502,,hit,linear_regression,target_5d_return,"Technical state is constructive, with price above the 50-day and 200-day averages. RSI is in a steady zone near 56.0. MACD remains on the bearish side.",No recent matched news was found for this ticker/date.,Relative strength versus the benchmark looked favorable. 1-month excess return 8.97%; 3-month excess return 32.65%; 6-month excess return 32.71%.,"Model view: the forward return estimate was mildly negative at about -11.57%. Confidence was not explicitly available for this prediction. Technical state is constructive, with price above the 50-day and 200-day averages. RSI is in a steady zone near 56.0. MACD remains on the bearish side. No recent matched news was found for this ticker/date. Relative strength versus the benchmark looked favorable. 1-month excess return 8.97%; 3-month excess return 32.65%; 6-month excess return 32.71%."
2022-04-14,KSS,-5.967212114177767,-11.939575001555212,,hit,linear_regression,target_5d_return,"Technical state is constructive, with price above the 50-day and 200-day averages. RSI is in a steady zone near 56.6. MACD remains on the bearish side.",No recent matched news was found for this ticker/date.,Relative strength versus the benchmark looked mixed. 1-month excess return -3.85%; 3-month excess return 30.99%; 6-month excess return 33.16%.,"Model view: the forward return estimate was mildly negative at about -11.94%. Confidence was not explicitly available for this prediction. Technical state is constructive, with price above the 50-day and 200-day averages. RSI is in a steady zone near 56.6. MACD remains on the bearish side. No recent matched news was found for this ticker/date. Relative strength versus the benchmark looked mixed. 1-month excess return -3.85%; 3-month excess return 30.99%; 6-month excess return 33.16%."
2022-04-18,KSS,-0.13230003214766972,-11.338683180971927,,hit,linear_regression,target_5d_return,"Technical state is constructive, with price above the 50-day and 200-day averages. RSI is in a steady zone near 54.4. MACD remains on the bearish side.",No recent matched news was found for this ticker/date.,Relative strength versus the benchmark looked mixed. 1-month excess return -2.60%; 3-month excess return 32.35%; 6-month excess return 32.09%.,"Model view: the forward return estimate was mildly negative at about -11.34%. Confidence was not explicitly available for this prediction. Technical state is constructive, with price above the 50-day and 200-day averages. RSI is in a steady zone near 54.4. MACD remains on the bearish side. No recent matched news was found for this ticker/date. Relative strength versus the benchmark looked mixed. 1-month excess return -2.60%; 3-month excess return 32.35%; 6-month excess return 32.09%."
2022-04-19,KSS,-4.021487267407176,-14.611427615644786,,hit,linear_regression,target_5d_return,"Technical state is constructive, with price above the 50-day and 200-day averages. RSI is in a steady zone near 57.6. MACD remains on the bullish side.",No recent matched news was found for this ticker/date.,Relative strength versus the benchmark looked mixed. 1-month excess return -1.41%; 3-month excess return 26.01%; 6-month excess return 28.43%.,"Model view: the forward return estimate was mildly negative at about -14.61%. Confidence was not explicitly available for this prediction. Technical state is constructive, with price above the 50-day and 200-day averages. RSI is in a steady zone near 57.6. MACD remains on the bullish side. No recent matched news was found for this ticker/date. Relative strength versus the benchmark looked mixed. 1-month excess return -1.41%; 3-month excess return 26.01%; 6-month excess return 28.43%."
2022-04-20,KSS,-3.416974986719712,-11.376123798820274,,hit,linear_regression,target_5d_return,"Technical state is constructive, with price above the 50-day and 200-day averages. RSI is in a steady zone near 54.0. MACD remains on the bullish side.",No recent matched news was found for this ticker/date.,Relative strength versus the benchmark looked mixed. 1-month excess return -2.08%; 3-month excess return 18.48%; 6-month excess return 29.88%.,"Model view: the forward return estimate was mildly negative at about -11.38%. Confidence was not explicitly available for this prediction. Technical state is constructive, with price above the 50-day and 200-day averages. RSI is in a steady zone near 54.0. MACD remains on the bullish side. No recent matched news was found for this ticker/date. Relative strength versus the benchmark looked mixed. 1-month excess return -2.08%; 3-month excess return 18.48%; 6-month excess return 29.88%."
2022-04-21,KSS,0.9895888249743301,-5.864882046398904,,miss,linear_regression,target_5d_return,"Technical state is mixed, with price not fully aligned across the major moving averages. MACD remains on the bearish side.",No recent matched news was found for this ticker/date.,Relative strength versus the benchmark looked mixed. 1-month excess return -2.40%; 3-month excess return 23.85%; 6-month excess return 27.86%.,"Model view: the forward return estimate was mildly negative at about -5.86%. Confidence was not explicitly available for this prediction. Technical state is mixed, with price not fully aligned across the major moving averages. MACD remains on the bearish side. No recent matched news was found for this ticker/date. Relative strength versus the benchmark looked mixed. 1-month excess return -2.40%; 3-month excess return 23.85%; 6-month excess return 27.86%."
2022-04-22,KSS,0.9065558790629202,-1.7573932426960115,,miss,linear_regression,target_5d_return,"Technical state is mixed, with price not fully aligned across the major moving averages. MACD remains on the bearish side. Volatility is elevated at roughly 30.2%.",No recent matched news was found for this ticker/date.,Relative strength versus the benchmark looked mixed. 1-month excess return -1.11%; 3-month excess return 25.20%; 6-month excess return 27.35%.,"Model view: the forward return estimate was mildly negative at about -1.76%. Confidence was not explicitly available for this prediction. Technical state is mixed, with price not fully aligned across the major moving averages. MACD remains on the bearish side. Volatility is elevated at roughly 30.2%. No recent matched news was found for this ticker/date. Relative strength versus the benchmark looked mixed. 1-month excess return -1.11%; 3-month excess return 25.20%; 6-month excess return 27.35%."
2022-04-25,KSS,-2.64944277246566,-2.831692571887956,,hit,linear_regression,target_5d_return,"Technical state is constructive, with price above the 50-day and 200-day averages. RSI is in a steady zone near 53.1. MACD remains on the bearish side. Volatility is elevated at roughly 35.9%.",No recent matched news was found for this ticker/date.,Relative strength versus the benchmark looked favorable. 1-month excess return 3.74%; 3-month excess return -2.60%; 6-month excess return 28.34%.,"Model view: the forward return estimate was mildly negative at about -2.83%. Confidence was not explicitly available for this prediction. Technical state is constructive, with price above the 50-day and 200-day averages. RSI is in a steady zone near 53.1. MACD remains on the bearish side. Volatility is elevated at roughly 35.9%. No recent matched news was found for this ticker/date. Relative strength versus the benchmark looked favorable. 1-month excess return 3.74%; 3-month excess return -2.60%; 6-month excess return 28.34%."
2022-04-26,KSS,-2.391857216562654,-1.6264661629920598,,hit,linear_regression,target_5d_return,"Technical state is constructive, with price above the 50-day and 200-day averages. MACD remains on the bearish side. Volatility is elevated at roughly 36.7%.",No recent matched news was found for this ticker/date.,Relative strength versus the benchmark looked mixed. 1-month excess return 3.72%; 3-month excess return -1.10%; 6-month excess return 28.81%.,"Model view: the forward return estimate was mildly negative at about -1.63%. Confidence was not explicitly available for this prediction. Technical state is constructive, with price above the 50-day and 200-day averages. MACD remains on the bearish side. Volatility is elevated at roughly 36.7%. No recent matched news was found for this ticker/date. Relative strength versus the benchmark looked mixed. 1-month excess return 3.72%; 3-month excess return -1.10%; 6-month excess return 28.81%."
2022-04-27,KSS,0.4101891733920393,0.9776136508706513,,hit,linear_regression,target_5d_return,"Technical state is mixed, with price not fully aligned across the major moving averages. MACD remains on the bearish side. Volatility is elevated at roughly 36.0%.",No recent matched news was found for this ticker/date.,Relative strength versus the benchmark looked favorable. 1-month excess return 4.40%; 3-month excess return 0.87%; 6-month excess return 28.40%.,"Model view: the forward return estimate was mildly positive at about 0.98%. Confidence was not explicitly available for this prediction. Technical state is mixed, with price not fully aligned across the major moving averages. MACD remains on the bearish side. Volatility is elevated at roughly 36.0%. No recent matched news was found for this ticker/date. Relative strength versus the benchmark looked favorable. 1-month excess return 4.40%; 3-month excess return 0.87%; 6-month excess return 28.40%."
2022-04-28,KSS,-3.07484327935591,-5.018187074955094,,hit,linear_regression,target_5d_return,"Technical state is constructive, with price above the 50-day and 200-day averages. MACD remains on the bearish side. Volatility is elevated at roughly 36.2%.",No recent matched news was found for this ticker/date.,Relative strength versus the benchmark looked mixed. 1-month excess return 2.67%; 3-month excess return -0.11%; 6-month excess return 29.73%.,"Model view: the forward return estimate was mildly negative at about -5.02%. Confidence was not explicitly available for this prediction. Technical state is constructive, with price above the 50-day and 200-day averages. MACD remains on the bearish side. Volatility is elevated at roughly 36.2%. No recent matched news was found for this ticker/date. Relative strength versus the benchmark looked mixed. 1-month excess return 2.67%; 3-month excess return -0.11%; 6-month excess return 29.73%."
2022-04-29,KSS,-3.7145844613041823,8.64652438904831,,miss,linear_regression,target_5d_return,"Technical state is mixed, with price not fully aligned across the major moving averages. MACD remains on the bearish side. Volatility is elevated at roughly 36.7%.",No recent matched news was found for this ticker/date.,Relative strength versus the benchmark looked favorable. 1-month excess return 4.42%; 3-month excess return 2.99%; 6-month excess return 30.04%.,"Model view: the forward return estimate was mildly positive at about 8.65%. Confidence was not explicitly available for this prediction. Technical state is mixed, with price not fully aligned across the major moving averages. MACD remains on the bearish side. Volatility is elevated at roughly 36.7%. No recent matched news was found for this ticker/date. Relative strength versus the benchmark looked favorable. 1-month excess return 4.42%; 3-month excess return 2.99%; 6-month excess return 30.04%."
2022-05-02,KSS,-13.879911073886253,8.261921440408017,,miss,linear_regression,target_5d_return,"Technical state is constructive, with price above the 50-day and 200-day averages. MACD remains on the bearish side. Volatility is elevated at roughly 37.2%.",No recent matched news was found for this ticker/date.,Relative strength versus the benchmark looked favorable. 1-month excess return 5.45%; 3-month excess return 6.34%; 6-month excess return 30.87%.,"Model view: the forward return estimate was mildly positive at about 8.26%. Confidence was not explicitly available for this prediction. Technical state is constructive, with price above the 50-day and 200-day averages. MACD remains on the bearish side. Volatility is elevated at roughly 37.2%. No recent matched news was found for this ticker/date. Relative strength versus the benchmark looked favorable. 1-month excess return 5.45%; 3-month excess return 6.34%; 6-month excess return 30.87%."
2022-05-03,KSS,-14.164062210988948,10.50747851655963,,miss,linear_regression,target_5d_return,"Technical state is mixed, with price not fully aligned across the major moving averages. MACD remains on the bearish side. Volatility is elevated at roughly 37.8%.",No recent matched news was found for this ticker/date.,Relative strength versus the benchmark looked favorable. 1-month excess return 3.43%; 3-month excess return 5.00%; 6-month excess return 21.09%.,"Model view: the forward return estimate was mildly positive at about 10.51%. Confidence was not explicitly available for this prediction. Technical state is mixed, with price not fully aligned across the major moving averages. MACD remains on the bearish side. Volatility is elevated at roughly 37.8%. No recent matched news was found for this ticker/date. Relative strength versus the benchmark looked favorable. 1-month excess return 3.43%; 3-month excess return 5.00%; 6-month excess return 21.09%."
2022-05-04,KSS,-20.595742083610368,7.730745588808375,,miss,linear_regression,target_5d_return,"Technical state is constructive, with price above the 50-day and 200-day averages. MACD remains on the bearish side. Volatility is elevated at roughly 38.4%.",No recent matched news was found for this ticker/date.,Relative strength versus the benchmark looked favorable. 1-month excess return 2.99%; 3-month excess return 7.52%; 6-month excess return 19.37%.,"Model view: the forward return estimate was mildly positive at about 7.73%. Confidence was not explicitly available for this prediction. Technical state is constructive, with price above the 50-day and 200-day averages. MACD remains on the bearish side. Volatility is elevated at roughly 38.4%. No recent matched news was found for this ticker/date. Relative strength versus the benchmark looked favorable. 1-month excess return 2.99%; 3-month excess return 7.52%; 6-month excess return 19.37%."
2022-05-05,KSS,-17.186684319200207,13.509794489261921,,miss,linear_regression,target_5d_return,"Technical state is mixed, with price not fully aligned across the major moving averages. MACD remains on the bearish side. Volatility is elevated at roughly 37.8%.",No recent matched news was found for this ticker/date.,Relative strength versus the benchmark looked favorable. 1-month excess return 4.27%; 3-month excess return 5.27%; 6-month excess return 12.43%.,"Model view: the forward return estimate was mildly positive at about 13.51%. Confidence was not explicitly available for this prediction. Technical state is mixed, with price not fully aligned across the major moving averages. MACD remains on the bearish side. Volatility is elevated at roughly 37.8%. No recent matched news was found for this ticker/date. Relative strength versus the benchmark looked favorable. 1-month excess return 4.27%; 3-month excess return 5.27%; 6-month excess return 12.43%."
2022-05-06,KSS,-13.080927642933926,17.834629107091686,,miss,linear_regression,target_5d_return,"Technical state is mixed, with price not fully aligned across the major moving averages. MACD remains on the bearish side. Volatility is elevated at roughly 39.2%.",No recent matched news was found for this ticker/date.,Relative strength versus the benchmark looked favorable. 1-month excess return 3.99%; 3-month excess return 1.73%; 6-month excess return 9.91%.,"Model view: the forward return estimate was mildly positive at about 17.83%. Confidence was not explicitly available for this prediction. Technical state is mixed, with price not fully aligned across the major moving averages. MACD remains on the bearish side. Volatility is elevated at roughly 39.2%. No recent matched news was found for this ticker/date. Relative strength versus the benchmark looked favorable. 1-month excess return 3.99%; 3-month excess return 1.73%; 6-month excess return 9.91%."
2022-05-09,KSS,-7.051154689926453,20.037940870301497,,miss,linear_regression,target_5d_return,"Technical state is soft, with price below the 50-day and 200-day averages. RSI is weak near 30.2. MACD remains on the bearish side. Volatility is elevated at roughly 50.5%.",No recent matched news was found for this ticker/date.,Relative strength versus the benchmark looked weak. 1-month excess return -1.40%; 3-month excess return -4.13%; 6-month excess return 2.03%.,"Model view: the forward return estimate was mildly positive at about 20.04%. Confidence was not explicitly available for this prediction. Technical state is soft, with price below the 50-day and 200-day averages. RSI is weak near 30.2. MACD remains on the bearish side. Volatility is elevated at roughly 50.5%. No recent matched news was found for this ticker/date. Relative strength versus the benchmark looked weak. 1-month excess return -1.40%; 3-month excess return -4.13%; 6-month excess return 2.03%."
2022-05-10,KSS,-1.8627215637061378,20.250151997054985,,miss,linear_regression,target_5d_return,"Technical state is soft, with price below the 50-day and 200-day averages. RSI is weak near 28.4. MACD remains on the bearish side. Volatility is elevated at roughly 50.9%.",No recent matched news was found for this ticker/date.,Relative strength versus the benchmark looked weak. 1-month excess return -3.71%; 3-month excess return -7.71%; 6-month excess return -0.71%.,"Model view: the forward return estimate was mildly positive at about 20.25%. Confidence was not explicitly available for this prediction. Technical state is soft, with price below the 50-day and 200-day averages. RSI is weak near 28.4. MACD remains on the bearish side. Volatility is elevated at roughly 50.9%. No recent matched news was found for this ticker/date. Relative strength versus the benchmark looked weak. 1-month excess return -3.71%; 3-month excess return -7.71%; 6-month excess return -0.71%."
2022-05-11,KSS,-7.545552717315484,26.48688469227489,,miss,linear_regression,target_5d_return,"Technical state is soft, with price below the 50-day and 200-day averages. RSI is weak near 24.8. MACD remains on the bearish side. Volatility is elevated at roughly 48.4%.",No recent matched news was found for this ticker/date.,Relative strength versus the benchmark looked weak. 1-month excess return -7.75%; 3-month excess return -10.53%; 6-month excess return -5.67%.,"Model view: the forward return estimate was mildly positive at about 26.49%. Confidence was not explicitly available for this prediction. Technical state is soft, with price below the 50-day and 200-day averages. RSI is weak near 24.8. MACD remains on the bearish side. Volatility is elevated at roughly 48.4%. No recent matched news was found for this ticker/date. Relative strength versus the benchmark looked weak. 1-month excess return -7.75%; 3-month excess return -10.53%; 6-month excess return -5.67%."
2022-05-12,KSS,-5.19890021735987,22.460691875427415,,miss,linear_regression,target_5d_return,"Technical state is soft, with price below the 50-day and 200-day averages. RSI is weak near 27.9. MACD remains on the bearish side. Volatility is elevated at roughly 49.1%.",No recent matched news was found for this ticker/date.,Relative strength versus the benchmark looked weak. 1-month excess return -10.72%; 3-month excess return -8.86%; 6-month excess return -3.05%.,"Model view: the forward return estimate was mildly positive at about 22.46%. Confidence was not explicitly available for this prediction. Technical state is soft, with price below the 50-day and 200-day averages. RSI is weak near 27.9. MACD remains on the bearish side. Volatility is elevated at roughly 49.1%. No recent matched news was found for this ticker/date. Relative strength versus the benchmark looked weak. 1-month excess return -10.72%; 3-month excess return -8.86%; 6-month excess return -3.05%."
2022-05-13,KSS,-19.07514063940282,19.28646729185374,,miss,linear_regression,target_5d_return,"Technical state is soft, with price below the 50-day and 200-day averages. RSI is weak near 31.2. MACD remains on the bearish side. Volatility is elevated at roughly 50.1%.",No recent matched news was found for this ticker/date.,Relative strength versus the benchmark looked weak. 1-month excess return -10.94%; 3-month excess return -8.74%; 6-month excess return -3.35%.,"Model view: the forward return estimate was mildly positive at about 19.29%. Confidence was not explicitly available for this prediction. Technical state is soft, with price below the 50-day and 200-day averages. RSI is weak near 31.2. MACD remains on the bearish side. Volatility is elevated at roughly 50.1%. No recent matched news was found for this ticker/date. Relative strength versus the benchmark looked weak. 1-month excess return -10.94%; 3-month excess return -8.74%; 6-month excess return -3.35%."
2022-05-16,KSS,-18.742030253807062,24.020929856825788,,miss,linear_regression,target_5d_return,"Technical state is soft, with price below the 50-day and 200-day averages. RSI is weak near 29.1. MACD remains on the bearish side. Volatility is elevated at roughly 50.5%.",No recent matched news was found for this ticker/date.,Relative strength versus the benchmark looked weak. 1-month excess return -14.24%; 3-month excess return -10.10%; 6-month excess return -3.56%.,"Model view: the forward return estimate was mildly positive at about 24.02%. Confidence was not explicitly available for this prediction. Technical state is soft, with price below the 50-day and 200-day averages. RSI is weak near 29.1. MACD remains on the bearish side. Volatility is elevated at roughly 50.5%. No recent matched news was found for this ticker/date. Relative strength versus the benchmark looked weak. 1-month excess return -14.24%; 3-month excess return -10.10%; 6-month excess return -3.56%."
2022-05-17,KSS,-25.355891491659133,17.440783930798474,,miss,linear_regression,target_5d_return,"Technical state is soft, with price below the 50-day and 200-day averages. RSI is weak near 34.0. MACD remains on the bearish side. Volatility is elevated at roughly 51.8%.",No recent matched news was found for this ticker/date.,Relative strength versus the benchmark looked weak. 1-month excess return -13.04%; 3-month excess return -10.33%; 6-month excess return -4.25%.,"Model view: the forward return estimate was mildly positive at about 17.44%. Confidence was not explicitly available for this prediction. Technical state is soft, with price below the 50-day and 200-day averages. RSI is weak near 34.0. MACD remains on the bearish side. Volatility is elevated at roughly 51.8%. No recent matched news was found for this ticker/date. Relative strength versus the benchmark looked weak. 1-month excess return -13.04%; 3-month excess return -10.33%; 6-month excess return -4.25%."
2022-05-18,KSS,-6.144218549157365,29.667029254112947,,miss,linear_regression,target_5d_return,"Technical state is soft, with price below the 50-day and 200-day averages. RSI is weak near 26.5. MACD remains on the bearish side. Volatility is elevated at roughly 62.6%.",No recent matched news was found for this ticker/date.,Relative strength versus the benchmark looked weak. 1-month excess return -17.88%; 3-month excess return -14.91%; 6-month excess return -9.52%.,"Model view: the forward return estimate was mildly positive at about 29.67%. Confidence was not explicitly available for this prediction. Technical state is soft, with price below the 50-day and 200-day averages. RSI is weak near 26.5. MACD remains on the bearish side. Volatility is elevated at roughly 62.6%. No recent matched news was found for this ticker/date. Relative strength versus the benchmark looked weak. 1-month excess return -17.88%; 3-month excess return -14.91%; 6-month excess return -9.52%."
2022-05-19,KSS,-4.107465033777514,26.784550189446136,,miss,linear_regression,target_5d_return,"Technical state is soft, with price below the 50-day and 200-day averages. RSI is weak near 32.3. MACD remains on the bearish side. Volatility is elevated at roughly 65.7%.",No recent matched news was found for this ticker/date.,Relative strength versus the benchmark looked weak. 1-month excess return -13.23%; 3-month excess return -11.63%; 6-month excess return -3.42%.,"Model view: the forward return estimate was mildly positive at about 26.78%. Confidence was not explicitly available for this prediction. Technical state is soft, with price below the 50-day and 200-day averages. RSI is weak near 32.3. MACD remains on the bearish side. Volatility is elevated at roughly 65.7%. No recent matched news was found for this ticker/date. Relative strength versus the benchmark looked weak. 1-month excess return -13.23%; 3-month excess return -11.63%; 6-month excess return -3.42%."
2022-05-20,KSS,6.811219686173042,35.27049773278931,,hit,linear_regression,target_5d_return,"Technical state is soft, with price below the 50-day and 200-day averages. RSI is weak near 25.6. MACD remains on the bearish side. Volatility is elevated at roughly 77.9%.",No recent matched news was found for this ticker/date.,Relative strength versus the benchmark looked weak. 1-month excess return -22.03%; 3-month excess return -21.79%; 6-month excess return -20.16%.,"Model view: the forward return estimate was mildly positive at about 35.27%. Confidence was not explicitly available for this prediction. Technical state is soft, with price below the 50-day and 200-day averages. RSI is weak near 25.6. MACD remains on the bearish side. Volatility is elevated at roughly 77.9%. No recent matched news was found for this ticker/date. Relative strength versus the benchmark looked weak. 1-month excess return -22.03%; 3-month excess return -21.79%; 6-month excess return -20.16%."
2022-05-23,KSS,5.4393251178351365,33.781528166349645,,hit,linear_regression,target_5d_return,"Technical state is soft, with price below the 50-day and 200-day averages. RSI is weak near 24.7. MACD remains on the bearish side. Volatility is elevated at roughly 73.3%.",No recent matched news was found for this ticker/date.,Relative strength versus the benchmark looked weak. 1-month excess return -26.48%; 3-month excess return -22.03%; 6-month excess return -17.56%.,"Model view: the forward return estimate was mildly positive at about 33.78%. Confidence was not explicitly available for this prediction. Technical state is soft, with price below the 50-day and 200-day averages. RSI is weak near 24.7. MACD remains on the bearish side. Volatility is elevated at roughly 73.3%. No recent matched news was found for this ticker/date. Relative strength versus the benchmark looked weak. 1-month excess return -26.48%; 3-month excess return -22.03%; 6-month excess return -17.56%."
2022-05-24,KSS,11.111112282629222,39.21876519143041,,hit,linear_regression,target_5d_return,"Technical state is soft, with price below the 50-day and 200-day averages. RSI is weak near 22.9. MACD remains on the bearish side. Volatility is elevated at roughly 74.2%.",No recent matched news was found for this ticker/date.,Relative strength versus the benchmark looked weak. 1-month excess return -32.06%; 3-month excess return -25.45%; 6-month excess return -21.39%.,"Model view: the forward return estimate was mildly positive at about 39.22%. Confidence was not explicitly available for this prediction. Technical state is soft, with price below the 50-day and 200-day averages. RSI is weak near 22.9. MACD remains on the bearish side. Volatility is elevated at roughly 74.2%. No recent matched news was found for this ticker/date. Relative strength versus the benchmark looked weak. 1-month excess return -32.06%; 3-month excess return -25.45%; 6-month excess return -21.39%."
2022-05-25,KSS,1.729250916144598,27.52496165172903,,hit,linear_regression,target_5d_return,"Technical state is soft, with price below the 50-day and 200-day averages. RSI is weak near 34.0. MACD remains on the bearish side. Volatility is elevated at roughly 89.6%.",No recent matched news was found for this ticker/date.,Relative strength versus the benchmark looked weak. 1-month excess return -26.80%; 3-month excess return -20.03%; 6-month excess return -12.78%.,"Model view: the forward return estimate was mildly positive at about 27.52%. Confidence was not explicitly available for this prediction. Technical state is soft, with price below the 50-day and 200-day averages. RSI is weak near 34.0. MACD remains on the bearish side. Volatility is elevated at roughly 89.6%. No recent matched news was found for this ticker/date. Relative strength versus the benchmark looked weak. 1-month excess return -26.80%; 3-month excess return -20.03%; 6-month excess return -12.78%."
2022-05-26,KSS,-3.9592478324719904,22.24373950396216,,miss,linear_regression,target_5d_return,"Technical state is soft, with price below the 50-day and 200-day averages. RSI is weak near 39.9. MACD remains on the bearish side. Volatility is elevated at roughly 94.0%.",No recent matched news was found for this ticker/date.,Relative strength versus the benchmark looked weak. 1-month excess return -23.30%; 3-month excess return -16.63%; 6-month excess return -8.24%.,"Model view: the forward return estimate was mildly positive at about 22.24%. Confidence was not explicitly available for this prediction. Technical state is soft, with price below the 50-day and 200-day averages. RSI is weak near 39.9. MACD remains on the bearish side. Volatility is elevated at roughly 94.0%. No recent matched news was found for this ticker/date. Relative strength versus the benchmark looked weak. 1-month excess return -23.30%; 3-month excess return -16.63%; 6-month excess return -8.24%."
2022-05-27,KSS,0.5970862344818917,24.393329267519807,,hit,linear_regression,target_5d_return,"Technical state is soft, with price below the 50-day and 200-day averages. RSI is weak near 38.1. MACD remains on the bearish side. Volatility is elevated at roughly 94.1%.",No recent matched news was found for this ticker/date.,Relative strength versus the benchmark looked weak. 1-month excess return -26.38%; 3-month excess return -19.85%; 6-month excess return -12.79%.,"Model view: the forward return estimate was mildly positive at about 24.39%. Confidence was not explicitly available for this prediction. Technical state is soft, with price below the 50-day and 200-day averages. RSI is weak near 38.1. MACD remains on the bearish side. Volatility is elevated at roughly 94.1%. No recent matched news was found for this ticker/date. Relative strength versus the benchmark looked weak. 1-month excess return -26.38%; 3-month excess return -19.85%; 6-month excess return -12.79%."
2022-05-31,KSS,13.070437742191165,28.39438562777614,,hit,linear_regression,target_5d_return,"Technical state is soft, with price below the 50-day and 200-day averages. RSI is weak near 36.1. MACD remains on the bearish side. Volatility is elevated at roughly 93.8%.",No recent matched news was found for this ticker/date.,Relative strength versus the benchmark looked weak. 1-month excess return -30.60%; 3-month excess return -25.05%; 6-month excess return -13.25%.,"Model view: the forward return estimate was mildly positive at about 28.39%. Confidence was not explicitly available for this prediction. Technical state is soft, with price below the 50-day and 200-day averages. RSI is weak near 36.1. MACD remains on the bearish side. Volatility is elevated at roughly 93.8%. No recent matched news was found for this ticker/date. Relative strength versus the benchmark looked weak. 1-month excess return -30.60%; 3-month excess return -25.05%; 6-month excess return -13.25%."
2022-06-01,KSS,13.830839435504515,27.972598015424737,,hit,linear_regression,target_5d_return,"Technical state is soft, with price below the 50-day and 200-day averages. RSI is weak near 35.9. MACD remains on the bearish side. Volatility is elevated at roughly 93.9%.",No recent matched news was found for this ticker/date.,Relative strength versus the benchmark looked weak. 1-month excess return -30.42%; 3-month excess return -25.37%; 6-month excess return -11.37%.,"Model view: the forward return estimate was mildly positive at about 27.97%. Confidence was not explicitly available for this prediction. Technical state is soft, with price below the 50-day and 200-day averages. RSI is weak near 35.9. MACD remains on the bearish side. Volatility is elevated at roughly 93.9%. No recent matched news was found for this ticker/date. Relative strength versus the benchmark looked weak. 1-month excess return -30.42%; 3-month excess return -25.37%; 6-month excess return -11.37%."
2022-06-02,KSS,13.161724450653022,23.43289355389409,,hit,linear_regression,target_5d_return,"Technical state is soft, with price below the 50-day and 200-day averages. RSI is weak near 38.3. MACD remains on the bullish side. Volatility is elevated at roughly 94.1%.",No recent matched news was found for this ticker/date.,Relative strength versus the benchmark looked weak. 1-month excess return -28.67%; 3-month excess return -25.97%; 6-month excess return -7.41%.,"Model view: the forward return estimate was mildly positive at about 23.43%. Confidence was not explicitly available for this prediction. Technical state is soft, with price below the 50-day and 200-day averages. RSI is weak near 38.3. MACD remains on the bullish side. Volatility is elevated at roughly 94.1%. No recent matched news was found for this ticker/date. Relative strength versus the benchmark looked weak. 1-month excess return -28.67%; 3-month excess return -25.97%; 6-month excess return -7.41%."
2022-06-03,KSS,10.294118864239167,31.718256980370853,,hit,linear_regression,target_5d_return,"Technical state is soft, with price below the 50-day and 200-day averages. RSI is weak near 39.1. MACD remains on the bullish side. Volatility is elevated at roughly 94.4%.",No recent matched news was found for this ticker/date.,Relative strength versus the benchmark looked weak. 1-month excess return -25.11%; 3-month excess return -24.41%; 6-month excess return -6.60%.,"Model view: the forward return estimate was mildly positive at about 31.72%. Confidence was not explicitly available for this prediction. Technical state is soft, with price below the 50-day and 200-day averages. RSI is weak near 39.1. MACD remains on the bullish side. Volatility is elevated at roughly 94.4%. No recent matched news was found for this ticker/date. Relative strength versus the benchmark looked weak. 1-month excess return -25.11%; 3-month excess return -24.41%; 6-month excess return -6.60%."
2022-06-06,KSS,-3.7511824701433327,27.769945742165277,,miss,linear_regression,target_5d_return,"Technical state is soft, with price below the 50-day and 200-day averages. MACD remains on the bullish side. Volatility is elevated at roughly 94.8%.",No recent matched news was found for this ticker/date.,Relative strength versus the benchmark looked weak. 1-month excess return -26.05%; 3-month excess return -15.80%; 6-month excess return -3.86%.,"Model view: the forward return estimate was mildly positive at about 27.77%. Confidence was not explicitly available for this prediction. Technical state is soft, with price below the 50-day and 200-day averages. MACD remains on the bullish side. Volatility is elevated at roughly 94.8%. No recent matched news was found for this ticker/date. Relative strength versus the benchmark looked weak. 1-month excess return -26.05%; 3-month excess return -15.80%; 6-month excess return -3.86%."
2022-06-07,KSS,-9.914455895230123,19.11018753481261,,miss,linear_regression,target_5d_return,"Technical state is soft, with price below the 50-day and 200-day averages. MACD remains on the bullish side. Volatility is elevated at roughly 95.6%.",No recent matched news was found for this ticker/date.,Relative strength versus the benchmark looked weak. 1-month excess return -19.27%; 3-month excess return -14.41%; 6-month excess return -1.33%.,"Model view: the forward return estimate was mildly positive at about 19.11%. Confidence was not explicitly available for this prediction. Technical state is soft, with price below the 50-day and 200-day averages. MACD remains on the bullish side. Volatility is elevated at roughly 95.6%. No recent matched news was found for this ticker/date. Relative strength versus the benchmark looked weak. 1-month excess return -19.27%; 3-month excess return -14.41%; 6-month excess return -1.33%."
2022-06-08,KSS,-6.4903791847568115,23.900111343891652,,miss,linear_regression,target_5d_return,"Technical state is soft, with price below the 50-day and 200-day averages. MACD remains on the bullish side. Volatility is elevated at roughly 95.3%.",No recent matched news was found for this ticker/date.,Relative strength versus the benchmark looked weak. 1-month excess return -12.92%; 3-month excess return -11.46%; 6-month excess return -0.01%.,"Model view: the forward return estimate was mildly positive at about 23.90%. Confidence was not explicitly available for this prediction. Technical state is soft, with price below the 50-day and 200-day averages. MACD remains on the bullish side. Volatility is elevated at roughly 95.3%. No recent matched news was found for this ticker/date. Relative strength versus the benchmark looked weak. 1-month excess return -12.92%; 3-month excess return -11.46%; 6-month excess return -0.01%."
2022-06-09,KSS,-13.497848297834548,30.243068488674353,,miss,linear_regression,target_5d_return,"Technical state is soft, with price below the 50-day and 200-day averages. RSI is in a steady zone near 51.2. MACD remains on the bullish side. Volatility is elevated at roughly 93.4%.",No recent matched news was found for this ticker/date.,Relative strength versus the benchmark looked weak. 1-month excess return -6.26%; 3-month excess return -8.80%; 6-month excess return 5.66%.,"Model view: the forward return estimate was mildly positive at about 30.24%. Confidence was not explicitly available for this prediction. Technical state is soft, with price below the 50-day and 200-day averages. RSI is in a steady zone near 51.2. MACD remains on the bullish side. Volatility is elevated at roughly 93.4%. No recent matched news was found for this ticker/date. Relative strength versus the benchmark looked weak. 1-month excess return -6.26%; 3-month excess return -8.80%; 6-month excess return 5.66%."
2022-06-10,KSS,-12.02185792349727,32.61013520084698,,miss,linear_regression,target_5d_return,"Technical state is soft, with price below the 50-day and 200-day averages. MACD remains on the bullish side. Volatility is elevated at roughly 93.4%.",No recent matched news was found for this ticker/date.,Relative strength versus the benchmark looked weak. 1-month excess return -1.19%; 3-month excess return -7.96%; 6-month excess return 6.75%.,"Model view: the forward return estimate was mildly positive at about 32.61%. Confidence was not explicitly available for this prediction. Technical state is soft, with price below the 50-day and 200-day averages. MACD remains on the bullish side. Volatility is elevated at roughly 93.4%. No recent matched news was found for this ticker/date. Relative strength versus the benchmark looked weak. 1-month excess return -1.19%; 3-month excess return -7.96%; 6-month excess return 6.75%."
2022-06-13,KSS,4.415394363846081,38.95853885070548,,hit,linear_regression,target_5d_return,"Technical state is soft, with price below the 50-day and 200-day averages. RSI is weak near 39.2. MACD remains on the bullish side. Volatility is elevated at roughly 101.3%.",No recent matched news was found for this ticker/date.,Relative strength versus the benchmark looked weak. 1-month excess return -10.18%; 3-month excess return -14.71%; 6-month excess return -1.26%.,"Model view: the forward return estimate was mildly positive at about 38.96%. Confidence was not explicitly available for this prediction. Technical state is soft, with price below the 50-day and 200-day averages. RSI is weak near 39.2. MACD remains on the bullish side. Volatility is elevated at roughly 101.3%. No recent matched news was found for this ticker/date. Relative strength versus the benchmark looked weak. 1-month excess return -10.18%; 3-month excess return -14.71%; 6-month excess return -1.26%."
2022-06-14,KSS,-5.989771372661279,41.9701591155018,,miss,linear_regression,target_5d_return,"Technical state is soft, with price below the 50-day and 200-day averages. MACD remains on the bullish side. Volatility is elevated at roughly 101.2%.",No recent matched news was found for this ticker/date.,Relative strength versus the benchmark looked weak. 1-month excess return -8.29%; 3-month excess return -11.40%; 6-month excess return 4.47%.,"Model view: the forward return estimate was mildly positive at about 41.97%. Confidence was not explicitly available for this prediction. Technical state is soft, with price below the 50-day and 200-day averages. MACD remains on the bullish side. Volatility is elevated at roughly 101.2%. No recent matched news was found for this ticker/date. Relative strength versus the benchmark looked weak. 1-month excess return -8.29%; 3-month excess return -11.40%; 6-month excess return 4.47%."
2022-06-15,KSS,-10.306145718757953,36.425296253367165,,miss,linear_regression,target_5d_return,"Technical state is soft, with price below the 50-day and 200-day averages. MACD remains on the bullish side. Volatility is elevated at roughly 101.9%.",No recent matched news was found for this ticker/date.,Relative strength versus the benchmark looked weak. 1-month excess return -3.82%; 3-month excess return -19.22%; 6-month excess return 4.65%.,"Model view: the forward return estimate was mildly positive at about 36.43%. Confidence was not explicitly available for this prediction. Technical state is soft, with price below the 50-day and 200-day averages. MACD remains on the bullish side. Volatility is elevated at roughly 101.9%. No recent matched news was found for this ticker/date. Relative strength versus the benchmark looked weak. 1-month excess return -3.82%; 3-month excess return -19.22%; 6-month excess return 4.65%."
2022-06-16,KSS,-2.6296237588157467,51.82224300105533,,miss,linear_regression,target_5d_return,"Technical state is soft, with price below the 50-day and 200-day averages. MACD remains on the bullish side. Volatility is elevated at roughly 96.2%.",No recent matched news was found for this ticker/date.,Relative strength versus the benchmark looked weak. 1-month excess return -6.67%; 3-month excess return -18.68%; 6-month excess return 4.07%.,"Model view: the forward return estimate was mildly positive at about 51.82%. Confidence was not explicitly available for this prediction. Technical state is soft, with price below the 50-day and 200-day averages. MACD remains on the bullish side. Volatility is elevated at roughly 96.2%. No recent matched news was found for this ticker/date. Relative strength versus the benchmark looked weak. 1-month excess return -6.67%; 3-month excess return -18.68%; 6-month excess return 4.07%."
2022-06-17,KSS,-6.385092409501169,50.7867392338148,,miss,linear_regression,target_5d_return,"Technical state is soft, with price below the 50-day and 200-day averages. MACD remains on the bullish side. Volatility is elevated at roughly 94.6%.",No recent matched news was found for this ticker/date.,Relative strength versus the benchmark looked weak. 1-month excess return -0.46%; 3-month excess return -17.98%; 6-month excess return 7.14%.,"Model view: the forward return estimate was mildly positive at about 50.79%. Confidence was not explicitly available for this prediction. Technical state is soft, with price below the 50-day and 200-day averages. MACD remains on the bullish side. Volatility is elevated at roughly 94.6%. No recent matched news was found for this ticker/date. Relative strength versus the benchmark looked weak. 1-month excess return -0.46%; 3-month excess return -17.98%; 6-month excess return 7.14%."
2022-06-21,KSS,-13.016777457798623,43.00151750493795,,miss,linear_regression,target_5d_return,"Technical state is soft, with price below the 50-day and 200-day averages. MACD remains on the bullish side. Volatility is elevated at roughly 84.0%.",No recent matched news was found for this ticker/date.,Relative strength versus the benchmark looked weak. 1-month excess return -2.75%; 3-month excess return -16.25%; 6-month excess return 6.92%.,"Model view: the forward return estimate was mildly positive at about 43.00%. Confidence was not explicitly available for this prediction. Technical state is soft, with price below the 50-day and 200-day averages. MACD remains on the bullish side. Volatility is elevated at roughly 84.0%. No recent matched news was found for this ticker/date. Relative strength versus the benchmark looked weak. 1-month excess return -2.75%; 3-month excess return -16.25%; 6-month excess return 6.92%."
2022-06-22,KSS,-6.993008858475824,51.082657811887714,,miss,linear_regression,target_5d_return,"Technical state is soft, with price below the 50-day and 200-day averages. RSI is weak near 38.9. MACD remains on the bullish side. Volatility is elevated at roughly 89.8%.",No recent matched news was found for this ticker/date.,Relative strength versus the benchmark looked mixed. 1-month excess return 1.99%; 3-month excess return -20.93%; 6-month excess return 0.08%.,"Model view: the forward return estimate was mildly positive at about 51.08%. Confidence was not explicitly available for this prediction. Technical state is soft, with price below the 50-day and 200-day averages. RSI is weak near 38.9. MACD remains on the bullish side. Volatility is elevated at roughly 89.8%. No recent matched news was found for this ticker/date. Relative strength versus the benchmark looked mixed. 1-month excess return 1.99%; 3-month excess return -20.93%; 6-month excess return 0.08%."
2022-06-23,KSS,-7.008864946700088,47.406882622876594,,miss,linear_regression,target_5d_return,"Technical state is soft, with price below the 50-day and 200-day averages. RSI is weak near 38.5. MACD remains on the bullish side. Volatility is elevated at roughly 87.4%.",No recent matched news was found for this ticker/date.,Relative strength versus the benchmark looked weak. 1-month excess return 4.66%; 3-month excess return -22.01%; 6-month excess return -3.51%.,"Model view: the forward return estimate was mildly positive at about 47.41%. Confidence was not explicitly available for this prediction. Technical state is soft, with price below the 50-day and 200-day averages. RSI is weak near 38.5. MACD remains on the bullish side. Volatility is elevated at roughly 87.4%. No recent matched news was found for this ticker/date. Relative strength versus the benchmark looked weak. 1-month excess return 4.66%; 3-month excess return -22.01%; 6-month excess return -3.51%."
2022-06-24,KSS,-26.929935528214564,46.38246822654156,,miss,linear_regression,target_5d_return,"Technical state is soft, with price below the 50-day and 200-day averages. MACD remains on the bullish side. Volatility is elevated at roughly 76.7%.",No recent matched news was found for this ticker/date.,Relative strength versus the benchmark looked weak. 1-month excess return 9.09%; 3-month excess return -22.70%; 6-month excess return -4.03%.,"Model view: the forward return estimate was mildly positive at about 46.38%. Confidence was not explicitly available for this prediction. Technical state is soft, with price below the 50-day and 200-day averages. MACD remains on the bullish side. Volatility is elevated at roughly 76.7%. No recent matched news was found for this ticker/date. Relative strength versus the benchmark looked weak. 1-month excess return 9.09%; 3-month excess return -22.70%; 6-month excess return -4.03%."
2022-06-27,KSS,-21.947984051973833,48.46926045140928,,miss,linear_regression,target_5d_return,"Technical state is soft, with price below the 50-day and 200-day averages. RSI is weak near 38.0. MACD remains on the bearish side. Volatility is elevated at roughly 73.6%.",No recent matched news was found for this ticker/date.,Relative strength versus the benchmark looked weak. 1-month excess return -5.12%; 3-month excess return -25.05%; 6-month excess return -7.82%.,"Model view: the forward return estimate was mildly positive at about 48.47%. Confidence was not explicitly available for this prediction. Technical state is soft, with price below the 50-day and 200-day averages. RSI is weak near 38.0. MACD remains on the bearish side. Volatility is elevated at roughly 73.6%. No recent matched news was found for this ticker/date. Relative strength versus the benchmark looked weak. 1-month excess return -5.12%; 3-month excess return -25.05%; 6-month excess return -7.82%."
2022-06-28,KSS,-25.665396344148274,50.28003630660636,,miss,linear_regression,target_5d_return,"Technical state is soft, with price below the 50-day and 200-day averages. RSI is weak near 36.6. MACD remains on the bearish side. Volatility is elevated at roughly 73.3%.",No recent matched news was found for this ticker/date.,Relative strength versus the benchmark looked weak. 1-month excess return -8.96%; 3-month excess return -23.38%; 6-month excess return -7.49%.,"Model view: the forward return estimate was mildly positive at about 50.28%. Confidence was not explicitly available for this prediction. Technical state is soft, with price below the 50-day and 200-day averages. RSI is weak near 36.6. MACD remains on the bearish side. Volatility is elevated at roughly 73.3%. No recent matched news was found for this ticker/date. Relative strength versus the benchmark looked weak. 1-month excess return -8.96%; 3-month excess return -23.38%; 6-month excess return -7.49%."
2022-06-29,KSS,-21.30325717359082,52.60965991670995,,miss,linear_regression,target_5d_return,"Technical state is soft, with price below the 50-day and 200-day averages. RSI is weak near 35.0. MACD remains on the bearish side. Volatility is elevated at roughly 72.7%.",No recent matched news was found for this ticker/date.,Relative strength versus the benchmark looked weak. 1-month excess return -5.81%; 3-month excess return -24.57%; 6-month excess return -6.75%.,"Model view: the forward return estimate was mildly positive at about 52.61%. Confidence was not explicitly available for this prediction. Technical state is soft, with price below the 50-day and 200-day averages. RSI is weak near 35.0. MACD remains on the bearish side. Volatility is elevated at roughly 72.7%. No recent matched news was found for this ticker/date. Relative strength versus the benchmark looked weak. 1-month excess return -5.81%; 3-month excess return -24.57%; 6-month excess return -6.75%."
2022-06-30,KSS,-18.268419168656756,54.11192168292008,,miss,linear_regression,target_5d_return,"Technical state is soft, with price below the 50-day and 200-day averages. RSI is weak near 34.6. MACD remains on the bearish side. Volatility is elevated at roughly 72.7%.",No recent matched news was found for this ticker/date.,Relative strength versus the benchmark looked weak. 1-month excess return -2.84%; 3-month excess return -24.16%; 6-month excess return -7.75%.,"Model view: the forward return estimate was mildly positive at about 54.11%. Confidence was not explicitly available for this prediction. Technical state is soft, with price below the 50-day and 200-day averages. RSI is weak near 34.6. MACD remains on the bearish side. Volatility is elevated at roughly 72.7%. No recent matched news was found for this ticker/date. Relative strength versus the benchmark looked weak. 1-month excess return -2.84%; 3-month excess return -24.16%; 6-month excess return -7.75%."
2022-07-01,KSS,1.7085068546172089,67.32650439535702,,hit,linear_regression,target_5d_return,"Technical state is soft, with price below the 50-day and 200-day averages. RSI is weak near 25.3. MACD remains on the bearish side. Volatility is elevated at roughly 98.5%.",No recent matched news was found for this ticker/date.,Relative strength versus the benchmark looked weak. 1-month excess return -21.74%; 3-month excess return -36.97%; 6-month excess return -23.00%.,"Model view: the forward return estimate was mildly positive at about 67.33%. Confidence was not explicitly available for this prediction. Technical state is soft, with price below the 50-day and 200-day averages. RSI is weak near 25.3. MACD remains on the bearish side. Volatility is elevated at roughly 98.5%. No recent matched news was found for this ticker/date. Relative strength versus the benchmark looked weak. 1-month excess return -21.74%; 3-month excess return -36.97%; 6-month excess return -23.00%."
2022-07-05,KSS,-1.5640907407659665,59.13268133640859,,miss,linear_regression,target_5d_return,"Technical state is soft, with price below the 50-day and 200-day averages. RSI is weak near 27.5. MACD remains on the bearish side. Volatility is elevated at roughly 99.3%.",No recent matched news was found for this ticker/date.,Relative strength versus the benchmark looked weak. 1-month excess return -20.09%; 3-month excess return -35.58%; 6-month excess return -20.87%.,"Model view: the forward return estimate was mildly positive at about 59.13%. Confidence was not explicitly available for this prediction. Technical state is soft, with price below the 50-day and 200-day averages. RSI is weak near 27.5. MACD remains on the bearish side. Volatility is elevated at roughly 99.3%. No recent matched news was found for this ticker/date. Relative strength versus the benchmark looked weak. 1-month excess return -20.09%; 3-month excess return -35.58%; 6-month excess return -20.87%."
2022-07-06,KSS,2.3017871444984905,63.41137504705945,,hit,linear_regression,target_5d_return,"Technical state is soft, with price below the 50-day and 200-day averages. RSI is weak near 25.2. MACD remains on the bearish side. Volatility is elevated at roughly 100.4%.",No recent matched news was found for this ticker/date.,Relative strength versus the benchmark looked weak. 1-month excess return -27.36%; 3-month excess return -38.77%; 6-month excess return -25.01%.,"Model view: the forward return estimate was mildly positive at about 63.41%. Confidence was not explicitly available for this prediction. Technical state is soft, with price below the 50-day and 200-day averages. RSI is weak near 25.2. MACD remains on the bearish side. Volatility is elevated at roughly 100.4%. No recent matched news was found for this ticker/date. Relative strength versus the benchmark looked weak. 1-month excess return -27.36%; 3-month excess return -38.77%; 6-month excess return -25.01%."
2022-07-07,KSS,-4.600145555131929,58.20552144920923,,miss,linear_regression,target_5d_return,"Technical state is soft, with price below the 50-day and 200-day averages. RSI is weak near 28.0. MACD remains on the bearish side. Volatility is elevated at roughly 95.2%.",No recent matched news was found for this ticker/date.,Relative strength versus the benchmark looked weak. 1-month excess return -27.37%; 3-month excess return -38.91%; 6-month excess return -24.53%.,"Model view: the forward return estimate was mildly positive at about 58.21%. Confidence was not explicitly available for this prediction. Technical state is soft, with price below the 50-day and 200-day averages. RSI is weak near 28.0. MACD remains on the bearish side. Volatility is elevated at roughly 95.2%. No recent matched news was found for this ticker/date. Relative strength versus the benchmark looked weak. 1-month excess return -27.37%; 3-month excess return -38.91%; 6-month excess return -24.53%."
2022-07-08,KSS,-3.222490680833223,54.73574697918218,,miss,linear_regression,target_5d_return,"Technical state is soft, with price below the 50-day and 200-day averages. RSI is weak near 30.8. MACD remains on the bearish side. Volatility is elevated at roughly 96.7%.",No recent matched news was found for this ticker/date.,Relative strength versus the benchmark looked weak. 1-month excess return -29.51%; 3-month excess return -36.74%; 6-month excess return -22.63%.,"Model view: the forward return estimate was mildly positive at about 54.74%. Confidence was not explicitly available for this prediction. Technical state is soft, with price below the 50-day and 200-day averages. RSI is weak near 30.8. MACD remains on the bearish side. Volatility is elevated at roughly 96.7%. No recent matched news was found for this ticker/date. Relative strength versus the benchmark looked weak. 1-month excess return -29.51%; 3-month excess return -36.74%; 6-month excess return -22.63%."
2022-07-11,KSS,-0.7884797450626202,55.73087562248915,,miss,linear_regression,target_5d_return,"Technical state is soft, with price below the 50-day and 200-day averages. RSI is weak near 30.8. MACD remains on the bearish side. Volatility is elevated at roughly 95.9%.",No recent matched news was found for this ticker/date.,Relative strength versus the benchmark looked weak. 1-month excess return -29.71%; 3-month excess return -35.34%; 6-month excess return -22.63%.,"Model view: the forward return estimate was mildly positive at about 55.73%. Confidence was not explicitly available for this prediction. Technical state is soft, with price below the 50-day and 200-day averages. RSI is weak near 30.8. MACD remains on the bearish side. Volatility is elevated at roughly 95.9%. No recent matched news was found for this ticker/date. Relative strength versus the benchmark looked weak. 1-month excess return -29.71%; 3-month excess return -35.34%; 6-month excess return -22.63%."
2022-07-12,KSS,2.2452490549236037,58.75227358976564,,hit,linear_regression,target_5d_return,"Technical state is soft, with price below the 50-day and 200-day averages. RSI is weak near 30.5. MACD remains on the bearish side. Volatility is elevated at roughly 96.0%.",No recent matched news was found for this ticker/date.,Relative strength versus the benchmark looked weak. 1-month excess return -32.70%; 3-month excess return -34.97%; 6-month excess return -21.60%.,"Model view: the forward return estimate was mildly positive at about 58.75%. Confidence was not explicitly available for this prediction. Technical state is soft, with price below the 50-day and 200-day averages. RSI is weak near 30.5. MACD remains on the bearish side. Volatility is elevated at roughly 96.0%. No recent matched news was found for this ticker/date. Relative strength versus the benchmark looked weak. 1-month excess return -32.70%; 3-month excess return -34.97%; 6-month excess return -21.60%."
2022-07-13,KSS,8.571427209036697,64.28405820464442,,hit,linear_regression,target_5d_return,"Technical state is soft, with price below the 50-day and 200-day averages. RSI is weak near 29.0. MACD remains on the bearish side. Volatility is elevated at roughly 89.7%.",No recent matched news was found for this ticker/date.,Relative strength versus the benchmark looked weak. 1-month excess return -36.03%; 3-month excess return -37.23%; 6-month excess return -21.29%.,"Model view: the forward return estimate was mildly positive at about 64.28%. Confidence was not explicitly available for this prediction. Technical state is soft, with price below the 50-day and 200-day averages. RSI is weak near 29.0. MACD remains on the bearish side. Volatility is elevated at roughly 89.7%. No recent matched news was found for this ticker/date. Relative strength versus the benchmark looked weak. 1-month excess return -36.03%; 3-month excess return -37.23%; 6-month excess return -21.29%."
2022-07-14,KSS,14.614245800649229,66.91086359945187,,hit,linear_regression,target_5d_return,"Technical state is soft, with price below the 50-day and 200-day averages. RSI is weak near 27.5. MACD remains on the bearish side. Volatility is elevated at roughly 89.3%.",No recent matched news was found for this ticker/date.,Relative strength versus the benchmark looked weak. 1-month excess return -34.36%; 3-month excess return -41.52%; 6-month excess return -25.42%.,"Model view: the forward return estimate was mildly positive at about 66.91%. Confidence was not explicitly available for this prediction. Technical state is soft, with price below the 50-day and 200-day averages. RSI is weak near 27.5. MACD remains on the bearish side. Volatility is elevated at roughly 89.3%. No recent matched news was found for this ticker/date. Relative strength versus the benchmark looked weak. 1-month excess return -34.36%; 3-month excess return -41.52%; 6-month excess return -25.42%."
2022-07-15,KSS,7.190934181944719,61.22230795835051,,hit,linear_regression,target_5d_return,"Technical state is soft, with price below the 50-day and 200-day averages. RSI is weak near 32.2. MACD remains on the bearish side. Volatility is elevated at roughly 89.8%.",No recent matched news was found for this ticker/date.,Relative strength versus the benchmark looked weak. 1-month excess return -34.29%; 3-month excess return -40.46%; 6-month excess return -22.91%.,"Model view: the forward return estimate was mildly positive at about 61.22%. Confidence was not explicitly available for this prediction. Technical state is soft, with price below the 50-day and 200-day averages. RSI is weak near 32.2. MACD remains on the bearish side. Volatility is elevated at roughly 89.8%. No recent matched news was found for this ticker/date. Relative strength versus the benchmark looked weak. 1-month excess return -34.29%; 3-month excess return -40.46%; 6-month excess return -22.91%."
2022-07-18,KSS,0.06910349013817818,61.14039759663163,,hit,linear_regression,target_5d_return,"Technical state is soft, with price below the 50-day and 200-day averages. RSI is weak near 34.8. MACD remains on the bullish side. Volatility is elevated at roughly 89.8%.",No recent matched news was found for this ticker/date.,Relative strength versus the benchmark looked weak. 1-month excess return -33.10%; 3-month excess return -39.78%; 6-month excess return -22.79%.,"Model view: the forward return estimate was mildly positive at about 61.14%. Confidence was not explicitly available for this prediction. Technical state is soft, with price below the 50-day and 200-day averages. RSI is weak near 34.8. MACD remains on the bullish side. Volatility is elevated at roughly 89.8%. No recent matched news was found for this ticker/date. Relative strength versus the benchmark looked weak. 1-month excess return -33.10%; 3-month excess return -39.78%; 6-month excess return -22.79%."
2022-07-19,KSS,-11.081083258022062,58.99675652398404,,miss,linear_regression,target_5d_return,"Technical state is soft, with price below the 50-day and 200-day averages. RSI is weak near 37.2. MACD remains on the bullish side. Volatility is elevated at roughly 90.7%.",No recent matched news was found for this ticker/date.,Relative strength versus the benchmark looked weak. 1-month excess return -33.55%; 3-month excess return -40.62%; 6-month excess return -22.44%.,"Model view: the forward return estimate was mildly positive at about 59.00%. Confidence was not explicitly available for this prediction. Technical state is soft, with price below the 50-day and 200-day averages. RSI is weak near 37.2. MACD remains on the bullish side. Volatility is elevated at roughly 90.7%. No recent matched news was found for this ticker/date. Relative strength versus the benchmark looked weak. 1-month excess return -33.55%; 3-month excess return -40.62%; 6-month excess return -22.44%."
2022-07-20,KSS,-11.019738235219378,53.322727936587555,,miss,linear_regression,target_5d_return,"Technical state is soft, with price below the 50-day and 200-day averages. MACD remains on the bullish side. Volatility is elevated at roughly 88.8%.",No recent matched news was found for this ticker/date.,Relative strength versus the benchmark looked weak. 1-month excess return -31.86%; 3-month excess return -39.23%; 6-month excess return -25.36%.,"Model view: the forward return estimate was mildly positive at about 53.32%. Confidence was not explicitly available for this prediction. Technical state is soft, with price below the 50-day and 200-day averages. MACD remains on the bullish side. Volatility is elevated at roughly 88.8%. No recent matched news was found for this ticker/date. Relative strength versus the benchmark looked weak. 1-month excess return -31.86%; 3-month excess return -39.23%; 6-month excess return -25.36%."
2022-07-21,KSS,-9.029123115281823,49.47231270830048,,miss,linear_regression,target_5d_return,"Technical state is soft, with price below the 50-day and 200-day averages. MACD remains on the bullish side. Volatility is elevated at roughly 85.0%.",No recent matched news was found for this ticker/date.,Relative strength versus the benchmark looked weak. 1-month excess return -32.88%; 3-month excess return -38.69%; 6-month excess return -28.65%.,"Model view: the forward return estimate was mildly positive at about 49.47%. Confidence was not explicitly available for this prediction. Technical state is soft, with price below the 50-day and 200-day averages. MACD remains on the bullish side. Volatility is elevated at roughly 85.0%. No recent matched news was found for this ticker/date. Relative strength versus the benchmark looked weak. 1-month excess return -32.88%; 3-month excess return -38.69%; 6-month excess return -28.65%."
2022-07-22,KSS,-3.7012585286248845,48.39518622016618,,miss,linear_regression,target_5d_return,"Technical state is soft, with price below the 50-day and 200-day averages. MACD remains on the bullish side. Volatility is elevated at roughly 85.1%.",No recent matched news was found for this ticker/date.,Relative strength versus the benchmark looked weak. 1-month excess return -26.76%; 3-month excess return -38.59%; 6-month excess return -25.51%.,"Model view: the forward return estimate was mildly positive at about 48.40%. Confidence was not explicitly available for this prediction. Technical state is soft, with price below the 50-day and 200-day averages. MACD remains on the bullish side. Volatility is elevated at roughly 85.1%. No recent matched news was found for this ticker/date. Relative strength versus the benchmark looked weak. 1-month excess return -26.76%; 3-month excess return -38.59%; 6-month excess return -25.51%."
2022-07-25,KSS,1.8301129261073523,45.09446697899645,,hit,linear_regression,target_5d_return,"Technical state is soft, with price below the 50-day and 200-day averages. RSI is weak near 37.0. MACD remains on the bullish side. Volatility is elevated at roughly 84.9%.",No recent matched news was found for this ticker/date.,Relative strength versus the benchmark looked weak. 1-month excess return -28.69%; 3-month excess return -42.35%; 6-month excess return -28.47%.,"Model view: the forward return estimate was mildly positive at about 45.09%. Confidence was not explicitly available for this prediction. Technical state is soft, with price below the 50-day and 200-day averages. RSI is weak near 37.0. MACD remains on the bullish side. Volatility is elevated at roughly 84.9%. No recent matched news was found for this ticker/date. Relative strength versus the benchmark looked weak. 1-month excess return -28.69%; 3-month excess return -42.35%; 6-month excess return -28.47%."
2022-07-26,KSS,11.170214924568423,50.55700748920053,,hit,linear_regression,target_5d_return,"Technical state is soft, with price below the 50-day and 200-day averages. RSI is weak near 31.5. MACD remains on the bullish side. Volatility is elevated at roughly 88.9%.",No recent matched news was found for this ticker/date.,Relative strength versus the benchmark looked weak. 1-month excess return -32.73%; 3-month excess return -47.64%; 6-month excess return -47.53%.,"Model view: the forward return estimate was mildly positive at about 50.56%. Confidence was not explicitly available for this prediction. Technical state is soft, with price below the 50-day and 200-day averages. RSI is weak near 31.5. MACD remains on the bullish side. Volatility is elevated at roughly 88.9%. No recent matched news was found for this ticker/date. Relative strength versus the benchmark looked weak. 1-month excess return -32.73%; 3-month excess return -47.64%; 6-month excess return -47.53%."
2022-07-27,KSS,14.972278220475399,43.87611998086784,,hit,linear_regression,target_5d_return,"Technical state is soft, with price below the 50-day and 200-day averages. RSI is weak near 34.4. MACD remains on the bullish side. Volatility is elevated at roughly 90.2%.",No recent matched news was found for this ticker/date.,Relative strength versus the benchmark looked weak. 1-month excess return -31.00%; 3-month excess return -50.49%; 6-month excess return -48.85%.,"Model view: the forward return estimate was mildly positive at about 43.88%. Confidence was not explicitly available for this prediction. Technical state is soft, with price below the 50-day and 200-day averages. RSI is weak near 34.4. MACD remains on the bullish side. Volatility is elevated at roughly 90.2%. No recent matched news was found for this ticker/date. Relative strength versus the benchmark looked weak. 1-month excess return -31.00%; 3-month excess return -50.49%; 6-month excess return -48.85%."
2022-07-28,KSS,6.794734279403558,40.00626740892888,,hit,linear_regression,target_5d_return,"Technical state is soft, with price below the 50-day and 200-day averages. RSI is weak near 38.5. MACD remains on the bullish side. Volatility is elevated at roughly 92.0%.",No recent matched news was found for this ticker/date.,Relative strength versus the benchmark looked weak. 1-month excess return -30.04%; 3-month excess return -49.29%; 6-month excess return -47.02%.,"Model view: the forward return estimate was mildly positive at about 40.01%. Confidence was not explicitly available for this prediction. Technical state is soft, with price below the 50-day and 200-day averages. RSI is weak near 38.5. MACD remains on the bullish side. Volatility is elevated at roughly 92.0%. No recent matched news was found for this ticker/date. Relative strength versus the benchmark looked weak. 1-month excess return -30.04%; 3-month excess return -49.29%; 6-month excess return -47.02%."
2022-07-29,KSS,4.838709255131257,37.52550275050736,,hit,linear_regression,target_5d_return,"Technical state is soft, with price below the 50-day and 200-day averages. MACD remains on the bullish side. Volatility is elevated at roughly 93.5%.",No recent matched news was found for this ticker/date.,Relative strength versus the benchmark looked weak. 1-month excess return -27.19%; 3-month excess return -47.12%; 6-month excess return -46.77%.,"Model view: the forward return estimate was mildly positive at about 37.53%. Confidence was not explicitly available for this prediction. Technical state is soft, with price below the 50-day and 200-day averages. MACD remains on the bullish side. Volatility is elevated at roughly 93.5%. No recent matched news was found for this ticker/date. Relative strength versus the benchmark looked weak. 1-month excess return -27.19%; 3-month excess return -47.12%; 6-month excess return -46.77%."
2022-08-01,KSS,6.680228310085856,40.167395292474325,,hit,linear_regression,target_5d_return,"Technical state is soft, with price below the 50-day and 200-day averages. MACD remains on the bullish side. Volatility is elevated at roughly 61.7%.",No recent matched news was found for this ticker/date.,Relative strength versus the benchmark looked weak. 1-month excess return -26.24%; 3-month excess return -48.77%; 6-month excess return -43.94%.,"Model view: the forward return estimate was mildly positive at about 40.17%. Confidence was not explicitly available for this prediction. Technical state is soft, with price below the 50-day and 200-day averages. MACD remains on the bullish side. Volatility is elevated at roughly 61.7%. No recent matched news was found for this ticker/date. Relative strength versus the benchmark looked weak. 1-month excess return -26.24%; 3-month excess return -48.77%; 6-month excess return -43.94%."
2022-08-02,KSS,1.435406948081197,40.14391019684281,,hit,linear_regression,target_5d_return,"Technical state is soft, with price below the 50-day and 200-day averages. MACD remains on the bullish side. Volatility is elevated at roughly 61.2%.",No recent matched news was found for this ticker/date.,Relative strength versus the benchmark looked weak. 1-month excess return -5.05%; 3-month excess return -48.69%; 6-month excess return -41.69%.,"Model view: the forward return estimate was mildly positive at about 40.14%. Confidence was not explicitly available for this prediction. Technical state is soft, with price below the 50-day and 200-day averages. MACD remains on the bullish side. Volatility is elevated at roughly 61.2%. No recent matched news was found for this ticker/date. Relative strength versus the benchmark looked weak. 1-month excess return -5.05%; 3-month excess return -48.69%; 6-month excess return -41.69%."
2022-08-03,KSS,0.7395483582481432,33.15847236547832,,hit,linear_regression,target_5d_return,"Technical state is soft, with price below the 50-day and 200-day averages. MACD remains on the bullish side. Volatility is elevated at roughly 59.1%.",No recent matched news was found for this ticker/date.,Relative strength versus the benchmark looked weak. 1-month excess return -2.80%; 3-month excess return -45.52%; 6-month excess return -39.13%.,"Model view: the forward return estimate was mildly positive at about 33.16%. Confidence was not explicitly available for this prediction. Technical state is soft, with price below the 50-day and 200-day averages. MACD remains on the bullish side. Volatility is elevated at roughly 59.1%. No recent matched news was found for this ticker/date. Relative strength versus the benchmark looked weak. 1-month excess return -2.80%; 3-month excess return -45.52%; 6-month excess return -39.13%."
2022-08-04,KSS,8.660887523233507,40.37705708608222,,hit,linear_regression,target_5d_return,"Technical state is soft, with price below the 50-day and 200-day averages. MACD remains on the bullish side. Volatility is elevated at roughly 60.1%.",No recent matched news was found for this ticker/date.,Relative strength versus the benchmark looked weak. 1-month excess return 1.61%; 3-month excess return -45.46%; 6-month excess return -38.81%.,"Model view: the forward return estimate was mildly positive at about 40.38%. Confidence was not explicitly available for this prediction. Technical state is soft, with price below the 50-day and 200-day averages. MACD remains on the bullish side. Volatility is elevated at roughly 60.1%. No recent matched news was found for this ticker/date. Relative strength versus the benchmark looked weak. 1-month excess return 1.61%; 3-month excess return -45.46%; 6-month excess return -38.81%."
2022-08-05,KSS,8.60884168181828,32.299626671247395,,hit,linear_regression,target_5d_return,"Technical state is soft, with price below the 50-day and 200-day averages. MACD remains on the bullish side. Volatility is elevated at roughly 59.4%.",No recent matched news was found for this ticker/date.,Relative strength versus the benchmark looked weak. 1-month excess return 1.82%; 3-month excess return -46.62%; 6-month excess return -40.39%.,"Model view: the forward return estimate was mildly positive at about 32.30%. Confidence was not explicitly available for this prediction. Technical state is soft, with price below the 50-day and 200-day averages. MACD remains on the bullish side. Volatility is elevated at roughly 59.4%. No recent matched news was found for this ticker/date. Relative strength versus the benchmark looked weak. 1-month excess return 1.82%; 3-month excess return -46.62%; 6-month excess return -40.39%."
2022-08-08,KSS,5.085830690974347,29.841557150485002,,hit,linear_regression,target_5d_return,"Technical state is soft, with price below the 50-day and 200-day averages. RSI is in a steady zone near 51.1. MACD remains on the bullish side. Volatility is elevated at roughly 60.2%.",No recent matched news was found for this ticker/date.,Relative strength versus the benchmark looked weak. 1-month excess return 1.60%; 3-month excess return -43.96%; 6-month excess return -39.32%.,"Model view: the forward return estimate was mildly positive at about 29.84%. Confidence was not explicitly available for this prediction. Technical state is soft, with price below the 50-day and 200-day averages. RSI is in a steady zone near 51.1. MACD remains on the bullish side. Volatility is elevated at roughly 60.2%. No recent matched news was found for this ticker/date. Relative strength versus the benchmark looked weak. 1-month excess return 1.60%; 3-month excess return -43.96%; 6-month excess return -39.32%."
2022-08-09,KSS,18.227762101702805,30.011734384143963,,hit,linear_regression,target_5d_return,"Technical state is soft, with price below the 50-day and 200-day averages. MACD remains on the bullish side. Volatility is elevated at roughly 63.9%.",No recent matched news was found for this ticker/date.,Relative strength versus the benchmark looked weak. 1-month excess return -5.30%; 3-month excess return -44.72%; 6-month excess return -42.22%.,"Model view: the forward return estimate was mildly positive at about 30.01%. Confidence was not explicitly available for this prediction. Technical state is soft, with price below the 50-day and 200-day averages. MACD remains on the bullish side. Volatility is elevated at roughly 63.9%. No recent matched news was found for this ticker/date. Relative strength versus the benchmark looked weak. 1-month excess return -5.30%; 3-month excess return -44.72%; 6-month excess return -42.22%."
2022-08-10,KSS,8.362594464135187,22.584739355627974,,hit,linear_regression,target_5d_return,"Technical state is soft, with price below the 50-day and 200-day averages. RSI is in a steady zone near 50.9. MACD remains on the bullish side. Volatility is elevated at roughly 65.2%.",No recent matched news was found for this ticker/date.,Relative strength versus the benchmark looked weak. 1-month excess return -2.08%; 3-month excess return -41.81%; 6-month excess return -41.89%.,"Model view: the forward return estimate was mildly positive at about 22.58%. Confidence was not explicitly available for this prediction. Technical state is soft, with price below the 50-day and 200-day averages. RSI is in a steady zone near 50.9. MACD remains on the bullish side. Volatility is elevated at roughly 65.2%. No recent matched news was found for this ticker/date. Relative strength versus the benchmark looked weak. 1-month excess return -2.08%; 3-month excess return -41.81%; 6-month excess return -41.89%."
2022-08-11,KSS,-3.9546261508849656,22.219794492941972,,miss,linear_regression,target_5d_return,"Technical state is soft, with price below the 50-day and 200-day averages. RSI is in a steady zone near 54.7. MACD remains on the bullish side. Volatility is elevated at roughly 64.1%.",No recent matched news was found for this ticker/date.,Relative strength versus the benchmark looked weak. 1-month excess return 5.68%; 3-month excess return -37.04%; 6-month excess return -39.15%.,"Model view: the forward return estimate was mildly positive at about 22.22%. Confidence was not explicitly available for this prediction. Technical state is soft, with price below the 50-day and 200-day averages. RSI is in a steady zone near 54.7. MACD remains on the bullish side. Volatility is elevated at roughly 64.1%. No recent matched news was found for this ticker/date. Relative strength versus the benchmark looked weak. 1-month excess return 5.68%; 3-month excess return -37.04%; 6-month excess return -39.15%."
2022-08-12,KSS,-9.91561448242101,14.832368427719885,,miss,linear_regression,target_5d_return,"Technical state is soft, with price below the 50-day and 200-day averages. RSI is in a steady zone near 56.3. MACD remains on the bullish side. Volatility is elevated at roughly 62.7%.",No recent matched news was found for this ticker/date.,Relative strength versus the benchmark looked weak. 1-month excess return 10.05%; 3-month excess return -39.04%; 6-month excess return -40.27%.,"Model view: the forward return estimate was mildly positive at about 14.83%. Confidence was not explicitly available for this prediction. Technical state is soft, with price below the 50-day and 200-day averages. RSI is in a steady zone near 56.3. MACD remains on the bullish side. Volatility is elevated at roughly 62.7%. No recent matched news was found for this ticker/date. Relative strength versus the benchmark looked weak. 1-month excess return 10.05%; 3-month excess return -39.04%; 6-month excess return -40.27%."
2022-08-15,KSS,-14.579556569731134,14.639292790695166,,miss,linear_regression,target_5d_return,"Technical state is soft, with price below the 50-day and 200-day averages. RSI is in a steady zone near 55.9. MACD remains on the bullish side. Volatility is elevated at roughly 62.6%.",No recent matched news was found for this ticker/date.,Relative strength versus the benchmark looked weak. 1-month excess return 5.71%; 3-month excess return -38.57%; 6-month excess return -41.13%.,"Model view: the forward return estimate was mildly positive at about 14.64%. Confidence was not explicitly available for this prediction. Technical state is soft, with price below the 50-day and 200-day averages. RSI is in a steady zone near 55.9. MACD remains on the bullish side. Volatility is elevated at roughly 62.6%. No recent matched news was found for this ticker/date. Relative strength versus the benchmark looked weak. 1-month excess return 5.71%; 3-month excess return -38.57%; 6-month excess return -41.13%."
2022-08-16,KSS,-17.83984098506811,3.1628649955448935,,miss,linear_regression,target_5d_return,"Technical state is mixed, with price not fully aligned across the major moving averages. RSI is in a steady zone near 61.5. MACD remains on the bullish side. Volatility is elevated at roughly 65.3%.",No recent matched news was found for this ticker/date.,Relative strength versus the benchmark looked weak. 1-month excess return 8.73%; 3-month excess return -32.83%; 6-month excess return -37.45%.,"Model view: the forward return estimate was mildly positive at about 3.16%. Confidence was not explicitly available for this prediction. Technical state is mixed, with price not fully aligned across the major moving averages. RSI is in a steady zone near 61.5. MACD remains on the bullish side. Volatility is elevated at roughly 65.3%. No recent matched news was found for this ticker/date. Relative strength versus the benchmark looked weak. 1-month excess return 8.73%; 3-month excess return -32.83%; 6-month excess return -37.45%."
2022-08-17,KSS,-13.578793834325731,10.33527573955682,,miss,linear_regression,target_5d_return,"Technical state is mixed, with price not fully aligned across the major moving averages. RSI is in a steady zone near 57.1. MACD remains on the bullish side. Volatility is elevated at roughly 66.5%.",No recent matched news was found for this ticker/date.,Relative strength versus the benchmark looked weak. 1-month excess return 5.90%; 3-month excess return -34.52%; 6-month excess return -38.82%.,"Model view: the forward return estimate was mildly positive at about 10.34%. Confidence was not explicitly available for this prediction. Technical state is mixed, with price not fully aligned across the major moving averages. RSI is in a steady zone near 57.1. MACD remains on the bullish side. Volatility is elevated at roughly 66.5%. No recent matched news was found for this ticker/date. Relative strength versus the benchmark looked weak. 1-month excess return 5.90%; 3-month excess return -34.52%; 6-month excess return -38.82%."
2022-08-18,KSS,-2.968401875009552,11.46084548933139,,miss,linear_regression,target_5d_return,"Technical state is soft, with price below the 50-day and 200-day averages. MACD remains on the bullish side. Volatility is elevated at roughly 72.7%.",No recent matched news was found for this ticker/date.,Relative strength versus the benchmark looked weak. 1-month excess return -5.38%; 3-month excess return -36.58%; 6-month excess return -42.93%.,"Model view: the forward return estimate was mildly positive at about 11.46%. Confidence was not explicitly available for this prediction. Technical state is soft, with price below the 50-day and 200-day averages. MACD remains on the bullish side. Volatility is elevated at roughly 72.7%. No recent matched news was found for this ticker/date. Relative strength versus the benchmark looked weak. 1-month excess return -5.38%; 3-month excess return -36.58%; 6-month excess return -42.93%."
2022-08-19,KSS,-0.5018388142966068,10.084318231513137,,miss,linear_regression,target_5d_return,"Technical state is soft, with price below the 50-day and 200-day averages. MACD remains on the bullish side. Volatility is elevated at roughly 74.2%.",No recent matched news was found for this ticker/date.,Relative strength versus the benchmark looked weak. 1-month excess return -9.14%; 3-month excess return -42.07%; 6-month excess return -45.19%.,"Model view: the forward return estimate was mildly positive at about 10.08%. Confidence was not explicitly available for this prediction. Technical state is soft, with price below the 50-day and 200-day averages. MACD remains on the bullish side. Volatility is elevated at roughly 74.2%. No recent matched news was found for this ticker/date. Relative strength versus the benchmark looked weak. 1-month excess return -9.14%; 3-month excess return -42.07%; 6-month excess return -45.19%."
2022-08-22,KSS,-0.5311601265793331,10.816140111946353,,miss,linear_regression,target_5d_return,"Technical state is soft, with price below the 50-day and 200-day averages. MACD remains on the bullish side. Volatility is elevated at roughly 75.3%.",No recent matched news was found for this ticker/date.,Relative strength versus the benchmark looked weak. 1-month excess return -11.27%; 3-month excess return -34.08%; 6-month excess return -46.25%.,"Model view: the forward return estimate was mildly positive at about 10.82%. Confidence was not explicitly available for this prediction. Technical state is soft, with price below the 50-day and 200-day averages. MACD remains on the bullish side. Volatility is elevated at roughly 75.3%. No recent matched news was found for this ticker/date. Relative strength versus the benchmark looked weak. 1-month excess return -11.27%; 3-month excess return -34.08%; 6-month excess return -46.25%."
2022-08-23,KSS,-2.5667699378302267,7.592159440177639,,miss,linear_regression,target_5d_return,"Technical state is soft, with price below the 50-day and 200-day averages. MACD remains on the bearish side. Volatility is elevated at roughly 67.4%.",No recent matched news was found for this ticker/date.,Relative strength versus the benchmark looked weak. 1-month excess return -4.69%; 3-month excess return -28.51%; 6-month excess return -42.94%.,"Model view: the forward return estimate was mildly positive at about 7.59%. Confidence was not explicitly available for this prediction. Technical state is soft, with price below the 50-day and 200-day averages. MACD remains on the bearish side. Volatility is elevated at roughly 67.4%. No recent matched news was found for this ticker/date. Relative strength versus the benchmark looked weak. 1-month excess return -4.69%; 3-month excess return -28.51%; 6-month excess return -42.94%."
2022-08-24,KSS,-3.1356512321381147,-0.16263179558031043,,hit,linear_regression,target_5d_return,"Technical state is soft, with price below the 50-day and 200-day averages. MACD remains on the bearish side. Volatility is elevated at roughly 67.1%.",No recent matched news was found for this ticker/date.,Relative strength versus the benchmark looked weak. 1-month excess return 5.65%; 3-month excess return -23.88%; 6-month excess return -42.94%.,"Model view: the forward return estimate was mildly negative at about -0.16%. Confidence was not explicitly available for this prediction. Technical state is soft, with price below the 50-day and 200-day averages. MACD remains on the bearish side. Volatility is elevated at roughly 67.1%. No recent matched news was found for this ticker/date. Relative strength versus the benchmark looked weak. 1-month excess return 5.65%; 3-month excess return -23.88%; 6-month excess return -42.94%."
2022-08-25,KSS,-6.6776276472697464,-6.289204266464068,,hit,linear_regression,target_5d_return,"Technical state is soft, with price below the 50-day and 200-day averages. MACD remains on the bearish side. Volatility is elevated at roughly 66.9%.",No recent matched news was found for this ticker/date.,Relative strength versus the benchmark looked weak. 1-month excess return 7.75%; 3-month excess return -30.52%; 6-month excess return -43.35%.,"Model view: the forward return estimate was mildly negative at about -6.29%. Confidence was not explicitly available for this prediction. Technical state is soft, with price below the 50-day and 200-day averages. MACD remains on the bearish side. Volatility is elevated at roughly 66.9%. No recent matched news was found for this ticker/date. Relative strength versus the benchmark looked weak. 1-month excess return 7.75%; 3-month excess return -30.52%; 6-month excess return -43.35%."
2022-08-26,KSS,0.7733676664641198,-0.0978802886997842,,miss,linear_regression,target_5d_return,"Technical state is soft, with price below the 50-day and 200-day averages. MACD remains on the bearish side. Volatility is elevated at roughly 66.4%.",No recent matched news was found for this ticker/date.,Relative strength versus the benchmark looked weak. 1-month excess return 6.02%; 3-month excess return -31.15%; 6-month excess return -40.29%.,"Model view: the forward return estimate was mildly negative at about -0.10%. Confidence was not explicitly available for this prediction. Technical state is soft, with price below the 50-day and 200-day averages. MACD remains on the bearish side. Volatility is elevated at roughly 66.4%. No recent matched news was found for this ticker/date. Relative strength versus the benchmark looked weak. 1-month excess return 6.02%; 3-month excess return -31.15%; 6-month excess return -40.29%."
2022-08-29,KSS,0.7119998641973213,-0.5577798489237723,,miss,linear_regression,target_5d_return,"Technical state is soft, with price below the 50-day and 200-day averages. MACD remains on the bearish side. Volatility is elevated at roughly 69.3%.",No recent matched news was found for this ticker/date.,Relative strength versus the benchmark looked weak. 1-month excess return -1.30%; 3-month excess return -29.83%; 6-month excess return -41.70%.,"Model view: the forward return estimate was mildly negative at about -0.56%. Confidence was not explicitly available for this prediction. Technical state is soft, with price below the 50-day and 200-day averages. MACD remains on the bearish side. Volatility is elevated at roughly 69.3%. No recent matched news was found for this ticker/date. Relative strength versus the benchmark looked weak. 1-month excess return -1.30%; 3-month excess return -29.83%; 6-month excess return -41.70%."
2022-08-30,KSS,5.411179955524625,-4.816673549623161,,miss,linear_regression,target_5d_return,"Technical state is soft, with price below the 50-day and 200-day averages. MACD remains on the bearish side. Volatility is elevated at roughly 69.3%.",No recent matched news was found for this ticker/date.,Relative strength versus the benchmark looked weak. 1-month excess return -1.67%; 3-month excess return -26.74%; 6-month excess return -43.13%.,"Model view: the forward return estimate was mildly negative at about -4.82%. Confidence was not explicitly available for this prediction. Technical state is soft, with price below the 50-day and 200-day averages. MACD remains on the bearish side. Volatility is elevated at roughly 69.3%. No recent matched news was found for this ticker/date. Relative strength versus the benchmark looked weak. 1-month excess return -1.67%; 3-month excess return -26.74%; 6-month excess return -43.13%."
2022-08-31,KSS,5.665026762946823,-2.990655015196708,,miss,linear_regression,target_5d_return,"Technical state is soft, with price below the 50-day and 200-day averages. MACD remains on the bearish side. Volatility is elevated at roughly 65.3%.",No recent matched news was found for this ticker/date.,Relative strength versus the benchmark looked weak. 1-month excess return 0.34%; 3-month excess return -25.76%; 6-month excess return -42.02%.,"Model view: the forward return estimate was mildly negative at about -2.99%. Confidence was not explicitly available for this prediction. Technical state is soft, with price below the 50-day and 200-day averages. MACD remains on the bearish side. Volatility is elevated at roughly 65.3%. No recent matched news was found for this ticker/date. Relative strength versus the benchmark looked weak. 1-month excess return 0.34%; 3-month excess return -25.76%; 6-month excess return -42.02%."
2022-09-01,KSS,8.248143024385213,-8.059626814047348,,miss,linear_regression,target_5d_return,"Technical state is soft, with price below the 50-day and 200-day averages. MACD remains on the bearish side. Volatility is elevated at roughly 64.2%.",No recent matched news was found for this ticker/date.,Relative strength versus the benchmark looked weak. 1-month excess return -4.37%; 3-month excess return -26.06%; 6-month excess return -42.84%.,"Model view: the forward return estimate was mildly negative at about -8.06%. Confidence was not explicitly available for this prediction. Technical state is soft, with price below the 50-day and 200-day averages. MACD remains on the bearish side. Volatility is elevated at roughly 64.2%. No recent matched news was found for this ticker/date. Relative strength versus the benchmark looked weak. 1-month excess return -4.37%; 3-month excess return -26.06%; 6-month excess return -42.84%."
2022-09-02,KSS,3.1364716569705076,-12.910491461581032,,miss,linear_regression,target_5d_return,"Technical state is soft, with price below the 50-day and 200-day averages. MACD remains on the bearish side. Volatility is elevated at roughly 67.2%.",No recent matched news was found for this ticker/date.,Relative strength versus the benchmark looked weak. 1-month excess return 5.17%; 3-month excess return -23.25%; 6-month excess return -39.72%.,"Model view: the forward return estimate was mildly negative at about -12.91%. Confidence was not explicitly available for this prediction. Technical state is soft, with price below the 50-day and 200-day averages. MACD remains on the bearish side. Volatility is elevated at roughly 67.2%. No recent matched news was found for this ticker/date. Relative strength versus the benchmark looked weak. 1-month excess return 5.17%; 3-month excess return -23.25%; 6-month excess return -39.72%."
2022-09-06,KSS,1.7320599337599107,-22.88579465507202,,miss,linear_regression,target_5d_return,"Technical state is soft, with price below the 50-day and 200-day averages. MACD remains on the bearish side. Volatility is elevated at roughly 69.0%.",No recent matched news was found for this ticker/date.,Relative strength versus the benchmark looked weak. 1-month excess return -1.94%; 3-month excess return -27.75%; 6-month excess return -37.85%.,"Model view: the forward return estimate was mildly negative at about -22.89%. Confidence was not explicitly available for this prediction. Technical state is soft, with price below the 50-day and 200-day averages. MACD remains on the bearish side. Volatility is elevated at roughly 69.0%. No recent matched news was found for this ticker/date. Relative strength versus the benchmark looked weak. 1-month excess return -1.94%; 3-month excess return -27.75%; 6-month excess return -37.85%."
2022-09-07,KSS,-3.1408317663143004,-33.02748909414389,,hit,linear_regression,target_5d_return,"Technical state is soft, with price below the 50-day and 200-day averages. MACD remains on the bearish side. Volatility is elevated at roughly 68.4%.",No recent matched news was found for this ticker/date.,Relative strength versus the benchmark looked weak. 1-month excess return -2.20%; 3-month excess return -30.74%; 6-month excess return -40.05%.,"Model view: the forward return estimate was mildly negative at about -33.03%. Confidence was not explicitly available for this prediction. Technical state is soft, with price below the 50-day and 200-day averages. MACD remains on the bearish side. Volatility is elevated at roughly 68.4%. No recent matched news was found for this ticker/date. Relative strength versus the benchmark looked weak. 1-month excess return -2.20%; 3-month excess return -30.74%; 6-month excess return -40.05%."
2022-09-08,KSS,-4.495505663008792,-31.546954388580033,,hit,linear_regression,target_5d_return,"Technical state is mixed, with price not fully aligned across the major moving averages. MACD remains on the bullish side. Volatility is elevated at roughly 65.5%.",No recent matched news was found for this ticker/date.,Relative strength versus the benchmark looked weak. 1-month excess return 3.84%; 3-month excess return -31.75%; 6-month excess return -38.07%.,"Model view: the forward return estimate was mildly negative at about -31.55%. Confidence was not explicitly available for this prediction. Technical state is mixed, with price not fully aligned across the major moving averages. MACD remains on the bullish side. Volatility is elevated at roughly 65.5%. No recent matched news was found for this ticker/date. Relative strength versus the benchmark looked weak. 1-month excess return 3.84%; 3-month excess return -31.75%; 6-month excess return -38.07%."
2022-09-09,KSS,-6.414846538860852,-38.93565549120966,,hit,linear_regression,target_5d_return,"Technical state is mixed, with price not fully aligned across the major moving averages. RSI is in a steady zone near 52.3. MACD remains on the bullish side. Volatility is elevated at roughly 64.2%.",No recent matched news was found for this ticker/date.,Relative strength versus the benchmark looked weak. 1-month excess return 1.21%; 3-month excess return -35.36%; 6-month excess return -39.16%.,"Model view: the forward return estimate was mildly negative at about -38.94%. Confidence was not explicitly available for this prediction. Technical state is mixed, with price not fully aligned across the major moving averages. RSI is in a steady zone near 52.3. MACD remains on the bullish side. Volatility is elevated at roughly 64.2%. No recent matched news was found for this ticker/date. Relative strength versus the benchmark looked weak. 1-month excess return 1.21%; 3-month excess return -35.36%; 6-month excess return -39.16%."
2022-09-12,KSS,-5.111614142690901,-50.04588066541642,,hit,linear_regression,target_5d_return,"Technical state is mixed, with price not fully aligned across the major moving averages. RSI is in a steady zone near 53.0. MACD remains on the bullish side. Volatility is elevated at roughly 63.9%.",No recent matched news was found for this ticker/date.,Relative strength versus the benchmark looked weak. 1-month excess return -3.12%; 3-month excess return -37.91%; 6-month excess return -40.55%.,"Model view: the forward return estimate was mildly negative at about -50.05%. Confidence was not explicitly available for this prediction. Technical state is mixed, with price not fully aligned across the major moving averages. RSI is in a steady zone near 53.0. MACD remains on the bullish side. Volatility is elevated at roughly 63.9%. No recent matched news was found for this ticker/date. Relative strength versus the benchmark looked weak. 1-month excess return -3.12%; 3-month excess return -37.91%; 6-month excess return -40.55%."
2022-09-13,KSS,-1.6330827292899142,-47.50179178787259,,hit,linear_regression,target_5d_return,"Technical state is soft, with price below the 50-day and 200-day averages. MACD remains on the bullish side. Volatility is elevated at roughly 68.1%.",No recent matched news was found for this ticker/date.,Relative strength versus the benchmark looked weak. 1-month excess return -5.29%; 3-month excess return -33.92%; 6-month excess return -40.93%.,"Model view: the forward return estimate was mildly negative at about -47.50%. Confidence was not explicitly available for this prediction. Technical state is soft, with price below the 50-day and 200-day averages. MACD remains on the bullish side. Volatility is elevated at roughly 68.1%. No recent matched news was found for this ticker/date. Relative strength versus the benchmark looked weak. 1-month excess return -5.29%; 3-month excess return -33.92%; 6-month excess return -40.93%."
2022-09-14,KSS,-2.719667637188772,-47.48736373207636,,hit,linear_regression,target_5d_return,"Technical state is soft, with price below the 50-day and 200-day averages. MACD remains on the bullish side. Volatility is elevated at roughly 63.3%.",No recent matched news was found for this ticker/date.,Relative strength versus the benchmark looked weak. 1-month excess return -5.23%; 3-month excess return -35.74%; 6-month excess return -39.30%.,"Model view: the forward return estimate was mildly negative at about -47.49%. Confidence was not explicitly available for this prediction. Technical state is soft, with price below the 50-day and 200-day averages. MACD remains on the bullish side. Volatility is elevated at roughly 63.3%. No recent matched news was found for this ticker/date. Relative strength versus the benchmark looked weak. 1-month excess return -5.23%; 3-month excess return -35.74%; 6-month excess return -39.30%."
2022-09-15,KSS,-6.101813045253646,-45.62251434498258,,hit,linear_regression,target_5d_return,"Technical state is soft, with price below the 50-day and 200-day averages. MACD remains on the bullish side. Volatility is elevated at roughly 62.8%.",No recent matched news was found for this ticker/date.,Relative strength versus the benchmark looked weak. 1-month excess return -9.06%; 3-month excess return -35.89%; 6-month excess return -44.11%.,"Model view: the forward return estimate was mildly negative at about -45.62%. Confidence was not explicitly available for this prediction. Technical state is soft, with price below the 50-day and 200-day averages. MACD remains on the bullish side. Volatility is elevated at roughly 62.8%. No recent matched news was found for this ticker/date. Relative strength versus the benchmark looked weak. 1-month excess return -9.06%; 3-month excess return -35.89%; 6-month excess return -44.11%."
2022-09-16,KSS,-8.48991145960154,-48.20142288326561,,hit,linear_regression,target_5d_return,"Technical state is soft, with price below the 50-day and 200-day averages. MACD remains on the bullish side. Volatility is elevated at roughly 57.2%.",No recent matched news was found for this ticker/date.,Relative strength versus the benchmark looked weak. 1-month excess return -6.05%; 3-month excess return -34.28%; 6-month excess return -41.82%.,"Model view: the forward return estimate was mildly negative at about -48.20%. Confidence was not explicitly available for this prediction. Technical state is soft, with price below the 50-day and 200-day averages. MACD remains on the bullish side. Volatility is elevated at roughly 57.2%. No recent matched news was found for this ticker/date. Relative strength versus the benchmark looked weak. 1-month excess return -6.05%; 3-month excess return -34.28%; 6-month excess return -41.82%."
2022-09-19,KSS,-12.921919597808905,-48.073840793928625,,hit,linear_regression,target_5d_return,"Technical state is soft, with price below the 50-day and 200-day averages. MACD remains on the bullish side. Volatility is elevated at roughly 55.5%.",No recent matched news was found for this ticker/date.,Relative strength versus the benchmark looked weak. 1-month excess return 2.50%; 3-month excess return -33.24%; 6-month excess return -40.50%.,"Model view: the forward return estimate was mildly negative at about -48.07%. Confidence was not explicitly available for this prediction. Technical state is soft, with price below the 50-day and 200-day averages. MACD remains on the bullish side. Volatility is elevated at roughly 55.5%. No recent matched news was found for this ticker/date. Relative strength versus the benchmark looked weak. 1-month excess return 2.50%; 3-month excess return -33.24%; 6-month excess return -40.50%."
2022-09-20,KSS,-9.219352710136297,-42.66813592557533,,hit,linear_regression,target_5d_return,"Technical state is soft, with price below the 50-day and 200-day averages. MACD remains on the bearish side. Volatility is elevated at roughly 53.3%.",No recent matched news was found for this ticker/date.,Relative strength versus the benchmark looked weak. 1-month excess return 3.36%; 3-month excess return -35.52%; 6-month excess return -40.87%.,"Model view: the forward return estimate was mildly negative at about -42.67%. Confidence was not explicitly available for this prediction. Technical state is soft, with price below the 50-day and 200-day averages. MACD remains on the bearish side. Volatility is elevated at roughly 53.3%. No recent matched news was found for this ticker/date. Relative strength versus the benchmark looked weak. 1-month excess return 3.36%; 3-month excess return -35.52%; 6-month excess return -40.87%."
2022-09-21,KSS,-5.053762963049047,-42.58118062886537,,hit,linear_regression,target_5d_return,"Technical state is soft, with price below the 50-day and 200-day averages. MACD remains on the bearish side. Volatility is elevated at roughly 53.0%.",No recent matched news was found for this ticker/date.,Relative strength versus the benchmark looked weak. 1-month excess return 7.12%; 3-month excess return -28.55%; 6-month excess return -38.92%.,"Model view: the forward return estimate was mildly negative at about -42.58%. Confidence was not explicitly available for this prediction. Technical state is soft, with price below the 50-day and 200-day averages. MACD remains on the bearish side. Volatility is elevated at roughly 53.0%. No recent matched news was found for this ticker/date. Relative strength versus the benchmark looked weak. 1-month excess return 7.12%; 3-month excess return -28.55%; 6-month excess return -38.92%."
2022-09-22,KSS,-5.904196563571162,-42.51489233304359,,hit,linear_regression,target_5d_return,"Technical state is soft, with price below the 50-day and 200-day averages. RSI is weak near 38.6. MACD remains on the bearish side. Volatility is elevated at roughly 53.8%.",No recent matched news was found for this ticker/date.,Relative strength versus the benchmark looked weak. 1-month excess return 2.29%; 3-month excess return -28.76%; 6-month excess return -39.97%.,"Model view: the forward return estimate was mildly negative at about -42.51%. Confidence was not explicitly available for this prediction. Technical state is soft, with price below the 50-day and 200-day averages. RSI is weak near 38.6. MACD remains on the bearish side. Volatility is elevated at roughly 53.8%. No recent matched news was found for this ticker/date. Relative strength versus the benchmark looked weak. 1-month excess return 2.29%; 3-month excess return -28.76%; 6-month excess return -39.97%."
2022-09-23,KSS,-4.372622250535107,-39.555669279771806,,hit,linear_regression,target_5d_return,"Technical state is soft, with price below the 50-day and 200-day averages. RSI is weak near 36.4. MACD remains on the bearish side. Volatility is elevated at roughly 52.0%.",No recent matched news was found for this ticker/date.,Relative strength versus the benchmark looked weak. 1-month excess return 0.31%; 3-month excess return -27.34%; 6-month excess return -38.98%.,"Model view: the forward return estimate was mildly negative at about -39.56%. Confidence was not explicitly available for this prediction. Technical state is soft, with price below the 50-day and 200-day averages. RSI is weak near 36.4. MACD remains on the bearish side. Volatility is elevated at roughly 52.0%. No recent matched news was found for this ticker/date. Relative strength versus the benchmark looked weak. 1-month excess return 0.31%; 3-month excess return -27.34%; 6-month excess return -38.98%."
2022-09-26,KSS,1.9577133205818331,-39.887645961406136,,miss,linear_regression,target_5d_return,"Technical state is soft, with price below the 50-day and 200-day averages. RSI is weak near 33.9. MACD remains on the bearish side. Volatility is elevated at roughly 52.4%.",No recent matched news was found for this ticker/date.,Relative strength versus the benchmark looked weak. 1-month excess return -3.18%; 3-month excess return -26.00%; 6-month excess return -39.39%.,"Model view: the forward return estimate was mildly negative at about -39.89%. Confidence was not explicitly available for this prediction. Technical state is soft, with price below the 50-day and 200-day averages. RSI is weak near 33.9. MACD remains on the bearish side. Volatility is elevated at roughly 52.4%. No recent matched news was found for this ticker/date. Relative strength versus the benchmark looked weak. 1-month excess return -3.18%; 3-month excess return -26.00%; 6-month excess return -39.39%."
2022-09-27,KSS,7.1984374287991315,-42.75184977191047,,miss,linear_regression,target_5d_return,"Technical state is soft, with price below the 50-day and 200-day averages. RSI is weak near 34.9. MACD remains on the bearish side. Volatility is elevated at roughly 49.3%.",No recent matched news was found for this ticker/date.,Relative strength versus the benchmark looked weak. 1-month excess return -3.62%; 3-month excess return -25.78%; 6-month excess return -37.91%.,"Model view: the forward return estimate was mildly negative at about -42.75%. Confidence was not explicitly available for this prediction. Technical state is soft, with price below the 50-day and 200-day averages. RSI is weak near 34.9. MACD remains on the bearish side. Volatility is elevated at roughly 49.3%. No recent matched news was found for this ticker/date. Relative strength versus the benchmark looked weak. 1-month excess return -3.62%; 3-month excess return -25.78%; 6-month excess return -37.91%."
2022-09-28,KSS,4.228013774671768,-45.384045038472394,,miss,linear_regression,target_5d_return,"Technical state is soft, with price below the 50-day and 200-day averages. RSI is weak near 39.8. MACD remains on the bearish side. Volatility is elevated at roughly 50.8%.",No recent matched news was found for this ticker/date.,Relative strength versus the benchmark looked weak. 1-month excess return 2.29%; 3-month excess return -23.61%; 6-month excess return -37.58%.,"Model view: the forward return estimate was mildly negative at about -45.38%. Confidence was not explicitly available for this prediction. Technical state is soft, with price below the 50-day and 200-day averages. RSI is weak near 39.8. MACD remains on the bearish side. Volatility is elevated at roughly 50.8%. No recent matched news was found for this ticker/date. Relative strength versus the benchmark looked weak. 1-month excess return 2.29%; 3-month excess return -23.61%; 6-month excess return -37.58%."
2022-09-29,KSS,7.932123980972272,-45.66466348482628,,miss,linear_regression,target_5d_return,"Technical state is soft, with price below the 50-day and 200-day averages. RSI is weak near 35.6. MACD remains on the bearish side. Volatility is elevated at roughly 52.5%.",No recent matched news was found for this ticker/date.,Relative strength versus the benchmark looked weak. 1-month excess return -0.87%; 3-month excess return -25.11%; 6-month excess return -37.81%.,"Model view: the forward return estimate was mildly negative at about -45.66%. Confidence was not explicitly available for this prediction. Technical state is soft, with price below the 50-day and 200-day averages. RSI is weak near 35.6. MACD remains on the bearish side. Volatility is elevated at roughly 52.5%. No recent matched news was found for this ticker/date. Relative strength versus the benchmark looked weak. 1-month excess return -0.87%; 3-month excess return -25.11%; 6-month excess return -37.81%."
2022-09-30,KSS,7.475153465728357,-50.2099643196395,,miss,linear_regression,target_5d_return,"Technical state is soft, with price below the 50-day and 200-day averages. RSI is weak near 35.0. MACD remains on the bearish side. Volatility is elevated at roughly 52.5%.",No recent matched news was found for this ticker/date.,Relative strength versus the benchmark looked weak. 1-month excess return -1.91%; 3-month excess return -5.99%; 6-month excess return -37.48%.,"Model view: the forward return estimate was mildly negative at about -50.21%. Confidence was not explicitly available for this prediction. Technical state is soft, with price below the 50-day and 200-day averages. RSI is weak near 35.0. MACD remains on the bearish side. Volatility is elevated at roughly 52.5%. No recent matched news was found for this ticker/date. Relative strength versus the benchmark looked weak. 1-month excess return -1.91%; 3-month excess return -5.99%; 6-month excess return -37.48%."
2022-10-03,KSS,3.494622947073278,-56.63777644243616,,miss,linear_regression,target_5d_return,"Technical state is soft, with price below the 50-day and 200-day averages. MACD remains on the bearish side. Volatility is elevated at roughly 49.7%.",No recent matched news was found for this ticker/date.,Relative strength versus the benchmark looked weak. 1-month excess return -0.72%; 3-month excess return -7.45%; 6-month excess return -37.79%.,"Model view: the forward return estimate was mildly negative at about -56.64%. Confidence was not explicitly available for this prediction. Technical state is soft, with price below the 50-day and 200-day averages. MACD remains on the bearish side. Volatility is elevated at roughly 49.7%. No recent matched news was found for this ticker/date. Relative strength versus the benchmark looked weak. 1-month excess return -0.72%; 3-month excess return -7.45%; 6-month excess return -37.79%."
2022-10-04,KSS,-1.9237705770383973,-61.877922557132635,,hit,linear_regression,target_5d_return,"Technical state is soft, with price below the 50-day and 200-day averages. MACD remains on the bearish side. Volatility is elevated at roughly 51.1%.",No recent matched news was found for this ticker/date.,Relative strength versus the benchmark looked weak. 1-month excess return -4.40%; 3-month excess return 2.11%; 6-month excess return -37.25%.,"Model view: the forward return estimate was mildly negative at about -61.88%. Confidence was not explicitly available for this prediction. Technical state is soft, with price below the 50-day and 200-day averages. MACD remains on the bearish side. Volatility is elevated at roughly 51.1%. No recent matched news was found for this ticker/date. Relative strength versus the benchmark looked weak. 1-month excess return -4.40%; 3-month excess return 2.11%; 6-month excess return -37.25%."
2022-10-05,KSS,-4.346254025396679,-62.464519246194286,,hit,linear_regression,target_5d_return,"Technical state is soft, with price below the 50-day and 200-day averages. MACD remains on the bullish side. Volatility is elevated at roughly 47.9%.",No recent matched news was found for this ticker/date.,Relative strength versus the benchmark looked mixed. 1-month excess return 1.11%; 3-month excess return 0.75%; 6-month excess return -37.37%.,"Model view: the forward return estimate was mildly negative at about -62.46%. Confidence was not explicitly available for this prediction. Technical state is soft, with price below the 50-day and 200-day averages. MACD remains on the bullish side. Volatility is elevated at roughly 47.9%. No recent matched news was found for this ticker/date. Relative strength versus the benchmark looked mixed. 1-month excess return 1.11%; 3-month excess return 0.75%; 6-month excess return -37.37%."
2022-10-06,KSS,-1.1334532417499155,-70.5754491595467,,hit,linear_regression,target_5d_return,"Technical state is soft, with price below the 50-day and 200-day averages. MACD remains on the bullish side. Volatility is elevated at roughly 47.5%.",No recent matched news was found for this ticker/date.,Relative strength versus the benchmark looked weak. 1-month excess return -1.42%; 3-month excess return -2.23%; 6-month excess return -36.39%.,"Model view: the forward return estimate was mildly negative at about -70.58%. Confidence was not explicitly available for this prediction. Technical state is soft, with price below the 50-day and 200-day averages. MACD remains on the bullish side. Volatility is elevated at roughly 47.5%. No recent matched news was found for this ticker/date. Relative strength versus the benchmark looked weak. 1-month excess return -1.42%; 3-month excess return -2.23%; 6-month excess return -36.39%."
2022-10-07,KSS,-0.18498388138733501,-70.79328795350743,,hit,linear_regression,target_5d_return,"Technical state is soft, with price below the 50-day and 200-day averages. MACD remains on the bullish side. Volatility is elevated at roughly 46.5%.",No recent matched news was found for this ticker/date.,Relative strength versus the benchmark looked weak. 1-month excess return -0.55%; 3-month excess return -1.70%; 6-month excess return -34.20%.,"Model view: the forward return estimate was mildly negative at about -70.79%. Confidence was not explicitly available for this prediction. Technical state is soft, with price below the 50-day and 200-day averages. MACD remains on the bullish side. Volatility is elevated at roughly 46.5%. No recent matched news was found for this ticker/date. Relative strength versus the benchmark looked weak. 1-month excess return -0.55%; 3-month excess return -1.70%; 6-month excess return -34.20%."
2022-10-10,KSS,4.081626875624322,-74.46403703626417,,miss,linear_regression,target_5d_return,"Technical state is soft, with price below the 50-day and 200-day averages. MACD remains on the bullish side. Volatility is elevated at roughly 46.3%.",No recent matched news was found for this ticker/date.,Relative strength versus the benchmark looked weak. 1-month excess return -0.76%; 3-month excess return -1.44%; 6-month excess return -33.77%.,"Model view: the forward return estimate was mildly negative at about -74.46%. Confidence was not explicitly available for this prediction. Technical state is soft, with price below the 50-day and 200-day averages. MACD remains on the bullish side. Volatility is elevated at roughly 46.3%. No recent matched news was found for this ticker/date. Relative strength versus the benchmark looked weak. 1-month excess return -0.76%; 3-month excess return -1.44%; 6-month excess return -33.77%."
2022-10-11,KSS,7.0318267444157145,-68.58506845588501,,miss,linear_regression,target_5d_return,"Technical state is soft, with price below the 50-day and 200-day averages. MACD remains on the bullish side. Volatility is elevated at roughly 40.0%.",No recent matched news was found for this ticker/date.,Relative strength versus the benchmark looked mixed. 1-month excess return 0.44%; 3-month excess return 2.16%; 6-month excess return -34.07%.,"Model view: the forward return estimate was mildly negative at about -68.59%. Confidence was not explicitly available for this prediction. Technical state is soft, with price below the 50-day and 200-day averages. MACD remains on the bullish side. Volatility is elevated at roughly 40.0%. No recent matched news was found for this ticker/date. Relative strength versus the benchmark looked mixed. 1-month excess return 0.44%; 3-month excess return 2.16%; 6-month excess return -34.07%."
2022-10-12,KSS,7.8758043760832175,-70.00981455069125,,miss,linear_regression,target_5d_return,"Technical state is soft, with price below the 50-day and 200-day averages. MACD remains on the bullish side. Volatility is elevated at roughly 40.6%.",No recent matched news was found for this ticker/date.,Relative strength versus the benchmark looked mixed. 1-month excess return 1.10%; 3-month excess return 3.66%; 6-month excess return -37.52%.,"Model view: the forward return estimate was mildly negative at about -70.01%. Confidence was not explicitly available for this prediction. Technical state is soft, with price below the 50-day and 200-day averages. MACD remains on the bullish side. Volatility is elevated at roughly 40.6%. No recent matched news was found for this ticker/date. Relative strength versus the benchmark looked mixed. 1-month excess return 1.10%; 3-month excess return 3.66%; 6-month excess return -37.52%."
2022-10-13,KSS,4.65975694849059,-73.80142610707772,,miss,linear_regression,target_5d_return,"Technical state is soft, with price below the 50-day and 200-day averages. MACD remains on the bullish side. Volatility is elevated at roughly 41.8%.",No recent matched news was found for this ticker/date.,Relative strength versus the benchmark looked mixed. 1-month excess return 1.59%; 3-month excess return 0.81%; 6-month excess return -38.05%.,"Model view: the forward return estimate was mildly negative at about -73.80%. Confidence was not explicitly available for this prediction. Technical state is soft, with price below the 50-day and 200-day averages. MACD remains on the bullish side. Volatility is elevated at roughly 41.8%. No recent matched news was found for this ticker/date. Relative strength versus the benchmark looked mixed. 1-month excess return 1.59%; 3-month excess return 0.81%; 6-month excess return -38.05%."
2022-10-14,KSS,7.301709615002583,-78.70474413665123,,miss,linear_regression,target_5d_return,"Technical state is soft, with price below the 50-day and 200-day averages. MACD remains on the bullish side. Volatility is elevated at roughly 41.7%.",No recent matched news was found for this ticker/date.,Relative strength versus the benchmark looked weak. 1-month excess return 2.44%; 3-month excess return -0.38%; 6-month excess return -37.42%.,"Model view: the forward return estimate was mildly negative at about -78.70%. Confidence was not explicitly available for this prediction. Technical state is soft, with price below the 50-day and 200-day averages. MACD remains on the bullish side. Volatility is elevated at roughly 41.7%. No recent matched news was found for this ticker/date. Relative strength versus the benchmark looked weak. 1-month excess return 2.44%; 3-month excess return -0.38%; 6-month excess return -37.42%."
2022-10-17,KSS,3.1372587951893793,-84.10708307310121,,miss,linear_regression,target_5d_return,"Technical state is soft, with price below the 50-day and 200-day averages. RSI is in a steady zone near 53.3. MACD remains on the bullish side. Volatility is elevated at roughly 43.7%.",No recent matched news was found for this ticker/date.,Relative strength versus the benchmark looked mixed. 1-month excess return 2.90%; 3-month excess return 1.31%; 6-month excess return -37.32%.,"Model view: the forward return estimate was mildly negative at about -84.11%. Confidence was not explicitly available for this prediction. Technical state is soft, with price below the 50-day and 200-day averages. RSI is in a steady zone near 53.3. MACD remains on the bullish side. Volatility is elevated at roughly 43.7%. No recent matched news was found for this ticker/date. Relative strength versus the benchmark looked mixed. 1-month excess return 2.90%; 3-month excess return 1.31%; 6-month excess return -37.32%."
2022-10-18,KSS,4.529735347463593,-86.41113168627122,,miss,linear_regression,target_5d_return,"Technical state is mixed, with price not fully aligned across the major moving averages. RSI is in a steady zone near 58.0. MACD remains on the bullish side. Volatility is elevated at roughly 43.3%.",No recent matched news was found for this ticker/date.,Relative strength versus the benchmark looked mixed. 1-month excess return 3.52%; 3-month excess return 1.18%; 6-month excess return -36.28%.,"Model view: the forward return estimate was mildly negative at about -86.41%. Confidence was not explicitly available for this prediction. Technical state is mixed, with price not fully aligned across the major moving averages. RSI is in a steady zone near 58.0. MACD remains on the bullish side. Volatility is elevated at roughly 43.3%. No recent matched news was found for this ticker/date. Relative strength versus the benchmark looked mixed. 1-month excess return 3.52%; 3-month excess return 1.18%; 6-month excess return -36.28%."
2022-10-19,KSS,5.96700869286364,-87.67631882249553,,miss,linear_regression,target_5d_return,"Technical state is soft, with price below the 50-day and 200-day averages. RSI is in a steady zone near 55.0. MACD remains on the bullish side. Volatility is elevated at roughly 43.4%.",No recent matched news was found for this ticker/date.,Relative strength versus the benchmark looked weak. 1-month excess return 5.13%; 3-month excess return -0.17%; 6-month excess return -35.82%.,"Model view: the forward return estimate was mildly negative at about -87.68%. Confidence was not explicitly available for this prediction. Technical state is soft, with price below the 50-day and 200-day averages. RSI is in a steady zone near 55.0. MACD remains on the bullish side. Volatility is elevated at roughly 43.4%. No recent matched news was found for this ticker/date. Relative strength versus the benchmark looked weak. 1-month excess return 5.13%; 3-month excess return -0.17%; 6-month excess return -35.82%."
2022-10-20,KSS,6.466431000144901,-87.59681068841412,,miss,linear_regression,target_5d_return,"Technical state is soft, with price below the 50-day and 200-day averages. RSI is in a steady zone near 53.7. MACD remains on the bullish side. Volatility is elevated at roughly 41.4%.",No recent matched news was found for this ticker/date.,Relative strength versus the benchmark looked mixed. 1-month excess return 5.02%; 3-month excess return 1.07%; 6-month excess return -35.12%.,"Model view: the forward return estimate was mildly negative at about -87.60%. Confidence was not explicitly available for this prediction. Technical state is soft, with price below the 50-day and 200-day averages. RSI is in a steady zone near 53.7. MACD remains on the bullish side. Volatility is elevated at roughly 41.4%. No recent matched news was found for this ticker/date. Relative strength versus the benchmark looked mixed. 1-month excess return 5.02%; 3-month excess return 1.07%; 6-month excess return -35.12%."
2022-10-21,KSS,5.319512841430218,-96.29542440055302,,miss,linear_regression,target_5d_return,"Technical state is mixed, with price not fully aligned across the major moving averages. RSI is in a steady zone near 57.4. MACD remains on the bullish side. Volatility is elevated at roughly 40.7%.",No recent matched news was found for this ticker/date.,Relative strength versus the benchmark looked mixed. 1-month excess return 7.93%; 3-month excess return 5.39%; 6-month excess return -37.34%.,"Model view: the forward return estimate was mildly negative at about -96.30%. Confidence was not explicitly available for this prediction. Technical state is mixed, with price not fully aligned across the major moving averages. RSI is in a steady zone near 57.4. MACD remains on the bullish side. Volatility is elevated at roughly 40.7%. No recent matched news was found for this ticker/date. Relative strength versus the benchmark looked mixed. 1-month excess return 7.93%; 3-month excess return 5.39%; 6-month excess return -37.34%."
2022-10-24,KSS,3.525753359847661,-98.95026596398363,,miss,linear_regression,target_5d_return,"Technical state is mixed, with price not fully aligned across the major moving averages. RSI is in a steady zone near 57.3. MACD remains on the bullish side. Volatility is elevated at roughly 38.8%.",No recent matched news was found for this ticker/date.,Relative strength versus the benchmark looked mixed. 1-month excess return 7.51%; 3-month excess return 13.02%; 6-month excess return -40.49%.,"Model view: the forward return estimate was mildly negative at about -98.95%. Confidence was not explicitly available for this prediction. Technical state is mixed, with price not fully aligned across the major moving averages. RSI is in a steady zone near 57.3. MACD remains on the bullish side. Volatility is elevated at roughly 38.8%. No recent matched news was found for this ticker/date. Relative strength versus the benchmark looked mixed. 1-month excess return 7.51%; 3-month excess return 13.02%; 6-month excess return -40.49%."
2022-10-25,KSS,-4.664240386249774,-110.24040319628354,,hit,linear_regression,target_5d_return,"Technical state is mixed, with price not fully aligned across the major moving averages. RSI is in a steady zone near 63.9. MACD remains on the bullish side. Volatility is elevated at roughly 41.1%.",No recent matched news was found for this ticker/date.,Relative strength versus the benchmark looked mixed. 1-month excess return 13.19%; 3-month excess return 15.80%; 6-month excess return -41.19%.,"Model view: the forward return estimate was mildly negative at about -110.24%. Confidence was not explicitly available for this prediction. Technical state is mixed, with price not fully aligned across the major moving averages. RSI is in a steady zone near 63.9. MACD remains on the bullish side. Volatility is elevated at roughly 41.1%. No recent matched news was found for this ticker/date. Relative strength versus the benchmark looked mixed. 1-month excess return 13.19%; 3-month excess return 15.80%; 6-month excess return -41.19%."
2022-10-26,KSS,-10.367674768949575,-110.79627238991834,,hit,linear_regression,target_5d_return,"Technical state is mixed, with price not fully aligned across the major moving averages. RSI is in a steady zone near 63.6. MACD remains on the bullish side. Volatility is elevated at roughly 40.4%.",No recent matched news was found for this ticker/date.,Relative strength versus the benchmark looked mixed. 1-month excess return 12.78%; 3-month excess return 13.35%; 6-month excess return -39.95%.,"Model view: the forward return estimate was mildly negative at about -110.80%. Confidence was not explicitly available for this prediction. Technical state is mixed, with price not fully aligned across the major moving averages. RSI is in a steady zone near 63.6. MACD remains on the bullish side. Volatility is elevated at roughly 40.4%. No recent matched news was found for this ticker/date. Relative strength versus the benchmark looked mixed. 1-month excess return 12.78%; 3-month excess return 13.35%; 6-month excess return -39.95%."
2022-10-27,KSS,-10.554259828748824,-104.9307242055887,,hit,linear_regression,target_5d_return,"Technical state is mixed, with price not fully aligned across the major moving averages. RSI is in a steady zone near 63.1. MACD remains on the bullish side. Volatility is elevated at roughly 36.0%.",No recent matched news was found for this ticker/date.,Relative strength versus the benchmark looked mixed. 1-month excess return 11.17%; 3-month excess return 11.20%; 6-month excess return -37.93%.,"Model view: the forward return estimate was mildly negative at about -104.93%. Confidence was not explicitly available for this prediction. Technical state is mixed, with price not fully aligned across the major moving averages. RSI is in a steady zone near 63.1. MACD remains on the bullish side. Volatility is elevated at roughly 36.0%. No recent matched news was found for this ticker/date. Relative strength versus the benchmark looked mixed. 1-month excess return 11.17%; 3-month excess return 11.20%; 6-month excess return -37.93%."
2022-10-28,KSS,-11.118397556892191,-113.94643584567554,,hit,linear_regression,target_5d_return,"Technical state is mixed, with price not fully aligned across the major moving averages. RSI is in a steady zone near 64.9. MACD remains on the bullish side. Volatility is elevated at roughly 35.5%.",No recent matched news was found for this ticker/date.,Relative strength versus the benchmark looked mixed. 1-month excess return 13.12%; 3-month excess return 8.76%; 6-month excess return -41.69%.,"Model view: the forward return estimate was mildly negative at about -113.95%. Confidence was not explicitly available for this prediction. Technical state is mixed, with price not fully aligned across the major moving averages. RSI is in a steady zone near 64.9. MACD remains on the bullish side. Volatility is elevated at roughly 35.5%. No recent matched news was found for this ticker/date. Relative strength versus the benchmark looked mixed. 1-month excess return 13.12%; 3-month excess return 8.76%; 6-month excess return -41.69%."
2022-10-31,KSS,-10.350585317198757,-115.04423965412435,,hit,linear_regression,target_5d_return,"Technical state is mixed, with price not fully aligned across the major moving averages. RSI is in a steady zone near 60.0. MACD remains on the bullish side. Volatility is elevated at roughly 35.4%.",No recent matched news was found for this ticker/date.,Relative strength versus the benchmark looked mixed. 1-month excess return 10.97%; 3-month excess return 7.76%; 6-month excess return -42.20%.,"Model view: the forward return estimate was mildly negative at about -115.04%. Confidence was not explicitly available for this prediction. Technical state is mixed, with price not fully aligned across the major moving averages. RSI is in a steady zone near 60.0. MACD remains on the bullish side. Volatility is elevated at roughly 35.4%. No recent matched news was found for this ticker/date. Relative strength versus the benchmark looked mixed. 1-month excess return 10.97%; 3-month excess return 7.76%; 6-month excess return -42.20%."
2022-11-01,KSS,0.0,-116.56202359316022,,hit,linear_regression,target_5d_return,"Technical state is mixed, with price not fully aligned across the major moving averages. RSI is in a steady zone near 51.3. MACD remains on the bullish side. Volatility is elevated at roughly 33.5%.",No recent matched news was found for this ticker/date.,Relative strength versus the benchmark looked weak. 1-month excess return 5.77%; 3-month excess return -0.10%; 6-month excess return -42.28%.,"Model view: the forward return estimate was mildly negative at about -116.56%. Confidence was not explicitly available for this prediction. Technical state is mixed, with price not fully aligned across the major moving averages. RSI is in a steady zone near 51.3. MACD remains on the bullish side. Volatility is elevated at roughly 33.5%. No recent matched news was found for this ticker/date. Relative strength versus the benchmark looked weak. 1-month excess return 5.77%; 3-month excess return -0.10%; 6-month excess return -42.28%."
2022-11-02,KSS,-0.11086023610100693,-110.42462546322695,,hit,linear_regression,target_5d_return,"Technical state is soft, with price below the 50-day and 200-day averages. MACD remains on the bearish side. Volatility is elevated at roughly 40.4%.",No recent matched news was found for this ticker/date.,Relative strength versus the benchmark looked weak. 1-month excess return -1.00%; 3-month excess return -0.33%; 6-month excess return -41.30%.,"Model view: the forward return estimate was mildly negative at about -110.42%. Confidence was not explicitly available for this prediction. Technical state is soft, with price below the 50-day and 200-day averages. MACD remains on the bearish side. Volatility is elevated at roughly 40.4%. No recent matched news was found for this ticker/date. Relative strength versus the benchmark looked weak. 1-month excess return -1.00%; 3-month excess return -0.33%; 6-month excess return -41.30%."
2022-11-03,KSS,8.979591865621872,-116.68705580981664,,miss,linear_regression,target_5d_return,"Technical state is soft, with price below the 50-day and 200-day averages. MACD remains on the bearish side. Volatility is elevated at roughly 40.2%.",No recent matched news was found for this ticker/date.,Relative strength versus the benchmark looked weak. 1-month excess return -0.72%; 3-month excess return -1.48%; 6-month excess return -42.60%.,"Model view: the forward return estimate was mildly negative at about -116.69%. Confidence was not explicitly available for this prediction. Technical state is soft, with price below the 50-day and 200-day averages. MACD remains on the bearish side. Volatility is elevated at roughly 40.2%. No recent matched news was found for this ticker/date. Relative strength versus the benchmark looked weak. 1-month excess return -0.72%; 3-month excess return -1.48%; 6-month excess return -42.60%."
2022-11-04,KSS,15.239849087199975,-119.25048222196965,,miss,linear_regression,target_5d_return,"Technical state is soft, with price below the 50-day and 200-day averages. MACD remains on the bearish side. Volatility is elevated at roughly 40.1%.",No recent matched news was found for this ticker/date.,Relative strength versus the benchmark looked weak. 1-month excess return -1.75%; 3-month excess return -4.95%; 6-month excess return -42.84%.,"Model view: the forward return estimate was mildly negative at about -119.25%. Confidence was not explicitly available for this prediction. Technical state is soft, with price below the 50-day and 200-day averages. MACD remains on the bearish side. Volatility is elevated at roughly 40.1%. No recent matched news was found for this ticker/date. Relative strength versus the benchmark looked weak. 1-month excess return -1.75%; 3-month excess return -4.95%; 6-month excess return -42.84%."
2022-11-07,KSS,17.13221719223652,-124.485070455171,,miss,linear_regression,target_5d_return,"Technical state is soft, with price below the 50-day and 200-day averages. MACD remains on the bearish side. Volatility is elevated at roughly 40.2%.",No recent matched news was found for this ticker/date.,Relative strength versus the benchmark looked weak. 1-month excess return -5.41%; 3-month excess return -1.87%; 6-month excess return -42.39%.,"Model view: the forward return estimate was mildly negative at about -124.49%. Confidence was not explicitly available for this prediction. Technical state is soft, with price below the 50-day and 200-day averages. MACD remains on the bearish side. Volatility is elevated at roughly 40.2%. No recent matched news was found for this ticker/date. Relative strength versus the benchmark looked weak. 1-month excess return -5.41%; 3-month excess return -1.87%; 6-month excess return -42.39%."
2022-11-08,KSS,11.276891167294734,-129.5141701906818,,miss,linear_regression,target_5d_return,"Technical state is mixed, with price not fully aligned across the major moving averages. RSI is in a steady zone near 53.4. MACD remains on the bearish side. Volatility is elevated at roughly 47.9%.",No recent matched news was found for this ticker/date.,Relative strength versus the benchmark looked mixed. 1-month excess return 0.83%; 3-month excess return 1.06%; 6-month excess return -37.34%.,"Model view: the forward return estimate was mildly negative at about -129.51%. Confidence was not explicitly available for this prediction. Technical state is mixed, with price not fully aligned across the major moving averages. RSI is in a steady zone near 53.4. MACD remains on the bearish side. Volatility is elevated at roughly 47.9%. No recent matched news was found for this ticker/date. Relative strength versus the benchmark looked mixed. 1-month excess return 0.83%; 3-month excess return 1.06%; 6-month excess return -37.34%."
2022-11-09,KSS,10.247867110797326,-134.8011092537739,,miss,linear_regression,target_5d_return,"Technical state is soft, with price below the 50-day and 200-day averages. MACD remains on the bearish side. Volatility is elevated at roughly 52.6%.",No recent matched news was found for this ticker/date.,Relative strength versus the benchmark looked weak. 1-month excess return -4.59%; 3-month excess return -6.21%; 6-month excess return -37.33%.,"Model view: the forward return estimate was mildly negative at about -134.80%. Confidence was not explicitly available for this prediction. Technical state is soft, with price below the 50-day and 200-day averages. MACD remains on the bearish side. Volatility is elevated at roughly 52.6%. No recent matched news was found for this ticker/date. Relative strength versus the benchmark looked weak. 1-month excess return -4.59%; 3-month excess return -6.21%; 6-month excess return -37.33%."
2022-11-10,KSS,6.97990867716316,-153.16445750499744,,miss,linear_regression,target_5d_return,"Technical state is mixed, with price not fully aligned across the major moving averages. RSI is in a steady zone near 55.1. MACD remains on the bearish side. Volatility is elevated at roughly 60.3%.",No recent matched news was found for this ticker/date.,Relative strength versus the benchmark looked weak. 1-month excess return 0.51%; 3-month excess return -3.85%; 6-month excess return -38.75%.,"Model view: the forward return estimate was mildly negative at about -153.16%. Confidence was not explicitly available for this prediction. Technical state is mixed, with price not fully aligned across the major moving averages. RSI is in a steady zone near 55.1. MACD remains on the bearish side. Volatility is elevated at roughly 60.3%. No recent matched news was found for this ticker/date. Relative strength versus the benchmark looked weak. 1-month excess return 0.51%; 3-month excess return -3.85%; 6-month excess return -38.75%."
2022-11-11,KSS,-0.8005123396236158,-154.76736676206932,,hit,linear_regression,target_5d_return,"Technical state is mixed, with price not fully aligned across the major moving averages. RSI is in a steady zone near 61.6. MACD remains on the bullish side. Volatility is elevated at roughly 63.6%.",No recent matched news was found for this ticker/date.,Relative strength versus the benchmark looked mixed. 1-month excess return 6.59%; 3-month excess return 1.61%; 6-month excess return -34.72%.,"Model view: the forward return estimate was mildly negative at about -154.77%. Confidence was not explicitly available for this prediction. Technical state is mixed, with price not fully aligned across the major moving averages. RSI is in a steady zone near 61.6. MACD remains on the bullish side. Volatility is elevated at roughly 63.6%. No recent matched news was found for this ticker/date. Relative strength versus the benchmark looked mixed. 1-month excess return 6.59%; 3-month excess return 1.61%; 6-month excess return -34.72%."
2022-11-14,KSS,-1.6534195394247386,-162.62374550916164,,hit,linear_regression,target_5d_return,"Technical state is mixed, with price not fully aligned across the major moving averages. RSI is in a steady zone near 62.3. MACD remains on the bullish side. Volatility is elevated at roughly 62.5%.",No recent matched news was found for this ticker/date.,Relative strength versus the benchmark looked weak. 1-month excess return 6.05%; 3-month excess return -2.32%; 6-month excess return -31.91%.,"Model view: the forward return estimate was mildly negative at about -162.62%. Confidence was not explicitly available for this prediction. Technical state is mixed, with price not fully aligned across the major moving averages. RSI is in a steady zone near 62.3. MACD remains on the bullish side. Volatility is elevated at roughly 62.5%. No recent matched news was found for this ticker/date. Relative strength versus the benchmark looked weak. 1-month excess return 6.05%; 3-month excess return -2.32%; 6-month excess return -31.91%."
2022-11-15,KSS,0.4989081663069994,-163.97076493454327,,miss,linear_regression,target_5d_return,"Technical state is mixed, with price not fully aligned across the major moving averages. RSI is in a steady zone near 64.2. MACD remains on the bullish side. Volatility is elevated at roughly 62.1%.",No recent matched news was found for this ticker/date.,Relative strength versus the benchmark looked mixed. 1-month excess return 5.66%; 3-month excess return 1.12%; 6-month excess return -31.44%.,"Model view: the forward return estimate was mildly negative at about -163.97%. Confidence was not explicitly available for this prediction. Technical state is mixed, with price not fully aligned across the major moving averages. RSI is in a steady zone near 64.2. MACD remains on the bullish side. Volatility is elevated at roughly 62.1%. No recent matched news was found for this ticker/date. Relative strength versus the benchmark looked mixed. 1-month excess return 5.66%; 3-month excess return 1.12%; 6-month excess return -31.44%."
2022-11-16,KSS,9.060405476727729,-166.5965285439937,,miss,linear_regression,target_5d_return,"Technical state is mixed, with price not fully aligned across the major moving averages. RSI is in a steady zone near 53.3. MACD remains on the bullish side. Volatility is elevated at roughly 67.5%.",No recent matched news was found for this ticker/date.,Relative strength versus the benchmark looked weak. 1-month excess return -3.55%; 3-month excess return 2.77%; 6-month excess return -31.77%.,"Model view: the forward return estimate was mildly negative at about -166.60%. Confidence was not explicitly available for this prediction. Technical state is mixed, with price not fully aligned across the major moving averages. RSI is in a steady zone near 53.3. MACD remains on the bullish side. Volatility is elevated at roughly 67.5%. No recent matched news was found for this ticker/date. Relative strength versus the benchmark looked weak. 1-month excess return -3.55%; 3-month excess return 2.77%; 6-month excess return -31.77%."
2022-11-17,KSS,1.6231706799600731,-175.3773042727208,,miss,linear_regression,target_5d_return,"Technical state is mixed, with price not fully aligned across the major moving averages. RSI is in a steady zone near 58.7. MACD remains on the bullish side. Volatility is elevated at roughly 69.8%.",No recent matched news was found for this ticker/date.,Relative strength versus the benchmark looked mixed. 1-month excess return 3.26%; 3-month excess return 11.75%; 6-month excess return -31.49%.,"Model view: the forward return estimate was mildly negative at about -175.38%. Confidence was not explicitly available for this prediction. Technical state is mixed, with price not fully aligned across the major moving averages. RSI is in a steady zone near 58.7. MACD remains on the bullish side. Volatility is elevated at roughly 69.8%. No recent matched news was found for this ticker/date. Relative strength versus the benchmark looked mixed. 1-month excess return 3.26%; 3-month excess return 11.75%; 6-month excess return -31.49%."
2022-11-18,KSS,1.065203126475689,-180.07718892731066,,miss,linear_regression,target_5d_return,"Technical state is mixed, with price not fully aligned across the major moving averages. RSI is in a steady zone near 56.8. MACD remains on the bullish side. Volatility is elevated at roughly 69.8%.",No recent matched news was found for this ticker/date.,Relative strength versus the benchmark looked mixed. 1-month excess return 1.08%; 3-month excess return 13.90%; 6-month excess return -22.64%.,"Model view: the forward return estimate was mildly negative at about -180.08%. Confidence was not explicitly available for this prediction. Technical state is mixed, with price not fully aligned across the major moving averages. RSI is in a steady zone near 56.8. MACD remains on the bullish side. Volatility is elevated at roughly 69.8%. No recent matched news was found for this ticker/date. Relative strength versus the benchmark looked mixed. 1-month excess return 1.08%; 3-month excess return 13.90%; 6-month excess return -22.64%."
2022-11-21,KSS,4.752671213058912,-180.5409183872904,,miss,linear_regression,target_5d_return,"Technical state is mixed, with price not fully aligned across the major moving averages. RSI is in a steady zone near 56.6. MACD remains on the bullish side. Volatility is elevated at roughly 69.8%.",No recent matched news was found for this ticker/date.,Relative strength versus the benchmark looked mixed. 1-month excess return 1.37%; 3-month excess return 11.59%; 6-month excess return -18.54%.,"Model view: the forward return estimate was mildly negative at about -180.54%. Confidence was not explicitly available for this prediction. Technical state is mixed, with price not fully aligned across the major moving averages. RSI is in a steady zone near 56.6. MACD remains on the bullish side. Volatility is elevated at roughly 69.8%. No recent matched news was found for this ticker/date. Relative strength versus the benchmark looked mixed. 1-month excess return 1.37%; 3-month excess return 11.59%; 6-month excess return -18.54%."
2022-11-22,KSS,-0.46539780735980196,-191.6630270161506,,hit,linear_regression,target_5d_return,"Technical state is mixed, with price not fully aligned across the major moving averages. RSI is in a steady zone near 60.9. MACD remains on the bullish side. Volatility is elevated at roughly 69.6%.",No recent matched news was found for this ticker/date.,Relative strength versus the benchmark looked mixed. 1-month excess return 5.82%; 3-month excess return 13.18%; 6-month excess return -12.40%.,"Model view: the forward return estimate was mildly negative at about -191.66%. Confidence was not explicitly available for this prediction. Technical state is mixed, with price not fully aligned across the major moving averages. RSI is in a steady zone near 60.9. MACD remains on the bullish side. Volatility is elevated at roughly 69.6%. No recent matched news was found for this ticker/date. Relative strength versus the benchmark looked mixed. 1-month excess return 5.82%; 3-month excess return 13.18%; 6-month excess return -12.40%."
2022-11-23,KSS,-2.1538485013521624,-195.19839678011942,,hit,linear_regression,target_5d_return,"Technical state is mixed, with price not fully aligned across the major moving averages. RSI is in a steady zone near 61.8. MACD remains on the bullish side. Volatility is elevated at roughly 69.6%.",No recent matched news was found for this ticker/date.,Relative strength versus the benchmark looked mixed. 1-month excess return 2.96%; 3-month excess return 11.03%; 6-month excess return -20.98%.,"Model view: the forward return estimate was mildly negative at about -195.20%. Confidence was not explicitly available for this prediction. Technical state is mixed, with price not fully aligned across the major moving averages. RSI is in a steady zone near 61.8. MACD remains on the bullish side. Volatility is elevated at roughly 69.6%. No recent matched news was found for this ticker/date. Relative strength versus the benchmark looked mixed. 1-month excess return 2.96%; 3-month excess return 11.03%; 6-month excess return -20.98%."
2022-11-25,KSS,-1.2840583886422618,-195.70981585974687,,hit,linear_regression,target_5d_return,"Technical state is mixed, with price not fully aligned across the major moving averages. RSI is in a steady zone near 58.8. MACD remains on the bullish side. Volatility is elevated at roughly 70.0%.",No recent matched news was found for this ticker/date.,Relative strength versus the benchmark looked mixed. 1-month excess return 0.44%; 3-month excess return 8.09%; 6-month excess return -25.36%.,"Model view: the forward return estimate was mildly negative at about -195.71%. Confidence was not explicitly available for this prediction. Technical state is mixed, with price not fully aligned across the major moving averages. RSI is in a steady zone near 58.8. MACD remains on the bullish side. Volatility is elevated at roughly 70.0%. No recent matched news was found for this ticker/date. Relative strength versus the benchmark looked mixed. 1-month excess return 0.44%; 3-month excess return 8.09%; 6-month excess return -25.36%."
2022-11-28,KSS,-5.812838472910009,-199.02184011860194,,hit,linear_regression,target_5d_return,"Technical state is mixed, with price not fully aligned across the major moving averages. RSI is in a steady zone near 55.7. MACD remains on the bullish side. Volatility is elevated at roughly 70.4%.",No recent matched news was found for this ticker/date.,Relative strength versus the benchmark looked weak. 1-month excess return -0.30%; 3-month excess return 13.11%; 6-month excess return -20.55%.,"Model view: the forward return estimate was mildly negative at about -199.02%. Confidence was not explicitly available for this prediction. Technical state is mixed, with price not fully aligned across the major moving averages. RSI is in a steady zone near 55.7. MACD remains on the bullish side. Volatility is elevated at roughly 70.4%. No recent matched news was found for this ticker/date. Relative strength versus the benchmark looked weak. 1-month excess return -0.30%; 3-month excess return 13.11%; 6-month excess return -20.55%."
2022-11-29,KSS,-12.253089610295731,-204.38091575910923,,hit,linear_regression,target_5d_return,"Technical state is mixed, with price not fully aligned across the major moving averages. RSI is in a steady zone near 59.8. MACD remains on the bullish side. Volatility is elevated at roughly 70.9%.",No recent matched news was found for this ticker/date.,Relative strength versus the benchmark looked mixed. 1-month excess return 4.61%; 3-month excess return 16.09%; 6-month excess return -15.33%.,"Model view: the forward return estimate was mildly negative at about -204.38%. Confidence was not explicitly available for this prediction. Technical state is mixed, with price not fully aligned across the major moving averages. RSI is in a steady zone near 59.8. MACD remains on the bullish side. Volatility is elevated at roughly 70.9%. No recent matched news was found for this ticker/date. Relative strength versus the benchmark looked mixed. 1-month excess return 4.61%; 3-month excess return 16.09%; 6-month excess return -15.33%."
2022-11-30,KSS,-14.370331217492428,-209.63460504503718,,hit,linear_regression,target_5d_return,"Technical state is mixed, with price not fully aligned across the major moving averages. RSI is in a steady zone near 58.1. MACD remains on the bullish side. Volatility is elevated at roughly 69.3%.",No recent matched news was found for this ticker/date.,Relative strength versus the benchmark looked mixed. 1-month excess return 1.61%; 3-month excess return 9.76%; 6-month excess return -19.67%.,"Model view: the forward return estimate was mildly negative at about -209.63%. Confidence was not explicitly available for this prediction. Technical state is mixed, with price not fully aligned across the major moving averages. RSI is in a steady zone near 58.1. MACD remains on the bullish side. Volatility is elevated at roughly 69.3%. No recent matched news was found for this ticker/date. Relative strength versus the benchmark looked mixed. 1-month excess return 1.61%; 3-month excess return 9.76%; 6-month excess return -19.67%."
2022-12-01,KSS,-14.77987096966128,-207.47125655636012,,hit,linear_regression,target_5d_return,"Technical state is mixed, with price not fully aligned across the major moving averages. RSI is in a steady zone near 56.6. MACD remains on the bullish side. Volatility is elevated at roughly 65.0%.",No recent matched news was found for this ticker/date.,Relative strength versus the benchmark looked mixed. 1-month excess return 4.39%; 3-month excess return 9.27%; 6-month excess return -20.40%.,"Model view: the forward return estimate was mildly negative at about -207.47%. Confidence was not explicitly available for this prediction. Technical state is mixed, with price not fully aligned across the major moving averages. RSI is in a steady zone near 56.6. MACD remains on the bullish side. Volatility is elevated at roughly 65.0%. No recent matched news was found for this ticker/date. Relative strength versus the benchmark looked mixed. 1-month excess return 4.39%; 3-month excess return 9.27%; 6-month excess return -20.40%."
2022-12-02,KSS,-16.14847740693537,-211.18784717743551,,hit,linear_regression,target_5d_return,"Technical state is mixed, with price not fully aligned across the major moving averages. RSI is in a steady zone near 55.1. MACD remains on the bullish side. Volatility is elevated at roughly 65.1%.",No recent matched news was found for this ticker/date.,Relative strength versus the benchmark looked mixed. 1-month excess return 7.92%; 3-month excess return 1.41%; 6-month excess return -23.10%.,"Model view: the forward return estimate was mildly negative at about -211.19%. Confidence was not explicitly available for this prediction. Technical state is mixed, with price not fully aligned across the major moving averages. RSI is in a steady zone near 55.1. MACD remains on the bullish side. Volatility is elevated at roughly 65.1%. No recent matched news was found for this ticker/date. Relative strength versus the benchmark looked mixed. 1-month excess return 7.92%; 3-month excess return 1.41%; 6-month excess return -23.10%."
2022-12-05,KSS,-7.663615620286402,-210.26973996001237,,hit,linear_regression,target_5d_return,"Technical state is mixed, with price not fully aligned across the major moving averages. MACD remains on the bearish side. Volatility is elevated at roughly 70.1%.",No recent matched news was found for this ticker/date.,Relative strength versus the benchmark looked mixed. 1-month excess return 1.65%; 3-month excess return 1.99%; 6-month excess return -27.04%.,"Model view: the forward return estimate was mildly negative at about -210.27%. Confidence was not explicitly available for this prediction. Technical state is mixed, with price not fully aligned across the major moving averages. MACD remains on the bearish side. Volatility is elevated at roughly 70.1%. No recent matched news was found for this ticker/date. Relative strength versus the benchmark looked mixed. 1-month excess return 1.65%; 3-month excess return 1.99%; 6-month excess return -27.04%."
2022-12-06,KSS,-4.2912458937998,-218.71412804470003,,hit,linear_regression,target_5d_return,"Technical state is soft, with price below the 50-day and 200-day averages. MACD remains on the bearish side. Volatility is elevated at roughly 71.4%.",No recent matched news was found for this ticker/date.,Relative strength versus the benchmark looked weak. 1-month excess return 0.22%; 3-month excess return -2.99%; 6-month excess return -32.37%.,"Model view: the forward return estimate was mildly negative at about -218.71%. Confidence was not explicitly available for this prediction. Technical state is soft, with price below the 50-day and 200-day averages. MACD remains on the bearish side. Volatility is elevated at roughly 71.4%. No recent matched news was found for this ticker/date. Relative strength versus the benchmark looked weak. 1-month excess return 0.22%; 3-month excess return -2.99%; 6-month excess return -32.37%."
2022-12-07,KSS,-0.3276307056336081,-225.53731213558353,,hit,linear_regression,target_5d_return,"Technical state is soft, with price below the 50-day and 200-day averages. RSI is weak near 38.2. MACD remains on the bearish side. Volatility is elevated at roughly 67.6%.",No recent matched news was found for this ticker/date.,Relative strength versus the benchmark looked weak. 1-month excess return -1.18%; 3-month excess return -6.69%; 6-month excess return -35.56%.,"Model view: the forward return estimate was mildly negative at about -225.54%. Confidence was not explicitly available for this prediction. Technical state is soft, with price below the 50-day and 200-day averages. RSI is weak near 38.2. MACD remains on the bearish side. Volatility is elevated at roughly 67.6%. No recent matched news was found for this ticker/date. Relative strength versus the benchmark looked weak. 1-month excess return -1.18%; 3-month excess return -6.69%; 6-month excess return -35.56%."
2022-12-08,KSS,-1.771215998079978,-228.45032180585358,,hit,linear_regression,target_5d_return,"Technical state is soft, with price below the 50-day and 200-day averages. RSI is weak near 36.9. MACD remains on the bearish side. Volatility is elevated at roughly 64.0%.",No recent matched news was found for this ticker/date.,Relative strength versus the benchmark looked weak. 1-month excess return -9.71%; 3-month excess return -9.19%; 6-month excess return -40.51%.,"Model view: the forward return estimate was mildly negative at about -228.45%. Confidence was not explicitly available for this prediction. Technical state is soft, with price below the 50-day and 200-day averages. RSI is weak near 36.9. MACD remains on the bearish side. Volatility is elevated at roughly 64.0%. No recent matched news was found for this ticker/date. Relative strength versus the benchmark looked weak. 1-month excess return -9.71%; 3-month excess return -9.19%; 6-month excess return -40.51%."
2022-12-09,KSS,-1.7404501948916296,-237.27757340542675,,hit,linear_regression,target_5d_return,"Technical state is soft, with price below the 50-day and 200-day averages. RSI is weak near 34.8. MACD remains on the bearish side. Volatility is elevated at roughly 55.9%.",No recent matched news was found for this ticker/date.,Relative strength versus the benchmark looked weak. 1-month excess return -7.35%; 3-month excess return -10.17%; 6-month excess return -43.14%.,"Model view: the forward return estimate was mildly negative at about -237.28%. Confidence was not explicitly available for this prediction. Technical state is soft, with price below the 50-day and 200-day averages. RSI is weak near 34.8. MACD remains on the bearish side. Volatility is elevated at roughly 55.9%. No recent matched news was found for this ticker/date. Relative strength versus the benchmark looked weak. 1-month excess return -7.35%; 3-month excess return -10.17%; 6-month excess return -43.14%."
2022-12-12,KSS,-6.169667034220627,-254.269888555312,,hit,linear_regression,target_5d_return,"Technical state is soft, with price below the 50-day and 200-day averages. RSI is weak near 39.4. MACD remains on the bearish side. Volatility is elevated at roughly 51.6%.",No recent matched news was found for this ticker/date.,Relative strength versus the benchmark looked weak. 1-month excess return -8.39%; 3-month excess return -6.85%; 6-month excess return -39.28%.,"Model view: the forward return estimate was mildly negative at about -254.27%. Confidence was not explicitly available for this prediction. Technical state is soft, with price below the 50-day and 200-day averages. RSI is weak near 39.4. MACD remains on the bearish side. Volatility is elevated at roughly 51.6%. No recent matched news was found for this ticker/date. Relative strength versus the benchmark looked weak. 1-month excess return -8.39%; 3-month excess return -6.85%; 6-month excess return -39.28%."
2022-12-13,KSS,-8.489524232511203,-257.5622686618509,,hit,linear_regression,target_5d_return,"Technical state is soft, with price below the 50-day and 200-day averages. RSI is weak near 39.3. MACD remains on the bearish side. Volatility is elevated at roughly 51.4%.",No recent matched news was found for this ticker/date.,Relative strength versus the benchmark looked weak. 1-month excess return -13.75%; 3-month excess return -6.96%; 6-month excess return -41.25%.,"Model view: the forward return estimate was mildly negative at about -257.56%. Confidence was not explicitly available for this prediction. Technical state is soft, with price below the 50-day and 200-day averages. RSI is weak near 39.3. MACD remains on the bearish side. Volatility is elevated at roughly 51.4%. No recent matched news was found for this ticker/date. Relative strength versus the benchmark looked weak. 1-month excess return -13.75%; 3-month excess return -6.96%; 6-month excess return -41.25%."
2022-12-14,KSS,-7.852445889081894,-260.6627060354048,,hit,linear_regression,target_5d_return,"Technical state is soft, with price below the 50-day and 200-day averages. MACD remains on the bearish side. Volatility is elevated at roughly 50.7%.",No recent matched news was found for this ticker/date.,Relative strength versus the benchmark looked weak. 1-month excess return -14.03%; 3-month excess return -6.90%; 6-month excess return -41.36%.,"Model view: the forward return estimate was mildly negative at about -260.66%. Confidence was not explicitly available for this prediction. Technical state is soft, with price below the 50-day and 200-day averages. MACD remains on the bearish side. Volatility is elevated at roughly 50.7%. No recent matched news was found for this ticker/date. Relative strength versus the benchmark looked weak. 1-month excess return -14.03%; 3-month excess return -6.90%; 6-month excess return -41.36%."
2022-12-15,KSS,-9.61683430722513,-0.6012021024980715,,hit,linear_regression,target_5d_return,"Technical state is soft, with price below the 50-day and 200-day averages. RSI is weak near 37.3. MACD remains on the bearish side. Volatility is elevated at roughly 45.6%.",No recent matched news was found for this ticker/date.,Relative strength versus the benchmark looked weak. 1-month excess return -14.79%; 3-month excess return -8.01%; 6-month excess return -40.21%.,"Model view: the forward return estimate was mildly negative at about -0.60%. Confidence was not explicitly available for this prediction. Technical state is soft, with price below the 50-day and 200-day averages. RSI is weak near 37.3. MACD remains on the bearish side. Volatility is elevated at roughly 45.6%. No recent matched news was found for this ticker/date. Relative strength versus the benchmark looked weak. 1-month excess return -14.79%; 3-month excess return -8.01%; 6-month excess return -40.21%."
2022-12-16,KSS,-3.812090093545284,1.0137508910273456,,miss,linear_regression,target_5d_return,"Technical state is soft, with price below the 50-day and 200-day averages. RSI is weak near 34.8. MACD remains on the bearish side. Volatility is elevated at roughly 40.2%.",No recent matched news was found for this ticker/date.,Relative strength versus the benchmark looked weak. 1-month excess return -10.22%; 3-month excess return -10.14%; 6-month excess return -40.19%.,"Model view: the forward return estimate was mildly positive at about 1.01%. Confidence was not explicitly available for this prediction. Technical state is soft, with price below the 50-day and 200-day averages. RSI is weak near 34.8. MACD remains on the bearish side. Volatility is elevated at roughly 40.2%. No recent matched news was found for this ticker/date. Relative strength versus the benchmark looked weak. 1-month excess return -10.22%; 3-month excess return -10.14%; 6-month excess return -40.19%."
2022-12-19,KSS,-1.7612480196793623,2.7886916716769607,,miss,linear_regression,target_5d_return,"Technical state is soft, with price below the 50-day and 200-day averages. RSI is weak near 33.3. MACD remains on the bearish side. Volatility is elevated at roughly 40.3%.",No recent matched news was found for this ticker/date.,Relative strength versus the benchmark looked weak. 1-month excess return -15.49%; 3-month excess return -8.69%; 6-month excess return -40.96%.,"Model view: the forward return estimate was mildly positive at about 2.79%. Confidence was not explicitly available for this prediction. Technical state is soft, with price below the 50-day and 200-day averages. RSI is weak near 33.3. MACD remains on the bearish side. Volatility is elevated at roughly 40.3%. No recent matched news was found for this ticker/date. Relative strength versus the benchmark looked weak. 1-month excess return -15.49%; 3-month excess return -8.69%; 6-month excess return -40.96%."
2022-12-20,KSS,-2.9718866765261476,5.60874223596463,,miss,linear_regression,target_5d_return,"Technical state is soft, with price below the 50-day and 200-day averages. RSI is weak near 31.1. MACD remains on the bearish side. Volatility is elevated at roughly 40.5%.",No recent matched news was found for this ticker/date.,Relative strength versus the benchmark looked weak. 1-month excess return -15.69%; 3-month excess return -11.14%; 6-month excess return -36.72%.,"Model view: the forward return estimate was mildly positive at about 5.61%. Confidence was not explicitly available for this prediction. Technical state is soft, with price below the 50-day and 200-day averages. RSI is weak near 31.1. MACD remains on the bearish side. Volatility is elevated at roughly 40.5%. No recent matched news was found for this ticker/date. Relative strength versus the benchmark looked weak. 1-month excess return -15.69%; 3-month excess return -11.14%; 6-month excess return -36.72%."
2022-12-21,KSS,-0.5945288198644927,2.9605931927642817,,miss,linear_regression,target_5d_return,"Technical state is soft, with price below the 50-day and 200-day averages. RSI is weak near 33.5. MACD remains on the bearish side. Volatility is elevated at roughly 36.7%.",No recent matched news was found for this ticker/date.,Relative strength versus the benchmark looked weak. 1-month excess return -16.28%; 3-month excess return -9.07%; 6-month excess return -35.92%.,"Model view: the forward return estimate was mildly positive at about 2.96%. Confidence was not explicitly available for this prediction. Technical state is soft, with price below the 50-day and 200-day averages. RSI is weak near 33.5. MACD remains on the bearish side. Volatility is elevated at roughly 36.7%. No recent matched news was found for this ticker/date. Relative strength versus the benchmark looked weak. 1-month excess return -16.28%; 3-month excess return -9.07%; 6-month excess return -35.92%."
2022-12-22,KSS,4.945970741778671,5.056611757164649,,hit,linear_regression,target_5d_return,"Technical state is soft, with price below the 50-day and 200-day averages. RSI is weak near 29.5. MACD remains on the bearish side. Volatility is elevated at roughly 37.8%.",No recent matched news was found for this ticker/date.,Relative strength versus the benchmark looked weak. 1-month excess return -20.55%; 3-month excess return -11.54%; 6-month excess return -35.90%.,"Model view: the forward return estimate was mildly positive at about 5.06%. Confidence was not explicitly available for this prediction. Technical state is soft, with price below the 50-day and 200-day averages. RSI is weak near 29.5. MACD remains on the bearish side. Volatility is elevated at roughly 37.8%. No recent matched news was found for this ticker/date. Relative strength versus the benchmark looked weak. 1-month excess return -20.55%; 3-month excess return -11.54%; 6-month excess return -35.90%."
2022-12-23,KSS,-1.7213783549064332,1.9972021850130548,,miss,linear_regression,target_5d_return,"Technical state is soft, with price below the 50-day and 200-day averages. RSI is weak near 36.0. MACD remains on the bearish side. Volatility is elevated at roughly 42.2%.",No recent matched news was found for this ticker/date.,Relative strength versus the benchmark looked weak. 1-month excess return -18.28%; 3-month excess return -6.81%; 6-month excess return -31.81%.,"Model view: the forward return estimate was mildly positive at about 2.00%. Confidence was not explicitly available for this prediction. Technical state is soft, with price below the 50-day and 200-day averages. RSI is weak near 36.0. MACD remains on the bearish side. Volatility is elevated at roughly 42.2%. No recent matched news was found for this ticker/date. Relative strength versus the benchmark looked weak. 1-month excess return -18.28%; 3-month excess return -6.81%; 6-month excess return -31.81%."
2022-12-27,KSS,3.8645390382965994,2.6644075551856363,,hit,linear_regression,target_5d_return,"Technical state is soft, with price below the 50-day and 200-day averages. RSI is weak near 36.8. MACD remains on the bearish side. Volatility is elevated at roughly 42.5%.",No recent matched news was found for this ticker/date.,Relative strength versus the benchmark looked weak. 1-month excess return -16.16%; 3-month excess return -6.83%; 6-month excess return -31.71%.,"Model view: the forward return estimate was mildly positive at about 2.66%. Confidence was not explicitly available for this prediction. Technical state is soft, with price below the 50-day and 200-day averages. RSI is weak near 36.8. MACD remains on the bearish side. Volatility is elevated at roughly 42.5%. No recent matched news was found for this ticker/date. Relative strength versus the benchmark looked weak. 1-month excess return -16.16%; 3-month excess return -6.83%; 6-month excess return -31.71%."
2022-12-28,KSS,8.733446290056879,5.527668341202219,,hit,linear_regression,target_5d_return,"Technical state is soft, with price below the 50-day and 200-day averages. RSI is weak near 33.2. MACD remains on the bearish side. Volatility is elevated at roughly 39.9%.",No recent matched news was found for this ticker/date.,Relative strength versus the benchmark looked weak. 1-month excess return -17.95%; 3-month excess return -10.47%; 6-month excess return -31.73%.,"Model view: the forward return estimate was mildly positive at about 5.53%. Confidence was not explicitly available for this prediction. Technical state is soft, with price below the 50-day and 200-day averages. RSI is weak near 33.2. MACD remains on the bearish side. Volatility is elevated at roughly 39.9%. No recent matched news was found for this ticker/date. Relative strength versus the benchmark looked weak. 1-month excess return -17.95%; 3-month excess return -10.47%; 6-month excess return -31.73%."
2022-12-29,KSS,8.612439609182143,1.6905908855302019,,hit,linear_regression,target_5d_return,"Technical state is soft, with price below the 50-day and 200-day averages. RSI is weak near 39.4. MACD remains on the bearish side. Volatility is elevated at roughly 44.0%.",No recent matched news was found for this ticker/date.,Relative strength versus the benchmark looked weak. 1-month excess return -19.56%; 3-month excess return -6.70%; 6-month excess return -31.29%.,"Model view: the forward return estimate was mildly positive at about 1.69%. Confidence was not explicitly available for this prediction. Technical state is soft, with price below the 50-day and 200-day averages. RSI is weak near 39.4. MACD remains on the bearish side. Volatility is elevated at roughly 44.0%. No recent matched news was found for this ticker/date. Relative strength versus the benchmark looked weak. 1-month excess return -19.56%; 3-month excess return -6.70%; 6-month excess return -31.29%."
2022-12-30,KSS,4.237622553759279,2.71385864387199,,hit,linear_regression,target_5d_return,"Technical state is soft, with price below the 50-day and 200-day averages. MACD remains on the bearish side. Volatility is elevated at roughly 44.5%.",No recent matched news was found for this ticker/date.,Relative strength versus the benchmark looked weak. 1-month excess return -15.11%; 3-month excess return -6.62%; 6-month excess return -12.22%.,"Model view: the forward return estimate was mildly positive at about 2.71%. Confidence was not explicitly available for this prediction. Technical state is soft, with price below the 50-day and 200-day averages. MACD remains on the bearish side. Volatility is elevated at roughly 44.5%. No recent matched news was found for this ticker/date. Relative strength versus the benchmark looked weak. 1-month excess return -15.11%; 3-month excess return -6.62%; 6-month excess return -12.22%."
2023-01-03,KSS,9.73523980151143,4.956611048758436,,hit,linear_regression,target_5d_return,"Technical state is soft, with price below the 50-day and 200-day averages. RSI is weak near 37.5. MACD remains on the bearish side. Volatility is elevated at roughly 44.9%.",No recent matched news was found for this ticker/date.,Relative strength versus the benchmark looked weak. 1-month excess return -16.24%; 3-month excess return -9.58%; 6-month excess return -16.22%.,"Model view: the forward return estimate was mildly positive at about 4.96%. Confidence was not explicitly available for this prediction. Technical state is soft, with price below the 50-day and 200-day averages. RSI is weak near 37.5. MACD remains on the bearish side. Volatility is elevated at roughly 44.9%. No recent matched news was found for this ticker/date. Relative strength versus the benchmark looked weak. 1-month excess return -16.24%; 3-month excess return -9.58%; 6-month excess return -16.22%."
2023-01-04,KSS,7.901800882457866,1.2761806707636185,,hit,linear_regression,target_5d_return,"Technical state is soft, with price below the 50-day and 200-day averages. MACD remains on the bullish side. Volatility is elevated at roughly 47.6%.",No recent matched news was found for this ticker/date.,Relative strength versus the benchmark looked weak. 1-month excess return -11.54%; 3-month excess return -6.90%; 6-month excess return -4.80%.,"Model view: the forward return estimate was mildly positive at about 1.28%. Confidence was not explicitly available for this prediction. Technical state is soft, with price below the 50-day and 200-day averages. MACD remains on the bullish side. Volatility is elevated at roughly 47.6%. No recent matched news was found for this ticker/date. Relative strength versus the benchmark looked weak. 1-month excess return -11.54%; 3-month excess return -6.90%; 6-month excess return -4.80%."
2023-01-05,KSS,8.108104772176027,-0.6760090770500579,,miss,linear_regression,target_5d_return,"Technical state is soft, with price below the 50-day and 200-day averages. MACD remains on the bullish side. Volatility is elevated at roughly 46.5%.",No recent matched news was found for this ticker/date.,Relative strength versus the benchmark looked weak. 1-month excess return -5.83%; 3-month excess return -5.44%; 6-month excess return -4.57%.,"Model view: the forward return estimate was mildly negative at about -0.68%. Confidence was not explicitly available for this prediction. Technical state is soft, with price below the 50-day and 200-day averages. MACD remains on the bullish side. Volatility is elevated at roughly 46.5%. No recent matched news was found for this ticker/date. Relative strength versus the benchmark looked weak. 1-month excess return -5.83%; 3-month excess return -5.44%; 6-month excess return -4.57%."
2023-01-06,KSS,5.837005014492425,-5.726086460283849,,miss,linear_regression,target_5d_return,"Technical state is soft, with price below the 50-day and 200-day averages. RSI is in a steady zone near 52.9. MACD remains on the bullish side. Volatility is elevated at roughly 47.1%.",No recent matched news was found for this ticker/date.,Relative strength versus the benchmark looked weak. 1-month excess return -2.68%; 3-month excess return -4.38%; 6-month excess return -6.42%.,"Model view: the forward return estimate was mildly negative at about -5.73%. Confidence was not explicitly available for this prediction. Technical state is soft, with price below the 50-day and 200-day averages. RSI is in a steady zone near 52.9. MACD remains on the bullish side. Volatility is elevated at roughly 47.1%. No recent matched news was found for this ticker/date. Relative strength versus the benchmark looked weak. 1-month excess return -2.68%; 3-month excess return -4.38%; 6-month excess return -6.42%."
2023-01-09,KSS,14.171730947891415,-4.412140342249813,,miss,linear_regression,target_5d_return,"Technical state is soft, with price below the 50-day and 200-day averages. MACD remains on the bullish side. Volatility is elevated at roughly 48.4%.",No recent matched news was found for this ticker/date.,Relative strength versus the benchmark looked weak. 1-month excess return -2.80%; 3-month excess return -9.53%; 6-month excess return -10.64%.,"Model view: the forward return estimate was mildly negative at about -4.41%. Confidence was not explicitly available for this prediction. Technical state is soft, with price below the 50-day and 200-day averages. MACD remains on the bullish side. Volatility is elevated at roughly 48.4%. No recent matched news was found for this ticker/date. Relative strength versus the benchmark looked weak. 1-month excess return -2.80%; 3-month excess return -9.53%; 6-month excess return -10.64%."
2023-01-10,KSS,11.91536384869245,-3.1979565284470786,,miss,linear_regression,target_5d_return,"Technical state is soft, with price below the 50-day and 200-day averages. RSI is in a steady zone near 51.3. MACD remains on the bullish side. Volatility is elevated at roughly 48.3%.",No recent matched news was found for this ticker/date.,Relative strength versus the benchmark looked weak. 1-month excess return 0.87%; 3-month excess return -8.51%; 6-month excess return -9.48%.,"Model view: the forward return estimate was mildly negative at about -3.20%. Confidence was not explicitly available for this prediction. Technical state is soft, with price below the 50-day and 200-day averages. RSI is in a steady zone near 51.3. MACD remains on the bullish side. Volatility is elevated at roughly 48.3%. No recent matched news was found for this ticker/date. Relative strength versus the benchmark looked weak. 1-month excess return 0.87%; 3-month excess return -8.51%; 6-month excess return -9.48%."
2023-01-11,KSS,7.46534107401835,-7.951442620748471,,miss,linear_regression,target_5d_return,"Technical state is soft, with price below the 50-day and 200-day averages. RSI is in a steady zone near 56.8. MACD remains on the bullish side. Volatility is elevated at roughly 49.7%.",No recent matched news was found for this ticker/date.,Relative strength versus the benchmark looked weak. 1-month excess return 5.90%; 3-month excess return -6.48%; 6-month excess return -3.87%.,"Model view: the forward return estimate was mildly negative at about -7.95%. Confidence was not explicitly available for this prediction. Technical state is soft, with price below the 50-day and 200-day averages. RSI is in a steady zone near 56.8. MACD remains on the bullish side. Volatility is elevated at roughly 49.7%. No recent matched news was found for this ticker/date. Relative strength versus the benchmark looked weak. 1-month excess return 5.90%; 3-month excess return -6.48%; 6-month excess return -3.87%."
2023-01-12,KSS,8.309861415673137,-4.831645450848826,,miss,linear_regression,target_5d_return,"Technical state is mixed, with price not fully aligned across the major moving averages. RSI is in a steady zone near 58.0. MACD remains on the bullish side. Volatility is elevated at roughly 49.7%.",No recent matched news was found for this ticker/date.,Relative strength versus the benchmark looked mixed. 1-month excess return 4.81%; 3-month excess return -3.81%; 6-month excess return 0.34%.,"Model view: the forward return estimate was mildly negative at about -4.83%. Confidence was not explicitly available for this prediction. Technical state is mixed, with price not fully aligned across the major moving averages. RSI is in a steady zone near 58.0. MACD remains on the bullish side. Volatility is elevated at roughly 49.7%. No recent matched news was found for this ticker/date. Relative strength versus the benchmark looked mixed. 1-month excess return 4.81%; 3-month excess return -3.81%; 6-month excess return 0.34%."
2023-01-13,KSS,13.319452845651035,-7.820451158428559,,miss,linear_regression,target_5d_return,"Technical state is mixed, with price not fully aligned across the major moving averages. RSI is in a steady zone near 59.8. MACD remains on the bullish side. Volatility is elevated at roughly 49.9%.",No recent matched news was found for this ticker/date.,Relative strength versus the benchmark looked weak. 1-month excess return 6.81%; 3-month excess return -2.31%; 6-month excess return -1.33%.,"Model view: the forward return estimate was mildly negative at about -7.82%. Confidence was not explicitly available for this prediction. Technical state is mixed, with price not fully aligned across the major moving averages. RSI is in a steady zone near 59.8. MACD remains on the bullish side. Volatility is elevated at roughly 49.9%. No recent matched news was found for this ticker/date. Relative strength versus the benchmark looked weak. 1-month excess return 6.81%; 3-month excess return -2.31%; 6-month excess return -1.33%."
2023-01-17,KSS,5.557404721110082,-6.445575049067743,,miss,linear_regression,target_5d_return,"Technical state is mixed, with price not fully aligned across the major moving averages. RSI is in a steady zone near 64.6. MACD remains on the bullish side. Volatility is elevated at roughly 50.4%.",No recent matched news was found for this ticker/date.,Relative strength versus the benchmark looked mixed. 1-month excess return 10.16%; 3-month excess return 0.11%; 6-month excess return -0.32%.,"Model view: the forward return estimate was mildly negative at about -6.45%. Confidence was not explicitly available for this prediction. Technical state is mixed, with price not fully aligned across the major moving averages. RSI is in a steady zone near 64.6. MACD remains on the bullish side. Volatility is elevated at roughly 50.4%. No recent matched news was found for this ticker/date. Relative strength versus the benchmark looked mixed. 1-month excess return 10.16%; 3-month excess return 0.11%; 6-month excess return -0.32%."
2023-01-18,KSS,5.3731371798682925,-4.433940797564057,,miss,linear_regression,target_5d_return,"Technical state is mixed, with price not fully aligned across the major moving averages. RSI is in a steady zone near 65.0. MACD remains on the bullish side. Volatility is elevated at roughly 49.1%.",No recent matched news was found for this ticker/date.,Relative strength versus the benchmark looked favorable. 1-month excess return 12.81%; 3-month excess return 0.74%; 6-month excess return 2.10%.,"Model view: the forward return estimate was mildly negative at about -4.43%. Confidence was not explicitly available for this prediction. Technical state is mixed, with price not fully aligned across the major moving averages. RSI is in a steady zone near 65.0. MACD remains on the bullish side. Volatility is elevated at roughly 49.1%. No recent matched news was found for this ticker/date. Relative strength versus the benchmark looked favorable. 1-month excess return 12.81%; 3-month excess return 0.74%; 6-month excess return 2.10%."
2023-01-19,KSS,5.822031940234806,-7.910022890257552,,miss,linear_regression,target_5d_return,"Technical state is mixed, with price not fully aligned across the major moving averages. MACD remains on the bullish side. Volatility is elevated at roughly 48.3%.",No recent matched news was found for this ticker/date.,Relative strength versus the benchmark looked mixed. 1-month excess return 15.48%; 3-month excess return -0.21%; 6-month excess return 1.03%.,"Model view: the forward return estimate was mildly negative at about -7.91%. Confidence was not explicitly available for this prediction. Technical state is mixed, with price not fully aligned across the major moving averages. MACD remains on the bullish side. Volatility is elevated at roughly 48.3%. No recent matched news was found for this ticker/date. Relative strength versus the benchmark looked mixed. 1-month excess return 15.48%; 3-month excess return -0.21%; 6-month excess return 1.03%."
2023-01-20,KSS,2.3732104577518953,-7.716740572252215,,miss,linear_regression,target_5d_return,"Technical state is mixed, with price not fully aligned across the major moving averages. MACD remains on the bullish side. Volatility is elevated at roughly 46.6%.",No recent matched news was found for this ticker/date.,Relative strength versus the benchmark looked favorable. 1-month excess return 16.71%; 3-month excess return 0.56%; 6-month excess return 0.33%.,"Model view: the forward return estimate was mildly negative at about -7.72%. Confidence was not explicitly available for this prediction. Technical state is mixed, with price not fully aligned across the major moving averages. MACD remains on the bullish side. Volatility is elevated at roughly 46.6%. No recent matched news was found for this ticker/date. Relative strength versus the benchmark looked favorable. 1-month excess return 16.71%; 3-month excess return 0.56%; 6-month excess return 0.33%."
2023-01-23,KSS,-3.826134565993211,-14.623394464486418,,hit,linear_regression,target_5d_return,"Technical state is mixed, with price not fully aligned across the major moving averages. RSI is elevated near 73.4, so chasing strength may add risk. MACD remains on the bullish side. Volatility is elevated at roughly 50.0%.",No recent matched news was found for this ticker/date.,Relative strength versus the benchmark looked favorable. 1-month excess return 25.92%; 3-month excess return 5.82%; 6-month excess return 6.62%.,"Model view: the forward return estimate was mildly negative at about -14.62%. Confidence was not explicitly available for this prediction. Technical state is mixed, with price not fully aligned across the major moving averages. RSI is elevated near 73.4, so chasing strength may add risk. MACD remains on the bullish side. Volatility is elevated at roughly 50.0%. No recent matched news was found for this ticker/date. Relative strength versus the benchmark looked favorable. 1-month excess return 25.92%; 3-month excess return 5.82%; 6-month excess return 6.62%."
2023-01-24,KSS,2.0491791696118256,-10.544536994684458,,miss,linear_regression,target_5d_return,"Technical state is mixed, with price not fully aligned across the major moving averages. MACD remains on the bullish side. Volatility is elevated at roughly 47.6%.",No recent matched news was found for this ticker/date.,Relative strength versus the benchmark looked favorable. 1-month excess return 22.10%; 3-month excess return 2.63%; 6-month excess return 8.39%.,"Model view: the forward return estimate was mildly negative at about -10.54%. Confidence was not explicitly available for this prediction. Technical state is mixed, with price not fully aligned across the major moving averages. MACD remains on the bullish side. Volatility is elevated at roughly 47.6%. No recent matched news was found for this ticker/date. Relative strength versus the benchmark looked favorable. 1-month excess return 22.10%; 3-month excess return 2.63%; 6-month excess return 8.39%."
2023-01-25,KSS,4.50110256396401,-10.75531728321125,,miss,linear_regression,target_5d_return,"Technical state is mixed, with price not fully aligned across the major moving averages. MACD remains on the bullish side. Volatility is elevated at roughly 46.9%.",No recent matched news was found for this ticker/date.,Relative strength versus the benchmark looked favorable. 1-month excess return 26.91%; 3-month excess return 4.13%; 6-month excess return 18.30%.,"Model view: the forward return estimate was mildly negative at about -10.76%. Confidence was not explicitly available for this prediction. Technical state is mixed, with price not fully aligned across the major moving averages. MACD remains on the bullish side. Volatility is elevated at roughly 46.9%. No recent matched news was found for this ticker/date. Relative strength versus the benchmark looked favorable. 1-month excess return 26.91%; 3-month excess return 4.13%; 6-month excess return 18.30%."
2023-01-26,KSS,6.502031692991639,-13.746119119834427,,miss,linear_regression,target_5d_return,"Technical state is mixed, with price not fully aligned across the major moving averages. MACD remains on the bullish side. Volatility is elevated at roughly 46.9%.",No recent matched news was found for this ticker/date.,Relative strength versus the benchmark looked favorable. 1-month excess return 22.40%; 3-month excess return 0.72%; 6-month excess return 17.41%.,"Model view: the forward return estimate was mildly negative at about -13.75%. Confidence was not explicitly available for this prediction. Technical state is mixed, with price not fully aligned across the major moving averages. MACD remains on the bullish side. Volatility is elevated at roughly 46.9%. No recent matched news was found for this ticker/date. Relative strength versus the benchmark looked favorable. 1-month excess return 22.40%; 3-month excess return 0.72%; 6-month excess return 17.41%."
2023-01-27,KSS,10.384244440084744,-15.808604444608394,,miss,linear_regression,target_5d_return,"Technical state is mixed, with price not fully aligned across the major moving averages. RSI is in a steady zone near 64.0. MACD remains on the bullish side. Volatility is elevated at roughly 44.4%.",No recent matched news was found for this ticker/date.,Relative strength versus the benchmark looked mixed. 1-month excess return 19.07%; 3-month excess return -1.89%; 6-month excess return 12.14%.,"Model view: the forward return estimate was mildly negative at about -15.81%. Confidence was not explicitly available for this prediction. Technical state is mixed, with price not fully aligned across the major moving averages. RSI is in a steady zone near 64.0. MACD remains on the bullish side. Volatility is elevated at roughly 44.4%. No recent matched news was found for this ticker/date. Relative strength versus the benchmark looked mixed. 1-month excess return 19.07%; 3-month excess return -1.89%; 6-month excess return 12.14%."
2023-01-30,KSS,9.452575767481708,-17.798060503844653,,miss,linear_regression,target_5d_return,"Technical state is mixed, with price not fully aligned across the major moving averages. RSI is in a steady zone near 63.5. MACD remains on the bullish side. Volatility is elevated at roughly 43.7%.",No recent matched news was found for this ticker/date.,Relative strength versus the benchmark looked mixed. 1-month excess return 23.68%; 3-month excess return -1.15%; 6-month excess return 10.62%.,"Model view: the forward return estimate was mildly negative at about -17.80%. Confidence was not explicitly available for this prediction. Technical state is mixed, with price not fully aligned across the major moving averages. RSI is in a steady zone near 63.5. MACD remains on the bullish side. Volatility is elevated at roughly 43.7%. No recent matched news was found for this ticker/date. Relative strength versus the benchmark looked mixed. 1-month excess return 23.68%; 3-month excess return -1.15%; 6-month excess return 10.62%."
2023-01-31,KSS,6.734631996013007,-15.95325051808147,,miss,linear_regression,target_5d_return,"Technical state is mixed, with price not fully aligned across the major moving averages. MACD remains on the bullish side. Volatility is elevated at roughly 44.2%.",No recent matched news was found for this ticker/date.,Relative strength versus the benchmark looked favorable. 1-month excess return 23.07%; 3-month excess return 1.67%; 6-month excess return 10.88%.,"Model view: the forward return estimate was mildly negative at about -15.95%. Confidence was not explicitly available for this prediction. Technical state is mixed, with price not fully aligned across the major moving averages. MACD remains on the bullish side. Volatility is elevated at roughly 44.2%. No recent matched news was found for this ticker/date. Relative strength versus the benchmark looked favorable. 1-month excess return 23.07%; 3-month excess return 1.67%; 6-month excess return 10.88%."
2023-02-01,KSS,-0.18072702383186146,-17.38961887602563,,hit,linear_regression,target_5d_return,"Technical state is mixed, with price not fully aligned across the major moving averages. RSI is elevated near 70.4, so chasing strength may add risk. MACD remains on the bullish side. Volatility is elevated at roughly 41.7%.",No recent matched news was found for this ticker/date.,Relative strength versus the benchmark looked favorable. 1-month excess return 24.03%; 3-month excess return 4.49%; 6-month excess return 12.85%.,"Model view: the forward return estimate was mildly negative at about -17.39%. Confidence was not explicitly available for this prediction. Technical state is mixed, with price not fully aligned across the major moving averages. RSI is elevated near 70.4, so chasing strength may add risk. MACD remains on the bullish side. Volatility is elevated at roughly 41.7%. No recent matched news was found for this ticker/date. Relative strength versus the benchmark looked favorable. 1-month excess return 24.03%; 3-month excess return 4.49%; 6-month excess return 12.85%."
2023-02-02,KSS,-4.37334275643062,-21.234086759339313,,hit,linear_regression,target_5d_return,"Technical state is constructive, with price above the 50-day and 200-day averages. RSI is elevated near 73.1, so chasing strength may add risk. MACD remains on the bullish side. Volatility is elevated at roughly 38.2%.",No recent matched news was found for this ticker/date.,Relative strength versus the benchmark looked favorable. 1-month excess return 29.36%; 3-month excess return 9.89%; 6-month excess return 9.06%.,"Model view: the forward return estimate was mildly negative at about -21.23%. Confidence was not explicitly available for this prediction. Technical state is constructive, with price above the 50-day and 200-day averages. RSI is elevated near 73.1, so chasing strength may add risk. MACD remains on the bullish side. Volatility is elevated at roughly 38.2%. No recent matched news was found for this ticker/date. Relative strength versus the benchmark looked favorable. 1-month excess return 29.36%; 3-month excess return 9.89%; 6-month excess return 9.06%."
2023-02-03,KSS,-7.997695378410629,-19.119580060465402,,hit,linear_regression,target_5d_return,"Technical state is constructive, with price above the 50-day and 200-day averages. RSI is elevated near 75.1, so chasing strength may add risk. MACD remains on the bullish side. Volatility is elevated at roughly 38.2%.",No recent matched news was found for this ticker/date.,Relative strength versus the benchmark looked favorable. 1-month excess return 25.86%; 3-month excess return 18.48%; 6-month excess return 16.29%.,"Model view: the forward return estimate was mildly negative at about -19.12%. Confidence was not explicitly available for this prediction. Technical state is constructive, with price above the 50-day and 200-day averages. RSI is elevated near 75.1, so chasing strength may add risk. MACD remains on the bullish side. Volatility is elevated at roughly 38.2%. No recent matched news was found for this ticker/date. Relative strength versus the benchmark looked favorable. 1-month excess return 25.86%; 3-month excess return 18.48%; 6-month excess return 16.29%."
2023-02-06,KSS,-4.158186480242332,-19.995044913307375,,hit,linear_regression,target_5d_return,"Technical state is constructive, with price above the 50-day and 200-day averages. RSI is elevated near 72.0, so chasing strength may add risk. MACD remains on the bullish side. Volatility is elevated at roughly 38.2%.",No recent matched news was found for this ticker/date.,Relative strength versus the benchmark looked favorable. 1-month excess return 22.88%; 3-month excess return 17.09%; 6-month excess return 13.44%.,"Model view: the forward return estimate was mildly negative at about -20.00%. Confidence was not explicitly available for this prediction. Technical state is constructive, with price above the 50-day and 200-day averages. RSI is elevated near 72.0, so chasing strength may add risk. MACD remains on the bullish side. Volatility is elevated at roughly 38.2%. No recent matched news was found for this ticker/date. Relative strength versus the benchmark looked favorable. 1-month excess return 22.88%; 3-month excess return 17.09%; 6-month excess return 13.44%."
2023-02-07,KSS,-2.865406325993769,-19.014189705632596,,hit,linear_regression,target_5d_return,"Technical state is constructive, with price above the 50-day and 200-day averages. RSI is elevated near 72.6, so chasing strength may add risk. MACD remains on the bullish side. Volatility is elevated at roughly 34.3%.",No recent matched news was found for this ticker/date.,Relative strength versus the benchmark looked favorable. 1-month excess return 19.84%; 3-month excess return 17.17%; 6-month excess return 9.33%.,"Model view: the forward return estimate was mildly negative at about -19.01%. Confidence was not explicitly available for this prediction. Technical state is constructive, with price above the 50-day and 200-day averages. RSI is elevated near 72.6, so chasing strength may add risk. MACD remains on the bullish side. Volatility is elevated at roughly 34.3%. No recent matched news was found for this ticker/date. Relative strength versus the benchmark looked favorable. 1-month excess return 19.84%; 3-month excess return 17.17%; 6-month excess return 9.33%."
2023-02-08,KSS,0.9354296288486053,-12.463334031056784,,miss,linear_regression,target_5d_return,"Technical state is constructive, with price above the 50-day and 200-day averages. RSI is in a steady zone near 61.6. MACD remains on the bullish side. Volatility is elevated at roughly 39.2%.",No recent matched news was found for this ticker/date.,Relative strength versus the benchmark looked favorable. 1-month excess return 20.02%; 3-month excess return 15.35%; 6-month excess return 11.87%.,"Model view: the forward return estimate was mildly negative at about -12.46%. Confidence was not explicitly available for this prediction. Technical state is constructive, with price above the 50-day and 200-day averages. RSI is in a steady zone near 61.6. MACD remains on the bullish side. Volatility is elevated at roughly 39.2%. No recent matched news was found for this ticker/date. Relative strength versus the benchmark looked favorable. 1-month excess return 20.02%; 3-month excess return 15.35%; 6-month excess return 11.87%."
2023-02-09,KSS,-0.3990210583454279,-11.207355179360556,,hit,linear_regression,target_5d_return,"Technical state is mixed, with price not fully aligned across the major moving averages. RSI is in a steady zone near 57.9. MACD remains on the bullish side. Volatility is elevated at roughly 38.2%.",No recent matched news was found for this ticker/date.,Relative strength versus the benchmark looked favorable. 1-month excess return 16.69%; 3-month excess return 6.47%; 6-month excess return 7.09%.,"Model view: the forward return estimate was mildly negative at about -11.21%. Confidence was not explicitly available for this prediction. Technical state is mixed, with price not fully aligned across the major moving averages. RSI is in a steady zone near 57.9. MACD remains on the bullish side. Volatility is elevated at roughly 38.2%. No recent matched news was found for this ticker/date. Relative strength versus the benchmark looked favorable. 1-month excess return 16.69%; 3-month excess return 6.47%; 6-month excess return 7.09%."
2023-02-10,KSS,1.407131861728561,-9.291857462786718,,miss,linear_regression,target_5d_return,"Technical state is mixed, with price not fully aligned across the major moving averages. RSI is in a steady zone near 54.1. MACD remains on the bearish side. Volatility is elevated at roughly 39.3%.",No recent matched news was found for this ticker/date.,Relative strength versus the benchmark looked favorable. 1-month excess return 10.50%; 3-month excess return 9.25%; 6-month excess return 0.90%.,"Model view: the forward return estimate was mildly negative at about -9.29%. Confidence was not explicitly available for this prediction. Technical state is mixed, with price not fully aligned across the major moving averages. RSI is in a steady zone near 54.1. MACD remains on the bearish side. Volatility is elevated at roughly 39.3%. No recent matched news was found for this ticker/date. Relative strength versus the benchmark looked favorable. 1-month excess return 10.50%; 3-month excess return 9.25%; 6-month excess return 0.90%."
2023-02-13,KSS,-11.37742750049593,-13.871199901681914,,hit,linear_regression,target_5d_return,"Technical state is constructive, with price above the 50-day and 200-day averages. RSI is in a steady zone near 58.8. MACD remains on the bearish side. Volatility is elevated at roughly 40.2%.",No recent matched news was found for this ticker/date.,Relative strength versus the benchmark looked favorable. 1-month excess return 12.07%; 3-month excess return 7.63%; 6-month excess return 2.73%.,"Model view: the forward return estimate was mildly negative at about -13.87%. Confidence was not explicitly available for this prediction. Technical state is constructive, with price above the 50-day and 200-day averages. RSI is in a steady zone near 58.8. MACD remains on the bearish side. Volatility is elevated at roughly 40.2%. No recent matched news was found for this ticker/date. Relative strength versus the benchmark looked favorable. 1-month excess return 12.07%; 3-month excess return 7.63%; 6-month excess return 2.73%."
2023-02-14,KSS,-11.561385307937332,-15.222417070951971,,hit,linear_regression,target_5d_return,"Technical state is constructive, with price above the 50-day and 200-day averages. RSI is in a steady zone near 61.4. MACD remains on the bearish side. Volatility is elevated at roughly 38.2%.",No recent matched news was found for this ticker/date.,Relative strength versus the benchmark looked favorable. 1-month excess return 12.86%; 3-month excess return 3.90%; 6-month excess return 5.35%.,"Model view: the forward return estimate was mildly negative at about -15.22%. Confidence was not explicitly available for this prediction. Technical state is constructive, with price above the 50-day and 200-day averages. RSI is in a steady zone near 61.4. MACD remains on the bearish side. Volatility is elevated at roughly 38.2%. No recent matched news was found for this ticker/date. Relative strength versus the benchmark looked favorable. 1-month excess return 12.86%; 3-month excess return 3.90%; 6-month excess return 5.35%."
2023-02-15,KSS,-11.808671667702352,-18.009976195248015,,hit,linear_regression,target_5d_return,"Technical state is constructive, with price above the 50-day and 200-day averages. RSI is in a steady zone near 60.7. MACD remains on the bearish side. Volatility is elevated at roughly 38.4%.",No recent matched news was found for this ticker/date.,Relative strength versus the benchmark looked mixed. 1-month excess return 7.26%; 3-month excess return 1.61%; 6-month excess return -0.99%.,"Model view: the forward return estimate was mildly negative at about -18.01%. Confidence was not explicitly available for this prediction. Technical state is constructive, with price above the 50-day and 200-day averages. RSI is in a steady zone near 60.7. MACD remains on the bearish side. Volatility is elevated at roughly 38.4%. No recent matched news was found for this ticker/date. Relative strength versus the benchmark looked mixed. 1-month excess return 7.26%; 3-month excess return 1.61%; 6-month excess return -0.99%."
2023-02-16,KSS,-9.953779271629127,-17.432763495799737,,hit,linear_regression,target_5d_return,"Technical state is constructive, with price above the 50-day and 200-day averages. RSI is in a steady zone near 54.1. MACD remains on the bearish side. Volatility is elevated at roughly 40.4%.",No recent matched news was found for this ticker/date.,Relative strength versus the benchmark looked weak. 1-month excess return 3.33%; 3-month excess return -1.26%; 6-month excess return -0.05%.,"Model view: the forward return estimate was mildly negative at about -17.43%. Confidence was not explicitly available for this prediction. Technical state is constructive, with price above the 50-day and 200-day averages. RSI is in a steady zone near 54.1. MACD remains on the bearish side. Volatility is elevated at roughly 40.4%. No recent matched news was found for this ticker/date. Relative strength versus the benchmark looked weak. 1-month excess return 3.33%; 3-month excess return -1.26%; 6-month excess return -0.05%."
2023-02-17,KSS,-12.395930989621629,-10.056698271311186,,hit,linear_regression,target_5d_return,"Technical state is constructive, with price above the 50-day and 200-day averages. RSI is in a steady zone near 54.0. MACD remains on the bearish side. Volatility is elevated at roughly 40.1%.",No recent matched news was found for this ticker/date.,Relative strength versus the benchmark looked favorable. 1-month excess return 2.50%; 3-month excess return 5.86%; 6-month excess return 8.42%.,"Model view: the forward return estimate was mildly negative at about -10.06%. Confidence was not explicitly available for this prediction. Technical state is constructive, with price above the 50-day and 200-day averages. RSI is in a steady zone near 54.0. MACD remains on the bearish side. Volatility is elevated at roughly 40.1%. No recent matched news was found for this ticker/date. Relative strength versus the benchmark looked favorable. 1-month excess return 2.50%; 3-month excess return 5.86%; 6-month excess return 8.42%."
2023-02-21,KSS,-4.00547143312735,-4.468244170130382,,hit,linear_regression,target_5d_return,"Technical state is soft, with price below the 50-day and 200-day averages. RSI is weak near 38.4. MACD remains on the bearish side. Volatility is elevated at roughly 48.5%.",No recent matched news was found for this ticker/date.,Relative strength versus the benchmark looked weak. 1-month excess return -5.89%; 3-month excess return -8.25%; 6-month excess return 3.22%.,"Model view: the forward return estimate was mildly negative at about -4.47%. Confidence was not explicitly available for this prediction. Technical state is soft, with price below the 50-day and 200-day averages. RSI is weak near 38.4. MACD remains on the bearish side. Volatility is elevated at roughly 48.5%. No recent matched news was found for this ticker/date. Relative strength versus the benchmark looked weak. 1-month excess return -5.89%; 3-month excess return -8.25%; 6-month excess return 3.22%."
2023-02-22,KSS,-7.311320936595567,-5.421404180537641,,hit,linear_regression,target_5d_return,"Technical state is mixed, with price not fully aligned across the major moving averages. MACD remains on the bearish side. Volatility is elevated at roughly 48.2%.",No recent matched news was found for this ticker/date.,Relative strength versus the benchmark looked weak. 1-month excess return -8.66%; 3-month excess return -4.84%; 6-month excess return 8.68%.,"Model view: the forward return estimate was mildly negative at about -5.42%. Confidence was not explicitly available for this prediction. Technical state is mixed, with price not fully aligned across the major moving averages. MACD remains on the bearish side. Volatility is elevated at roughly 48.2%. No recent matched news was found for this ticker/date. Relative strength versus the benchmark looked weak. 1-month excess return -8.66%; 3-month excess return -4.84%; 6-month excess return 8.68%."
2023-02-23,KSS,-5.593219045865339,-5.838734417151377,,hit,linear_regression,target_5d_return,"Technical state is mixed, with price not fully aligned across the major moving averages. MACD remains on the bearish side. Volatility is elevated at roughly 48.2%.",No recent matched news was found for this ticker/date.,Relative strength versus the benchmark looked weak. 1-month excess return -7.11%; 3-month excess return -6.13%; 6-month excess return 5.19%.,"Model view: the forward return estimate was mildly negative at about -5.84%. Confidence was not explicitly available for this prediction. Technical state is mixed, with price not fully aligned across the major moving averages. MACD remains on the bearish side. Volatility is elevated at roughly 48.2%. No recent matched news was found for this ticker/date. Relative strength versus the benchmark looked weak. 1-month excess return -7.11%; 3-month excess return -6.13%; 6-month excess return 5.19%."
2023-02-24,KSS,-4.380557184722022,-6.823498670227812,,hit,linear_regression,target_5d_return,"Technical state is soft, with price below the 50-day and 200-day averages. RSI is weak near 39.2. MACD remains on the bearish side. Volatility is elevated at roughly 48.1%.",No recent matched news was found for this ticker/date.,Relative strength versus the benchmark looked weak. 1-month excess return -7.03%; 3-month excess return -8.44%; 6-month excess return 3.79%.,"Model view: the forward return estimate was mildly negative at about -6.82%. Confidence was not explicitly available for this prediction. Technical state is soft, with price below the 50-day and 200-day averages. RSI is weak near 39.2. MACD remains on the bearish side. Volatility is elevated at roughly 48.1%. No recent matched news was found for this ticker/date. Relative strength versus the benchmark looked weak. 1-month excess return -7.03%; 3-month excess return -8.44%; 6-month excess return 3.79%."
2023-02-27,KSS,-3.8366777840274424,-8.428269088669207,,hit,linear_regression,target_5d_return,"Technical state is soft, with price below the 50-day and 200-day averages. RSI is weak near 36.0. MACD remains on the bearish side. Volatility is elevated at roughly 48.7%.",No recent matched news was found for this ticker/date.,Relative strength versus the benchmark looked weak. 1-month excess return -9.49%; 3-month excess return -11.41%; 6-month excess return -1.30%.,"Model view: the forward return estimate was mildly negative at about -8.43%. Confidence was not explicitly available for this prediction. Technical state is soft, with price below the 50-day and 200-day averages. RSI is weak near 36.0. MACD remains on the bearish side. Volatility is elevated at roughly 48.7%. No recent matched news was found for this ticker/date. Relative strength versus the benchmark looked weak. 1-month excess return -9.49%; 3-month excess return -11.41%; 6-month excess return -1.30%."
2023-02-28,KSS,-2.7460785756867723,-6.5618293760764566,,hit,linear_regression,target_5d_return,"Technical state is soft, with price below the 50-day and 200-day averages. RSI is weak near 34.6. MACD remains on the bearish side. Volatility is elevated at roughly 48.7%.",No recent matched news was found for this ticker/date.,Relative strength versus the benchmark looked weak. 1-month excess return -8.61%; 3-month excess return -10.64%; 6-month excess return -3.46%.,"Model view: the forward return estimate was mildly negative at about -6.56%. Confidence was not explicitly available for this prediction. Technical state is soft, with price below the 50-day and 200-day averages. RSI is weak near 34.6. MACD remains on the bearish side. Volatility is elevated at roughly 48.7%. No recent matched news was found for this ticker/date. Relative strength versus the benchmark looked weak. 1-month excess return -8.61%; 3-month excess return -10.64%; 6-month excess return -3.46%."
2023-03-01,KSS,-1.6721228207710048,-6.963977721013304,,hit,linear_regression,target_5d_return,"Technical state is soft, with price below the 50-day and 200-day averages. RSI is weak near 32.7. MACD remains on the bearish side. Volatility is elevated at roughly 47.1%.",No recent matched news was found for this ticker/date.,Relative strength versus the benchmark looked weak. 1-month excess return -10.97%; 3-month excess return -11.82%; 6-month excess return -0.10%.,"Model view: the forward return estimate was mildly negative at about -6.96%. Confidence was not explicitly available for this prediction. Technical state is soft, with price below the 50-day and 200-day averages. RSI is weak near 32.7. MACD remains on the bearish side. Volatility is elevated at roughly 47.1%. No recent matched news was found for this ticker/date. Relative strength versus the benchmark looked weak. 1-month excess return -10.97%; 3-month excess return -11.82%; 6-month excess return -0.10%."
2023-03-02,KSS,-5.780971591737549,-8.490655646204527,,hit,linear_regression,target_5d_return,"Technical state is soft, with price below the 50-day and 200-day averages. RSI is weak near 35.2. MACD remains on the bearish side. Volatility is elevated at roughly 46.1%.",No recent matched news was found for this ticker/date.,Relative strength versus the benchmark looked weak. 1-month excess return -11.83%; 3-month excess return -14.64%; 6-month excess return -0.71%.,"Model view: the forward return estimate was mildly negative at about -8.49%. Confidence was not explicitly available for this prediction. Technical state is soft, with price below the 50-day and 200-day averages. RSI is weak near 35.2. MACD remains on the bearish side. Volatility is elevated at roughly 46.1%. No recent matched news was found for this ticker/date. Relative strength versus the benchmark looked weak. 1-month excess return -11.83%; 3-month excess return -14.64%; 6-month excess return -0.71%."
2023-03-03,KSS,-11.130996961007966,-9.168743624813102,,hit,linear_regression,target_5d_return,"Technical state is soft, with price below the 50-day and 200-day averages. RSI is weak near 35.9. MACD remains on the bearish side. Volatility is elevated at roughly 44.5%.",No recent matched news was found for this ticker/date.,Relative strength versus the benchmark looked weak. 1-month excess return -14.19%; 3-month excess return -12.05%; 6-month excess return -3.93%.,"Model view: the forward return estimate was mildly negative at about -9.17%. Confidence was not explicitly available for this prediction. Technical state is soft, with price below the 50-day and 200-day averages. RSI is weak near 35.9. MACD remains on the bearish side. Volatility is elevated at roughly 44.5%. No recent matched news was found for this ticker/date. Relative strength versus the benchmark looked weak. 1-month excess return -14.19%; 3-month excess return -12.05%; 6-month excess return -3.93%."
2023-03-06,KSS,-16.471449671547855,-5.055500091554745,,hit,linear_regression,target_5d_return,"Technical state is soft, with price below the 50-day and 200-day averages. RSI is weak near 33.3. MACD remains on the bearish side. Volatility is elevated at roughly 43.2%.",No recent matched news was found for this ticker/date.,Relative strength versus the benchmark looked weak. 1-month excess return -16.88%; 3-month excess return -13.34%; 6-month excess return -5.75%.,"Model view: the forward return estimate was mildly negative at about -5.06%. Confidence was not explicitly available for this prediction. Technical state is soft, with price below the 50-day and 200-day averages. RSI is weak near 33.3. MACD remains on the bearish side. Volatility is elevated at roughly 43.2%. No recent matched news was found for this ticker/date. Relative strength versus the benchmark looked weak. 1-month excess return -16.88%; 3-month excess return -13.34%; 6-month excess return -5.75%."
2023-03-07,KSS,-18.261824197434294,-4.398746222875001,,hit,linear_regression,target_5d_return,"Technical state is soft, with price below the 50-day and 200-day averages. RSI is weak near 33.1. MACD remains on the bearish side. Volatility is elevated at roughly 43.4%.",No recent matched news was found for this ticker/date.,Relative strength versus the benchmark looked weak. 1-month excess return -18.15%; 3-month excess return -11.34%; 6-month excess return -10.54%.,"Model view: the forward return estimate was mildly negative at about -4.40%. Confidence was not explicitly available for this prediction. Technical state is soft, with price below the 50-day and 200-day averages. RSI is weak near 33.1. MACD remains on the bearish side. Volatility is elevated at roughly 43.4%. No recent matched news was found for this ticker/date. Relative strength versus the benchmark looked weak. 1-month excess return -18.15%; 3-month excess return -11.34%; 6-month excess return -10.54%."
2023-03-08,KSS,-14.269866217646465,-4.409739238030124,,hit,linear_regression,target_5d_return,"Technical state is soft, with price below the 50-day and 200-day averages. RSI is weak near 32.1. MACD remains on the bearish side. Volatility is elevated at roughly 43.0%.",No recent matched news was found for this ticker/date.,Relative strength versus the benchmark looked weak. 1-month excess return -18.66%; 3-month excess return -8.06%; 6-month excess return -6.42%.,"Model view: the forward return estimate was mildly negative at about -4.41%. Confidence was not explicitly available for this prediction. Technical state is soft, with price below the 50-day and 200-day averages. RSI is weak near 32.1. MACD remains on the bearish side. Volatility is elevated at roughly 43.0%. No recent matched news was found for this ticker/date. Relative strength versus the benchmark looked weak. 1-month excess return -18.66%; 3-month excess return -8.06%; 6-month excess return -6.42%."
2023-03-09,KSS,-11.47103755768657,-0.6160578693742987,,hit,linear_regression,target_5d_return,"Technical state is soft, with price below the 50-day and 200-day averages. RSI is weak near 28.8. MACD remains on the bearish side. Volatility is elevated at roughly 42.2%.",No recent matched news was found for this ticker/date.,Relative strength versus the benchmark looked weak. 1-month excess return -18.37%; 3-month excess return -7.10%; 6-month excess return -9.78%.,"Model view: the forward return estimate was mildly negative at about -0.62%. Confidence was not explicitly available for this prediction. Technical state is soft, with price below the 50-day and 200-day averages. RSI is weak near 28.8. MACD remains on the bearish side. Volatility is elevated at roughly 42.2%. No recent matched news was found for this ticker/date. Relative strength versus the benchmark looked weak. 1-month excess return -18.37%; 3-month excess return -7.10%; 6-month excess return -9.78%."
2023-03-10,KSS,-6.443819518268102,4.432439486759609,,miss,linear_regression,target_5d_return,"Technical state is soft, with price below the 50-day and 200-day averages. RSI is weak near 24.2. MACD remains on the bearish side. Volatility is elevated at roughly 44.8%.",No recent matched news was found for this ticker/date.,Relative strength versus the benchmark looked weak. 1-month excess return -19.07%; 3-month excess return -7.77%; 6-month excess return -13.68%.,"Model view: the forward return estimate was mildly positive at about 4.43%. Confidence was not explicitly available for this prediction. Technical state is soft, with price below the 50-day and 200-day averages. RSI is weak near 24.2. MACD remains on the bearish side. Volatility is elevated at roughly 44.8%. No recent matched news was found for this ticker/date. Relative strength versus the benchmark looked weak. 1-month excess return -19.07%; 3-month excess return -7.77%; 6-month excess return -13.68%."
2023-03-13,KSS,-0.08764442607862577,7.519300527908331,,miss,linear_regression,target_5d_return,"Technical state is soft, with price below the 50-day and 200-day averages. RSI is weak near 19.4. MACD remains on the bearish side. Volatility is elevated at roughly 50.9%.",No recent matched news was found for this ticker/date.,Relative strength versus the benchmark looked weak. 1-month excess return -24.60%; 3-month excess return -13.02%; 6-month excess return -20.43%.,"Model view: the forward return estimate was mildly positive at about 7.52%. Confidence was not explicitly available for this prediction. Technical state is soft, with price below the 50-day and 200-day averages. RSI is weak near 19.4. MACD remains on the bearish side. Volatility is elevated at roughly 50.9%. No recent matched news was found for this ticker/date. Relative strength versus the benchmark looked weak. 1-month excess return -24.60%; 3-month excess return -13.02%; 6-month excess return -20.43%."
2023-03-14,KSS,3.5890498169664165,-1.4032304016635178,,miss,linear_regression,target_5d_return,"Technical state is soft, with price below the 50-day and 200-day averages. RSI is weak near 18.3. MACD remains on the bearish side. Volatility is elevated at roughly 47.8%.",No recent matched news was found for this ticker/date.,Relative strength versus the benchmark looked weak. 1-month excess return -26.28%; 3-month excess return -15.23%; 6-month excess return -23.15%.,"Model view: the forward return estimate was mildly negative at about -1.40%. Confidence was not explicitly available for this prediction. Technical state is soft, with price below the 50-day and 200-day averages. RSI is weak near 18.3. MACD remains on the bearish side. Volatility is elevated at roughly 47.8%. No recent matched news was found for this ticker/date. Relative strength versus the benchmark looked weak. 1-month excess return -26.28%; 3-month excess return -15.23%; 6-month excess return -23.15%."
2023-03-15,KSS,-4.35532645805038,-2.950737790542757,,hit,linear_regression,target_5d_return,"Technical state is soft, with price below the 50-day and 200-day averages. RSI is weak near 25.6. MACD remains on the bearish side. Volatility is elevated at roughly 50.6%.",No recent matched news was found for this ticker/date.,Relative strength versus the benchmark looked weak. 1-month excess return -23.95%; 3-month excess return -12.40%; 6-month excess return -18.42%.,"Model view: the forward return estimate was mildly negative at about -2.95%. Confidence was not explicitly available for this prediction. Technical state is soft, with price below the 50-day and 200-day averages. RSI is weak near 25.6. MACD remains on the bearish side. Volatility is elevated at roughly 50.6%. No recent matched news was found for this ticker/date. Relative strength versus the benchmark looked weak. 1-month excess return -23.95%; 3-month excess return -12.40%; 6-month excess return -18.42%."
2023-03-16,KSS,-6.758500756617214,-4.791813732811487,,hit,linear_regression,target_5d_return,"Technical state is soft, with price below the 50-day and 200-day averages. RSI is weak near 25.9. MACD remains on the bearish side. Volatility is elevated at roughly 50.9%.",No recent matched news was found for this ticker/date.,Relative strength versus the benchmark looked weak. 1-month excess return -26.73%; 3-month excess return -13.13%; 6-month excess return -19.31%.,"Model view: the forward return estimate was mildly negative at about -4.79%. Confidence was not explicitly available for this prediction. Technical state is soft, with price below the 50-day and 200-day averages. RSI is weak near 25.9. MACD remains on the bearish side. Volatility is elevated at roughly 50.9%. No recent matched news was found for this ticker/date. Relative strength versus the benchmark looked weak. 1-month excess return -26.73%; 3-month excess return -13.13%; 6-month excess return -19.31%."
2023-03-17,KSS,-7.533362180305614,-4.458734037871363,,hit,linear_regression,target_5d_return,"Technical state is soft, with price below the 50-day and 200-day averages. RSI is weak near 25.9. MACD remains on the bearish side. Volatility is elevated at roughly 51.0%.",No recent matched news was found for this ticker/date.,Relative strength versus the benchmark looked weak. 1-month excess return -25.14%; 3-month excess return -13.17%; 6-month excess return -19.34%.,"Model view: the forward return estimate was mildly negative at about -4.46%. Confidence was not explicitly available for this prediction. Technical state is soft, with price below the 50-day and 200-day averages. RSI is weak near 25.9. MACD remains on the bearish side. Volatility is elevated at roughly 51.0%. No recent matched news was found for this ticker/date. Relative strength versus the benchmark looked weak. 1-month excess return -25.14%; 3-month excess return -13.17%; 6-month excess return -19.34%."
2023-03-20,KSS,-4.868415526956104,-3.617173751296218,,hit,linear_regression,target_5d_return,"Technical state is soft, with price below the 50-day and 200-day averages. RSI is weak near 24.6. MACD remains on the bearish side. Volatility is elevated at roughly 50.7%.",No recent matched news was found for this ticker/date.,Relative strength versus the benchmark looked weak. 1-month excess return -26.52%; 3-month excess return -15.75%; 6-month excess return -22.71%.,"Model view: the forward return estimate was mildly negative at about -3.62%. Confidence was not explicitly available for this prediction. Technical state is soft, with price below the 50-day and 200-day averages. RSI is weak near 24.6. MACD remains on the bearish side. Volatility is elevated at roughly 50.7%. No recent matched news was found for this ticker/date. Relative strength versus the benchmark looked weak. 1-month excess return -26.52%; 3-month excess return -15.75%; 6-month excess return -22.71%."
2023-03-21,KSS,-5.716759142923933,-4.442866667986845,,hit,linear_regression,target_5d_return,"Technical state is soft, with price below the 50-day and 200-day averages. RSI is weak near 27.3. MACD remains on the bearish side. Volatility is elevated at roughly 41.3%.",No recent matched news was found for this ticker/date.,Relative strength versus the benchmark looked weak. 1-month excess return -27.11%; 3-month excess return -15.05%; 6-month excess return -23.87%.,"Model view: the forward return estimate was mildly negative at about -4.44%. Confidence was not explicitly available for this prediction. Technical state is soft, with price below the 50-day and 200-day averages. RSI is weak near 27.3. MACD remains on the bearish side. Volatility is elevated at roughly 41.3%. No recent matched news was found for this ticker/date. Relative strength versus the benchmark looked weak. 1-month excess return -27.11%; 3-month excess return -15.05%; 6-month excess return -23.87%."
2023-03-22,KSS,-0.5861184234740469,-2.93453192346642,,hit,linear_regression,target_5d_return,"Technical state is soft, with price below the 50-day and 200-day averages. RSI is weak near 24.4. MACD remains on the bearish side. Volatility is elevated at roughly 41.1%.",No recent matched news was found for this ticker/date.,Relative strength versus the benchmark looked weak. 1-month excess return -22.70%; 3-month excess return -16.32%; 6-month excess return -23.69%.,"Model view: the forward return estimate was mildly negative at about -2.93%. Confidence was not explicitly available for this prediction. Technical state is soft, with price below the 50-day and 200-day averages. RSI is weak near 24.4. MACD remains on the bearish side. Volatility is elevated at roughly 41.1%. No recent matched news was found for this ticker/date. Relative strength versus the benchmark looked weak. 1-month excess return -22.70%; 3-month excess return -16.32%; 6-month excess return -23.69%."
2023-03-23,KSS,5.632499177973238,-0.5405867309173796,,miss,linear_regression,target_5d_return,"Technical state is soft, with price below the 50-day and 200-day averages. RSI is weak near 22.9. MACD remains on the bearish side. Volatility is elevated at roughly 41.1%.",No recent matched news was found for this ticker/date.,Relative strength versus the benchmark looked weak. 1-month excess return -26.01%; 3-month excess return -16.72%; 6-month excess return -26.48%.,"Model view: the forward return estimate was mildly negative at about -0.54%. Confidence was not explicitly available for this prediction. Technical state is soft, with price below the 50-day and 200-day averages. RSI is weak near 22.9. MACD remains on the bearish side. Volatility is elevated at roughly 41.1%. No recent matched news was found for this ticker/date. Relative strength versus the benchmark looked weak. 1-month excess return -26.01%; 3-month excess return -16.72%; 6-month excess return -26.48%."
2023-03-24,KSS,9.590323171285053,0.023364445107336373,,hit,linear_regression,target_5d_return,"Technical state is soft, with price below the 50-day and 200-day averages. RSI is weak near 22.4. MACD remains on the bearish side. Volatility is elevated at roughly 41.1%.",No recent matched news was found for this ticker/date.,Relative strength versus the benchmark looked weak. 1-month excess return -25.93%; 3-month excess return -17.30%; 6-month excess return -25.50%.,"Model view: the forward return estimate was mildly positive at about 0.02%. Confidence was not explicitly available for this prediction. Technical state is soft, with price below the 50-day and 200-day averages. RSI is weak near 22.4. MACD remains on the bearish side. Volatility is elevated at roughly 41.1%. No recent matched news was found for this ticker/date. Relative strength versus the benchmark looked weak. 1-month excess return -25.93%; 3-month excess return -17.30%; 6-month excess return -25.50%."
2023-03-27,KSS,10.189022729633024,-0.5013328549964168,,miss,linear_regression,target_5d_return,"Technical state is soft, with price below the 50-day and 200-day averages. RSI is weak near 24.5. MACD remains on the bearish side. Volatility is elevated at roughly 41.7%.",No recent matched news was found for this ticker/date.,Relative strength versus the benchmark looked weak. 1-month excess return -25.75%; 3-month excess return -13.92%; 6-month excess return -24.75%.,"Model view: the forward return estimate was mildly negative at about -0.50%. Confidence was not explicitly available for this prediction. Technical state is soft, with price below the 50-day and 200-day averages. RSI is weak near 24.5. MACD remains on the bearish side. Volatility is elevated at roughly 41.7%. No recent matched news was found for this ticker/date. Relative strength versus the benchmark looked weak. 1-month excess return -25.75%; 3-month excess return -13.92%; 6-month excess return -24.75%."
2023-03-28,KSS,10.289387799802864,0.849607366237979,,hit,linear_regression,target_5d_return,"Technical state is soft, with price below the 50-day and 200-day averages. RSI is weak near 25.3. MACD remains on the bearish side. Volatility is elevated at roughly 42.1%.",No recent matched news was found for this ticker/date.,Relative strength versus the benchmark looked weak. 1-month excess return -22.83%; 3-month excess return -16.16%; 6-month excess return -22.84%.,"Model view: the forward return estimate was mildly positive at about 0.85%. Confidence was not explicitly available for this prediction. Technical state is soft, with price below the 50-day and 200-day averages. RSI is weak near 25.3. MACD remains on the bearish side. Volatility is elevated at roughly 42.1%. No recent matched news was found for this ticker/date. Relative strength versus the benchmark looked weak. 1-month excess return -22.83%; 3-month excess return -16.16%; 6-month excess return -22.84%."
2023-03-29,KSS,2.4943363421290554,-0.09169341940282683,,miss,linear_regression,target_5d_return,"Technical state is soft, with price below the 50-day and 200-day averages. RSI is weak near 28.3. MACD remains on the bullish side. Volatility is elevated at roughly 43.0%.",No recent matched news was found for this ticker/date.,Relative strength versus the benchmark looked weak. 1-month excess return -22.62%; 3-month excess return -17.35%; 6-month excess return -24.13%.,"Model view: the forward return estimate was mildly negative at about -0.09%. Confidence was not explicitly available for this prediction. Technical state is soft, with price below the 50-day and 200-day averages. RSI is weak near 28.3. MACD remains on the bullish side. Volatility is elevated at roughly 43.0%. No recent matched news was found for this ticker/date. Relative strength versus the benchmark looked weak. 1-month excess return -22.62%; 3-month excess return -17.35%; 6-month excess return -24.13%."
2023-03-30,KSS,-0.9615354957343447,-4.934167667777341,,hit,linear_regression,target_5d_return,"Technical state is soft, with price below the 50-day and 200-day averages. RSI is weak near 36.5. MACD remains on the bullish side. Volatility is elevated at roughly 45.6%.",No recent matched news was found for this ticker/date.,Relative strength versus the benchmark looked weak. 1-month excess return -19.07%; 3-month excess return -12.44%; 6-month excess return -22.56%.,"Model view: the forward return estimate was mildly negative at about -4.93%. Confidence was not explicitly available for this prediction. Technical state is soft, with price below the 50-day and 200-day averages. RSI is weak near 36.5. MACD remains on the bullish side. Volatility is elevated at roughly 45.6%. No recent matched news was found for this ticker/date. Relative strength versus the benchmark looked weak. 1-month excess return -19.07%; 3-month excess return -12.44%; 6-month excess return -22.56%."
2023-03-31,KSS,1.2744232174717762,-8.384549922714381,,miss,linear_regression,target_5d_return,"Technical state is soft, with price below the 50-day and 200-day averages. MACD remains on the bullish side. Volatility is elevated at roughly 47.4%.",No recent matched news was found for this ticker/date.,Relative strength versus the benchmark looked weak. 1-month excess return -18.37%; 3-month excess return -12.88%; 6-month excess return -19.91%.,"Model view: the forward return estimate was mildly negative at about -8.38%. Confidence was not explicitly available for this prediction. Technical state is soft, with price below the 50-day and 200-day averages. MACD remains on the bullish side. Volatility is elevated at roughly 47.4%. No recent matched news was found for this ticker/date. Relative strength versus the benchmark looked weak. 1-month excess return -18.37%; 3-month excess return -12.88%; 6-month excess return -19.91%."
2023-04-03,KSS,1.2970689158590343,-8.959214359705653,,miss,linear_regression,target_5d_return,"Technical state is soft, with price below the 50-day and 200-day averages. MACD remains on the bullish side. Volatility is elevated at roughly 47.8%.",No recent matched news was found for this ticker/date.,Relative strength versus the benchmark looked weak. 1-month excess return -16.15%; 3-month excess return -12.81%; 6-month excess return -19.97%.,"Model view: the forward return estimate was mildly negative at about -8.96%. Confidence was not explicitly available for this prediction. Technical state is soft, with price below the 50-day and 200-day averages. MACD remains on the bullish side. Volatility is elevated at roughly 47.8%. No recent matched news was found for this ticker/date. Relative strength versus the benchmark looked weak. 1-month excess return -16.15%; 3-month excess return -12.81%; 6-month excess return -19.97%."
2023-04-04,KSS,-3.790086791908742,-8.516109207043495,,hit,linear_regression,target_5d_return,"Technical state is soft, with price below the 50-day and 200-day averages. MACD remains on the bullish side. Volatility is elevated at roughly 47.9%.",No recent matched news was found for this ticker/date.,Relative strength versus the benchmark looked weak. 1-month excess return -13.11%; 3-month excess return -9.47%; 6-month excess return -19.21%.,"Model view: the forward return estimate was mildly negative at about -8.52%. Confidence was not explicitly available for this prediction. Technical state is soft, with price below the 50-day and 200-day averages. MACD remains on the bullish side. Volatility is elevated at roughly 47.9%. No recent matched news was found for this ticker/date. Relative strength versus the benchmark looked weak. 1-month excess return -13.11%; 3-month excess return -9.47%; 6-month excess return -19.21%."
2023-04-05,KSS,1.3716790296895764,-5.056122998732075,,miss,linear_regression,target_5d_return,"Technical state is soft, with price below the 50-day and 200-day averages. RSI is weak near 37.5. MACD remains on the bullish side. Volatility is elevated at roughly 51.5%.",No recent matched news was found for this ticker/date.,Relative strength versus the benchmark looked weak. 1-month excess return -19.46%; 3-month excess return -19.55%; 6-month excess return -25.83%.,"Model view: the forward return estimate was mildly negative at about -5.06%. Confidence was not explicitly available for this prediction. Technical state is soft, with price below the 50-day and 200-day averages. RSI is weak near 37.5. MACD remains on the bullish side. Volatility is elevated at roughly 51.5%. No recent matched news was found for this ticker/date. Relative strength versus the benchmark looked weak. 1-month excess return -19.46%; 3-month excess return -19.55%; 6-month excess return -25.83%."
2023-04-06,KSS,3.1774021103390337,-5.177552292947961,,miss,linear_regression,target_5d_return,"Technical state is soft, with price below the 50-day and 200-day averages. RSI is weak near 38.0. MACD remains on the bullish side. Volatility is elevated at roughly 51.0%.",No recent matched news was found for this ticker/date.,Relative strength versus the benchmark looked weak. 1-month excess return -18.79%; 3-month excess return -21.57%; 6-month excess return -26.39%.,"Model view: the forward return estimate was mildly negative at about -5.18%. Confidence was not explicitly available for this prediction. Technical state is soft, with price below the 50-day and 200-day averages. RSI is weak near 38.0. MACD remains on the bullish side. Volatility is elevated at roughly 51.0%. No recent matched news was found for this ticker/date. Relative strength versus the benchmark looked weak. 1-month excess return -18.79%; 3-month excess return -21.57%; 6-month excess return -26.39%."
2023-04-10,KSS,-2.097315422817747,-9.879843604192457,,hit,linear_regression,target_5d_return,"Technical state is soft, with price below the 50-day and 200-day averages. MACD remains on the bullish side. Volatility is elevated at roughly 51.9%.",No recent matched news was found for this ticker/date.,Relative strength versus the benchmark looked weak. 1-month excess return -13.74%; 3-month excess return -18.03%; 6-month excess return -22.57%.,"Model view: the forward return estimate was mildly negative at about -9.88%. Confidence was not explicitly available for this prediction. Technical state is soft, with price below the 50-day and 200-day averages. MACD remains on the bullish side. Volatility is elevated at roughly 51.9%. No recent matched news was found for this ticker/date. Relative strength versus the benchmark looked weak. 1-month excess return -13.74%; 3-month excess return -18.03%; 6-month excess return -22.57%."
2023-04-11,KSS,-3.758776876599501,-12.470432694030093,,hit,linear_regression,target_5d_return,"Technical state is soft, with price below the 50-day and 200-day averages. MACD remains on the bullish side. Volatility is elevated at roughly 42.8%.",No recent matched news was found for this ticker/date.,Relative strength versus the benchmark looked weak. 1-month excess return -8.62%; 3-month excess return -13.65%; 6-month excess return -23.36%.,"Model view: the forward return estimate was mildly negative at about -12.47%. Confidence was not explicitly available for this prediction. Technical state is soft, with price below the 50-day and 200-day averages. MACD remains on the bullish side. Volatility is elevated at roughly 42.8%. No recent matched news was found for this ticker/date. Relative strength versus the benchmark looked weak. 1-month excess return -8.62%; 3-month excess return -13.65%; 6-month excess return -23.36%."
2023-04-12,KSS,1.5151531415146247,-10.13276538209159,,miss,linear_regression,target_5d_return,"Technical state is soft, with price below the 50-day and 200-day averages. MACD remains on the bullish side. Volatility is elevated at roughly 45.3%.",No recent matched news was found for this ticker/date.,Relative strength versus the benchmark looked weak. 1-month excess return -4.66%; 3-month excess return -18.72%; 6-month excess return -27.61%.,"Model view: the forward return estimate was mildly negative at about -10.13%. Confidence was not explicitly available for this prediction. Technical state is soft, with price below the 50-day and 200-day averages. MACD remains on the bullish side. Volatility is elevated at roughly 45.3%. No recent matched news was found for this ticker/date. Relative strength versus the benchmark looked weak. 1-month excess return -4.66%; 3-month excess return -18.72%; 6-month excess return -27.61%."
2023-04-13,KSS,1.003926424130075,-8.777136852637296,,miss,linear_regression,target_5d_return,"Technical state is soft, with price below the 50-day and 200-day averages. MACD remains on the bullish side. Volatility is elevated at roughly 43.1%.",No recent matched news was found for this ticker/date.,Relative strength versus the benchmark looked weak. 1-month excess return -2.72%; 3-month excess return -23.05%; 6-month excess return -30.76%.,"Model view: the forward return estimate was mildly negative at about -8.78%. Confidence was not explicitly available for this prediction. Technical state is soft, with price below the 50-day and 200-day averages. MACD remains on the bullish side. Volatility is elevated at roughly 43.1%. No recent matched news was found for this ticker/date. Relative strength versus the benchmark looked weak. 1-month excess return -2.72%; 3-month excess return -23.05%; 6-month excess return -30.76%."
2023-04-14,KSS,-0.9409722893560568,-11.607356539581202,,hit,linear_regression,target_5d_return,"Technical state is soft, with price below the 50-day and 200-day averages. MACD remains on the bullish side. Volatility is elevated at roughly 43.8%.",No recent matched news was found for this ticker/date.,Relative strength versus the benchmark looked weak. 1-month excess return -5.12%; 3-month excess return -21.56%; 6-month excess return -27.15%.,"Model view: the forward return estimate was mildly negative at about -11.61%. Confidence was not explicitly available for this prediction. Technical state is soft, with price below the 50-day and 200-day averages. MACD remains on the bullish side. Volatility is elevated at roughly 43.8%. No recent matched news was found for this ticker/date. Relative strength versus the benchmark looked weak. 1-month excess return -5.12%; 3-month excess return -21.56%; 6-month excess return -27.15%."
2023-04-17,KSS,-1.5424190574036767,-10.744515235589303,,hit,linear_regression,target_5d_return,"Technical state is soft, with price below the 50-day and 200-day averages. MACD remains on the bullish side. Volatility is elevated at roughly 43.8%.",No recent matched news was found for this ticker/date.,Relative strength versus the benchmark looked weak. 1-month excess return -4.04%; 3-month excess return -22.88%; 6-month excess return -26.79%.,"Model view: the forward return estimate was mildly negative at about -10.74%. Confidence was not explicitly available for this prediction. Technical state is soft, with price below the 50-day and 200-day averages. MACD remains on the bullish side. Volatility is elevated at roughly 43.8%. No recent matched news was found for this ticker/date. Relative strength versus the benchmark looked weak. 1-month excess return -4.04%; 3-month excess return -22.88%; 6-month excess return -26.79%."
2023-04-18,KSS,-7.982827312905871,-12.101472942929446,,hit,linear_regression,target_5d_return,"Technical state is soft, with price below the 50-day and 200-day averages. MACD remains on the bullish side. Volatility is elevated at roughly 43.2%.",No recent matched news was found for this ticker/date.,Relative strength versus the benchmark looked weak. 1-month excess return -5.44%; 3-month excess return -26.53%; 6-month excess return -29.43%.,"Model view: the forward return estimate was mildly negative at about -12.10%. Confidence was not explicitly available for this prediction. Technical state is soft, with price below the 50-day and 200-day averages. MACD remains on the bullish side. Volatility is elevated at roughly 43.2%. No recent matched news was found for this ticker/date. Relative strength versus the benchmark looked weak. 1-month excess return -5.44%; 3-month excess return -26.53%; 6-month excess return -29.43%."
2023-04-19,KSS,-8.187633321224997,-14.550178127412847,,hit,linear_regression,target_5d_return,"Technical state is soft, with price below the 50-day and 200-day averages. MACD remains on the bullish side. Volatility is elevated at roughly 43.0%.",No recent matched news was found for this ticker/date.,Relative strength versus the benchmark looked weak. 1-month excess return -1.94%; 3-month excess return -28.00%; 6-month excess return -29.31%.,"Model view: the forward return estimate was mildly negative at about -14.55%. Confidence was not explicitly available for this prediction. Technical state is soft, with price below the 50-day and 200-day averages. MACD remains on the bullish side. Volatility is elevated at roughly 43.0%. No recent matched news was found for this ticker/date. Relative strength versus the benchmark looked weak. 1-month excess return -1.94%; 3-month excess return -28.00%; 6-month excess return -29.31%."
2023-04-20,KSS,-4.062224077367471,-11.21935865554458,,hit,linear_regression,target_5d_return,"Technical state is soft, with price below the 50-day and 200-day averages. MACD remains on the bullish side. Volatility is elevated at roughly 40.7%.",No recent matched news was found for this ticker/date.,Relative strength versus the benchmark looked weak. 1-month excess return -2.63%; 3-month excess return -29.40%; 6-month excess return -30.95%.,"Model view: the forward return estimate was mildly negative at about -11.22%. Confidence was not explicitly available for this prediction. Technical state is soft, with price below the 50-day and 200-day averages. MACD remains on the bullish side. Volatility is elevated at roughly 40.7%. No recent matched news was found for this ticker/date. Relative strength versus the benchmark looked weak. 1-month excess return -2.63%; 3-month excess return -29.40%; 6-month excess return -30.95%."
2023-04-21,KSS,-4.879098308339868,-13.379585867236711,,hit,linear_regression,target_5d_return,"Technical state is soft, with price below the 50-day and 200-day averages. MACD remains on the bullish side. Volatility is elevated at roughly 39.6%.",No recent matched news was found for this ticker/date.,Relative strength versus the benchmark looked weak. 1-month excess return -0.23%; 3-month excess return -28.80%; 6-month excess return -30.52%.,"Model view: the forward return estimate was mildly negative at about -13.38%. Confidence was not explicitly available for this prediction. Technical state is soft, with price below the 50-day and 200-day averages. MACD remains on the bullish side. Volatility is elevated at roughly 39.6%. No recent matched news was found for this ticker/date. Relative strength versus the benchmark looked weak. 1-month excess return -0.23%; 3-month excess return -28.80%; 6-month excess return -30.52%."
2023-04-24,KSS,-6.527415273629833,-10.714471667531022,,hit,linear_regression,target_5d_return,"Technical state is soft, with price below the 50-day and 200-day averages. MACD remains on the bullish side. Volatility is elevated at roughly 39.5%.",No recent matched news was found for this ticker/date.,Relative strength versus the benchmark looked weak. 1-month excess return 1.56%; 3-month excess return -32.63%; 6-month excess return -31.68%.,"Model view: the forward return estimate was mildly negative at about -10.71%. Confidence was not explicitly available for this prediction. Technical state is soft, with price below the 50-day and 200-day averages. MACD remains on the bullish side. Volatility is elevated at roughly 39.5%. No recent matched news was found for this ticker/date. Relative strength versus the benchmark looked weak. 1-month excess return 1.56%; 3-month excess return -32.63%; 6-month excess return -31.68%."
2023-04-25,KSS,-2.9384377445069165,-7.692510150745033,,hit,linear_regression,target_5d_return,"Technical state is soft, with price below the 50-day and 200-day averages. RSI is weak near 33.1. MACD remains on the bullish side. Volatility is elevated at roughly 46.7%.",No recent matched news was found for this ticker/date.,Relative strength versus the benchmark looked weak. 1-month excess return -2.81%; 3-month excess return -33.86%; 6-month excess return -34.43%.,"Model view: the forward return estimate was mildly negative at about -7.69%. Confidence was not explicitly available for this prediction. Technical state is soft, with price below the 50-day and 200-day averages. RSI is weak near 33.1. MACD remains on the bullish side. Volatility is elevated at roughly 46.7%. No recent matched news was found for this ticker/date. Relative strength versus the benchmark looked weak. 1-month excess return -2.81%; 3-month excess return -33.86%; 6-month excess return -34.43%."
2023-04-26,KSS,-6.2238741748812725,-8.484769217475854,,hit,linear_regression,target_5d_return,"Technical state is soft, with price below the 50-day and 200-day averages. RSI is weak near 34.1. MACD remains on the bearish side. Volatility is elevated at roughly 46.7%.",No recent matched news was found for this ticker/date.,Relative strength versus the benchmark looked weak. 1-month excess return -2.74%; 3-month excess return -33.20%; 6-month excess return -32.29%.,"Model view: the forward return estimate was mildly negative at about -8.48%. Confidence was not explicitly available for this prediction. Technical state is soft, with price below the 50-day and 200-day averages. RSI is weak near 34.1. MACD remains on the bearish side. Volatility is elevated at roughly 46.7%. No recent matched news was found for this ticker/date. Relative strength versus the benchmark looked weak. 1-month excess return -2.74%; 3-month excess return -33.20%; 6-month excess return -32.29%."
2023-04-27,KSS,-11.801805176544011,-14.7401687489765,,hit,linear_regression,target_5d_return,"Technical state is soft, with price below the 50-day and 200-day averages. MACD remains on the bearish side. Volatility is elevated at roughly 47.8%.",No recent matched news was found for this ticker/date.,Relative strength versus the benchmark looked weak. 1-month excess return -2.23%; 3-month excess return -32.49%; 6-month excess return -33.65%.,"Model view: the forward return estimate was mildly negative at about -14.74%. Confidence was not explicitly available for this prediction. Technical state is soft, with price below the 50-day and 200-day averages. MACD remains on the bearish side. Volatility is elevated at roughly 47.8%. No recent matched news was found for this ticker/date. Relative strength versus the benchmark looked weak. 1-month excess return -2.23%; 3-month excess return -32.49%; 6-month excess return -33.65%."
2023-04-28,KSS,-5.583301912153738,-13.126571860559194,,hit,linear_regression,target_5d_return,"Technical state is soft, with price below the 50-day and 200-day averages. RSI is weak near 39.6. MACD remains on the bearish side. Volatility is elevated at roughly 45.9%.",No recent matched news was found for this ticker/date.,Relative strength versus the benchmark looked weak. 1-month excess return -3.71%; 3-month excess return -32.50%; 6-month excess return -35.84%.,"Model view: the forward return estimate was mildly negative at about -13.13%. Confidence was not explicitly available for this prediction. Technical state is soft, with price below the 50-day and 200-day averages. RSI is weak near 39.6. MACD remains on the bearish side. Volatility is elevated at roughly 45.9%. No recent matched news was found for this ticker/date. Relative strength versus the benchmark looked weak. 1-month excess return -3.71%; 3-month excess return -32.50%; 6-month excess return -35.84%."
2023-05-01,KSS,-4.748605584269383,-11.095190903652862,,hit,linear_regression,target_5d_return,"Technical state is soft, with price below the 50-day and 200-day averages. RSI is weak near 36.2. MACD remains on the bearish side. Volatility is elevated at roughly 45.1%.",No recent matched news was found for this ticker/date.,Relative strength versus the benchmark looked weak. 1-month excess return -9.06%; 3-month excess return -35.32%; 6-month excess return -38.03%.,"Model view: the forward return estimate was mildly negative at about -11.10%. Confidence was not explicitly available for this prediction. Technical state is soft, with price below the 50-day and 200-day averages. RSI is weak near 36.2. MACD remains on the bearish side. Volatility is elevated at roughly 45.1%. No recent matched news was found for this ticker/date. Relative strength versus the benchmark looked weak. 1-month excess return -9.06%; 3-month excess return -35.32%; 6-month excess return -38.03%."
2023-05-02,KSS,-3.7481922119864564,-9.040967109413101,,hit,linear_regression,target_5d_return,"Technical state is soft, with price below the 50-day and 200-day averages. RSI is weak near 32.6. MACD remains on the bearish side. Volatility is elevated at roughly 45.5%.",No recent matched news was found for this ticker/date.,Relative strength versus the benchmark looked weak. 1-month excess return -11.98%; 3-month excess return -36.80%; 6-month excess return -37.38%.,"Model view: the forward return estimate was mildly negative at about -9.04%. Confidence was not explicitly available for this prediction. Technical state is soft, with price below the 50-day and 200-day averages. RSI is weak near 32.6. MACD remains on the bearish side. Volatility is elevated at roughly 45.5%. No recent matched news was found for this ticker/date. Relative strength versus the benchmark looked weak. 1-month excess return -11.98%; 3-month excess return -36.80%; 6-month excess return -37.38%."
2023-05-03,KSS,-1.0896543580175444,-5.760895836167105,,hit,linear_regression,target_5d_return,"Technical state is soft, with price below the 50-day and 200-day averages. RSI is weak near 29.6. MACD remains on the bearish side. Volatility is elevated at roughly 46.0%.",No recent matched news was found for this ticker/date.,Relative strength versus the benchmark looked weak. 1-month excess return -14.81%; 3-month excess return -38.48%; 6-month excess return -38.20%.,"Model view: the forward return estimate was mildly negative at about -5.76%. Confidence was not explicitly available for this prediction. Technical state is soft, with price below the 50-day and 200-day averages. RSI is weak near 29.6. MACD remains on the bearish side. Volatility is elevated at roughly 46.0%. No recent matched news was found for this ticker/date. Relative strength versus the benchmark looked weak. 1-month excess return -14.81%; 3-month excess return -38.48%; 6-month excess return -38.20%."
2023-05-04,KSS,3.064353339160575,-2.7861258293726903,,miss,linear_regression,target_5d_return,"Technical state is soft, with price below the 50-day and 200-day averages. RSI is weak near 27.0. MACD remains on the bearish side. Volatility is elevated at roughly 42.8%.",No recent matched news was found for this ticker/date.,Relative strength versus the benchmark looked weak. 1-month excess return -17.57%; 3-month excess return -39.71%; 6-month excess return -37.33%.,"Model view: the forward return estimate was mildly negative at about -2.79%. Confidence was not explicitly available for this prediction. Technical state is soft, with price below the 50-day and 200-day averages. RSI is weak near 27.0. MACD remains on the bearish side. Volatility is elevated at roughly 42.8%. No recent matched news was found for this ticker/date. Relative strength versus the benchmark looked weak. 1-month excess return -17.57%; 3-month excess return -39.71%; 6-month excess return -37.33%."
2023-05-05,KSS,-4.47114630740042,-9.711689003607558,,hit,linear_regression,target_5d_return,"Technical state is soft, with price below the 50-day and 200-day averages. RSI is weak near 38.7. MACD remains on the bearish side. Volatility is elevated at roughly 49.3%.",No recent matched news was found for this ticker/date.,Relative strength versus the benchmark looked weak. 1-month excess return -9.15%; 3-month excess return -40.19%; 6-month excess return -33.14%.,"Model view: the forward return estimate was mildly negative at about -9.71%. Confidence was not explicitly available for this prediction. Technical state is soft, with price below the 50-day and 200-day averages. RSI is weak near 38.7. MACD remains on the bearish side. Volatility is elevated at roughly 49.3%. No recent matched news was found for this ticker/date. Relative strength versus the benchmark looked weak. 1-month excess return -9.15%; 3-month excess return -40.19%; 6-month excess return -33.14%."
2023-05-08,KSS,-0.24437555864063043,-9.035670111319702,,hit,linear_regression,target_5d_return,"Technical state is soft, with price below the 50-day and 200-day averages. RSI is weak near 36.9. MACD remains on the bearish side. Volatility is elevated at roughly 44.8%.",No recent matched news was found for this ticker/date.,Relative strength versus the benchmark looked weak. 1-month excess return -10.57%; 3-month excess return -41.17%; 6-month excess return -35.33%.,"Model view: the forward return estimate was mildly negative at about -9.04%. Confidence was not explicitly available for this prediction. Technical state is soft, with price below the 50-day and 200-day averages. RSI is weak near 36.9. MACD remains on the bearish side. Volatility is elevated at roughly 44.8%. No recent matched news was found for this ticker/date. Relative strength versus the benchmark looked weak. 1-month excess return -10.57%; 3-month excess return -41.17%; 6-month excess return -35.33%."
2023-05-09,KSS,-3.0454347950085947,-9.768426365290521,,hit,linear_regression,target_5d_return,"Technical state is soft, with price below the 50-day and 200-day averages. RSI is weak near 34.7. MACD remains on the bearish side. Volatility is elevated at roughly 44.2%.",No recent matched news was found for this ticker/date.,Relative strength versus the benchmark looked weak. 1-month excess return -16.30%; 3-month excess return -40.98%; 6-month excess return -35.26%.,"Model view: the forward return estimate was mildly negative at about -9.77%. Confidence was not explicitly available for this prediction. Technical state is soft, with price below the 50-day and 200-day averages. RSI is weak near 34.7. MACD remains on the bearish side. Volatility is elevated at roughly 44.2%. No recent matched news was found for this ticker/date. Relative strength versus the benchmark looked weak. 1-month excess return -16.30%; 3-month excess return -40.98%; 6-month excess return -35.26%."
2023-05-10,KSS,2.0530789259363136,-14.437016193650221,,miss,linear_regression,target_5d_return,"Technical state is soft, with price below the 50-day and 200-day averages. RSI is weak near 34.4. MACD remains on the bearish side. Volatility is elevated at roughly 42.1%.",No recent matched news was found for this ticker/date.,Relative strength versus the benchmark looked weak. 1-month excess return -18.25%; 3-month excess return -40.23%; 6-month excess return -34.23%.,"Model view: the forward return estimate was mildly negative at about -14.44%. Confidence was not explicitly available for this prediction. Technical state is soft, with price below the 50-day and 200-day averages. RSI is weak near 34.4. MACD remains on the bearish side. Volatility is elevated at roughly 42.1%. No recent matched news was found for this ticker/date. Relative strength versus the benchmark looked weak. 1-month excess return -18.25%; 3-month excess return -40.23%; 6-month excess return -34.23%."
2023-05-11,KSS,2.4777006562867188,-20.60666423770756,,miss,linear_regression,target_5d_return,"Technical state is soft, with price below the 50-day and 200-day averages. RSI is weak near 36.5. MACD remains on the bearish side. Volatility is elevated at roughly 42.5%.",No recent matched news was found for this ticker/date.,Relative strength versus the benchmark looked weak. 1-month excess return -13.64%; 3-month excess return -39.28%; 6-month excess return -37.85%.,"Model view: the forward return estimate was mildly negative at about -20.61%. Confidence was not explicitly available for this prediction. Technical state is soft, with price below the 50-day and 200-day averages. RSI is weak near 36.5. MACD remains on the bearish side. Volatility is elevated at roughly 42.5%. No recent matched news was found for this ticker/date. Relative strength versus the benchmark looked weak. 1-month excess return -13.64%; 3-month excess return -39.28%; 6-month excess return -37.85%."
2023-05-12,KSS,-4.378464028625395,-16.08699023056222,,hit,linear_regression,target_5d_return,"Technical state is soft, with price below the 50-day and 200-day averages. RSI is weak near 34.7. MACD remains on the bearish side. Volatility is elevated at roughly 41.4%.",No recent matched news was found for this ticker/date.,Relative strength versus the benchmark looked weak. 1-month excess return -12.84%; 3-month excess return -38.70%; 6-month excess return -36.46%.,"Model view: the forward return estimate was mildly negative at about -16.09%. Confidence was not explicitly available for this prediction. Technical state is soft, with price below the 50-day and 200-day averages. RSI is weak near 34.7. MACD remains on the bearish side. Volatility is elevated at roughly 41.4%. No recent matched news was found for this ticker/date. Relative strength versus the benchmark looked weak. 1-month excess return -12.84%; 3-month excess return -38.70%; 6-month excess return -36.46%."
2023-05-15,KSS,-4.409601299651111,-20.848839417244857,,hit,linear_regression,target_5d_return,"Technical state is soft, with price below the 50-day and 200-day averages. MACD remains on the bearish side. Volatility is elevated at roughly 43.2%.",No recent matched news was found for this ticker/date.,Relative strength versus the benchmark looked weak. 1-month excess return -12.83%; 3-month excess return -38.11%; 6-month excess return -35.13%.,"Model view: the forward return estimate was mildly negative at about -20.85%. Confidence was not explicitly available for this prediction. Technical state is soft, with price below the 50-day and 200-day averages. MACD remains on the bearish side. Volatility is elevated at roughly 43.2%. No recent matched news was found for this ticker/date. Relative strength versus the benchmark looked weak. 1-month excess return -12.83%; 3-month excess return -38.11%; 6-month excess return -35.13%."
2023-05-16,KSS,-0.7723976207053562,-17.72727467638067,,hit,linear_regression,target_5d_return,"Technical state is soft, with price below the 50-day and 200-day averages. RSI is weak near 34.5. MACD remains on the bearish side. Volatility is elevated at roughly 45.7%.",No recent matched news was found for this ticker/date.,Relative strength versus the benchmark looked weak. 1-month excess return -15.92%; 3-month excess return -41.54%; 6-month excess return -40.76%.,"Model view: the forward return estimate was mildly negative at about -17.73%. Confidence was not explicitly available for this prediction. Technical state is soft, with price below the 50-day and 200-day averages. RSI is weak near 34.5. MACD remains on the bearish side. Volatility is elevated at roughly 45.7%. No recent matched news was found for this ticker/date. Relative strength versus the benchmark looked weak. 1-month excess return -15.92%; 3-month excess return -41.54%; 6-month excess return -40.76%."
2023-05-17,KSS,1.6683030745282101,-22.833381263715477,,miss,linear_regression,target_5d_return,"Technical state is soft, with price below the 50-day and 200-day averages. MACD remains on the bullish side. Volatility is elevated at roughly 49.9%.",No recent matched news was found for this ticker/date.,Relative strength versus the benchmark looked weak. 1-month excess return -12.77%; 3-month excess return -39.33%; 6-month excess return -40.22%.,"Model view: the forward return estimate was mildly negative at about -22.83%. Confidence was not explicitly available for this prediction. Technical state is soft, with price below the 50-day and 200-day averages. MACD remains on the bullish side. Volatility is elevated at roughly 49.9%. No recent matched news was found for this ticker/date. Relative strength versus the benchmark looked weak. 1-month excess return -12.77%; 3-month excess return -39.33%; 6-month excess return -40.22%."
2023-05-18,KSS,-4.88394687609871,-26.80755275198346,,hit,linear_regression,target_5d_return,"Technical state is soft, with price below the 50-day and 200-day averages. MACD remains on the bullish side. Volatility is elevated at roughly 50.4%.",No recent matched news was found for this ticker/date.,Relative strength versus the benchmark looked weak. 1-month excess return -13.04%; 3-month excess return -38.93%; 6-month excess return -40.69%.,"Model view: the forward return estimate was mildly negative at about -26.81%. Confidence was not explicitly available for this prediction. Technical state is soft, with price below the 50-day and 200-day averages. MACD remains on the bullish side. Volatility is elevated at roughly 50.4%. No recent matched news was found for this ticker/date. Relative strength versus the benchmark looked weak. 1-month excess return -13.04%; 3-month excess return -38.93%; 6-month excess return -40.69%."
2023-05-19,KSS,5.4210562455026645,-19.307075422934826,,miss,linear_regression,target_5d_return,"Technical state is soft, with price below the 50-day and 200-day averages. RSI is weak near 36.2. MACD remains on the bullish side. Volatility is elevated at roughly 57.1%.",No recent matched news was found for this ticker/date.,Relative strength versus the benchmark looked weak. 1-month excess return -19.53%; 3-month excess return -44.18%; 6-month excess return -42.06%.,"Model view: the forward return estimate was mildly negative at about -19.31%. Confidence was not explicitly available for this prediction. Technical state is soft, with price below the 50-day and 200-day averages. RSI is weak near 36.2. MACD remains on the bullish side. Volatility is elevated at roughly 57.1%. No recent matched news was found for this ticker/date. Relative strength versus the benchmark looked weak. 1-month excess return -19.53%; 3-month excess return -44.18%; 6-month excess return -42.06%."
2023-05-22,KSS,-2.6140452224436728,-22.430277718796855,,hit,linear_regression,target_5d_return,"Technical state is soft, with price below the 50-day and 200-day averages. MACD remains on the bullish side. Volatility is elevated at roughly 58.5%.",No recent matched news was found for this ticker/date.,Relative strength versus the benchmark looked weak. 1-month excess return -17.39%; 3-month excess return -38.11%; 6-month excess return -44.08%.,"Model view: the forward return estimate was mildly negative at about -22.43%. Confidence was not explicitly available for this prediction. Technical state is soft, with price below the 50-day and 200-day averages. MACD remains on the bullish side. Volatility is elevated at roughly 58.5%. No recent matched news was found for this ticker/date. Relative strength versus the benchmark looked weak. 1-month excess return -17.39%; 3-month excess return -38.11%; 6-month excess return -44.08%."
2023-05-23,KSS,-4.929946758546688,-21.686396549785808,,hit,linear_regression,target_5d_return,"Technical state is soft, with price below the 50-day and 200-day averages. RSI is weak near 38.9. MACD remains on the bullish side. Volatility is elevated at roughly 54.2%.",No recent matched news was found for this ticker/date.,Relative strength versus the benchmark looked weak. 1-month excess return -16.51%; 3-month excess return -38.94%; 6-month excess return -42.33%.,"Model view: the forward return estimate was mildly negative at about -21.69%. Confidence was not explicitly available for this prediction. Technical state is soft, with price below the 50-day and 200-day averages. RSI is weak near 38.9. MACD remains on the bullish side. Volatility is elevated at roughly 54.2%. No recent matched news was found for this ticker/date. Relative strength versus the benchmark looked weak. 1-month excess return -16.51%; 3-month excess return -38.94%; 6-month excess return -42.33%."
2023-05-24,KSS,-13.175673903023654,-31.415229545607257,,hit,linear_regression,target_5d_return,"Technical state is soft, with price below the 50-day and 200-day averages. MACD remains on the bullish side. Volatility is elevated at roughly 61.2%.",No recent matched news was found for this ticker/date.,Relative strength versus the benchmark looked weak. 1-month excess return -4.57%; 3-month excess return -32.33%; 6-month excess return -37.12%.,"Model view: the forward return estimate was mildly negative at about -31.42%. Confidence was not explicitly available for this prediction. Technical state is soft, with price below the 50-day and 200-day averages. MACD remains on the bullish side. Volatility is elevated at roughly 61.2%. No recent matched news was found for this ticker/date. Relative strength versus the benchmark looked weak. 1-month excess return -4.57%; 3-month excess return -32.33%; 6-month excess return -37.12%."
2023-05-25,KSS,3.1011723842682137,-28.29254186141038,,miss,linear_regression,target_5d_return,"Technical state is soft, with price below the 50-day and 200-day averages. MACD remains on the bullish side. Volatility is elevated at roughly 62.3%.",No recent matched news was found for this ticker/date.,Relative strength versus the benchmark looked weak. 1-month excess return -11.19%; 3-month excess return -37.27%; 6-month excess return -42.61%.,"Model view: the forward return estimate was mildly negative at about -28.29%. Confidence was not explicitly available for this prediction. Technical state is soft, with price below the 50-day and 200-day averages. MACD remains on the bullish side. Volatility is elevated at roughly 62.3%. No recent matched news was found for this ticker/date. Relative strength versus the benchmark looked weak. 1-month excess return -11.19%; 3-month excess return -37.27%; 6-month excess return -42.61%."
2023-05-26,KSS,1.5976020162474125,-29.307897213203614,,miss,linear_regression,target_5d_return,"Technical state is soft, with price below the 50-day and 200-day averages. MACD remains on the bullish side. Volatility is elevated at roughly 62.9%.",No recent matched news was found for this ticker/date.,Relative strength versus the benchmark looked weak. 1-month excess return -11.64%; 3-month excess return -35.07%; 6-month excess return -42.70%.,"Model view: the forward return estimate was mildly negative at about -29.31%. Confidence was not explicitly available for this prediction. Technical state is soft, with price below the 50-day and 200-day averages. MACD remains on the bullish side. Volatility is elevated at roughly 62.9%. No recent matched news was found for this ticker/date. Relative strength versus the benchmark looked weak. 1-month excess return -11.64%; 3-month excess return -35.07%; 6-month excess return -42.70%."
2023-05-30,KSS,15.421054237767272,-25.37043424276801,,miss,linear_regression,target_5d_return,"Technical state is soft, with price below the 50-day and 200-day averages. MACD remains on the bullish side. Volatility is elevated at roughly 64.7%.",No recent matched news was found for this ticker/date.,Relative strength versus the benchmark looked weak. 1-month excess return -14.79%; 3-month excess return -38.25%; 6-month excess return -44.87%.,"Model view: the forward return estimate was mildly negative at about -25.37%. Confidence was not explicitly available for this prediction. Technical state is soft, with price below the 50-day and 200-day averages. MACD remains on the bullish side. Volatility is elevated at roughly 64.7%. No recent matched news was found for this ticker/date. Relative strength versus the benchmark looked weak. 1-month excess return -14.79%; 3-month excess return -38.25%; 6-month excess return -44.87%."
2023-05-31,KSS,20.03275184186164,-22.977814446187562,,miss,linear_regression,target_5d_return,"Technical state is soft, with price below the 50-day and 200-day averages. RSI is weak near 37.7. MACD remains on the bullish side. Volatility is elevated at roughly 65.0%.",No recent matched news was found for this ticker/date.,Relative strength versus the benchmark looked weak. 1-month excess return -15.26%; 3-month excess return -39.22%; 6-month excess return -46.97%.,"Model view: the forward return estimate was mildly negative at about -22.98%. Confidence was not explicitly available for this prediction. Technical state is soft, with price below the 50-day and 200-day averages. RSI is weak near 37.7. MACD remains on the bullish side. Volatility is elevated at roughly 65.0%. No recent matched news was found for this ticker/date. Relative strength versus the benchmark looked weak. 1-month excess return -15.26%; 3-month excess return -39.22%; 6-month excess return -46.97%."
2023-06-01,KSS,22.623678413594828,-24.535553168267665,,miss,linear_regression,target_5d_return,"Technical state is soft, with price below the 50-day and 200-day averages. RSI is weak near 36.3. MACD remains on the bearish side. Volatility is elevated at roughly 64.5%.",No recent matched news was found for this ticker/date.,Relative strength versus the benchmark looked weak. 1-month excess return -16.22%; 3-month excess return -41.45%; 6-month excess return -51.15%.,"Model view: the forward return estimate was mildly negative at about -24.54%. Confidence was not explicitly available for this prediction. Technical state is soft, with price below the 50-day and 200-day averages. RSI is weak near 36.3. MACD remains on the bearish side. Volatility is elevated at roughly 64.5%. No recent matched news was found for this ticker/date. Relative strength versus the benchmark looked weak. 1-month excess return -16.22%; 3-month excess return -41.45%; 6-month excess return -51.15%."
2023-06-02,KSS,8.777113999157859,-35.9995287455575,,miss,linear_regression,target_5d_return,"Technical state is soft, with price below the 50-day and 200-day averages. MACD remains on the bullish side. Volatility is elevated at roughly 79.0%.",No recent matched news was found for this ticker/date.,Relative strength versus the benchmark looked weak. 1-month excess return -4.46%; 3-month excess return -33.34%; 6-month excess return -41.80%.,"Model view: the forward return estimate was mildly negative at about -36.00%. Confidence was not explicitly available for this prediction. Technical state is soft, with price below the 50-day and 200-day averages. MACD remains on the bullish side. Volatility is elevated at roughly 79.0%. No recent matched news was found for this ticker/date. Relative strength versus the benchmark looked weak. 1-month excess return -4.46%; 3-month excess return -33.34%; 6-month excess return -41.80%."
2023-06-05,KSS,15.135134476511535,-37.21583479355748,,miss,linear_regression,target_5d_return,"Technical state is soft, with price below the 50-day and 200-day averages. RSI is in a steady zone near 50.3. MACD remains on the bullish side. Volatility is elevated at roughly 75.8%.",No recent matched news was found for this ticker/date.,Relative strength versus the benchmark looked weak. 1-month excess return -1.54%; 3-month excess return -31.10%; 6-month excess return -40.80%.,"Model view: the forward return estimate was mildly negative at about -37.22%. Confidence was not explicitly available for this prediction. Technical state is soft, with price below the 50-day and 200-day averages. RSI is in a steady zone near 50.3. MACD remains on the bullish side. Volatility is elevated at roughly 75.8%. No recent matched news was found for this ticker/date. Relative strength versus the benchmark looked weak. 1-month excess return -1.54%; 3-month excess return -31.10%; 6-month excess return -40.80%."
2023-06-06,KSS,6.155952406216381,-45.7318336038146,,miss,linear_regression,target_5d_return,"Technical state is mixed, with price not fully aligned across the major moving averages. RSI is in a steady zone near 57.6. MACD remains on the bullish side. Volatility is elevated at roughly 80.3%.",No recent matched news was found for this ticker/date.,Relative strength versus the benchmark looked weak. 1-month excess return 1.65%; 3-month excess return -27.05%; 6-month excess return -35.59%.,"Model view: the forward return estimate was mildly negative at about -45.73%. Confidence was not explicitly available for this prediction. Technical state is mixed, with price not fully aligned across the major moving averages. RSI is in a steady zone near 57.6. MACD remains on the bullish side. Volatility is elevated at roughly 80.3%. No recent matched news was found for this ticker/date. Relative strength versus the benchmark looked weak. 1-month excess return 1.65%; 3-month excess return -27.05%; 6-month excess return -35.59%."
2023-06-07,KSS,5.002275547608126,-45.88781861873712,,miss,linear_regression,target_5d_return,"Technical state is mixed, with price not fully aligned across the major moving averages. RSI is in a steady zone near 57.8. MACD remains on the bullish side. Volatility is elevated at roughly 79.8%.",No recent matched news was found for this ticker/date.,Relative strength versus the benchmark looked weak. 1-month excess return 4.09%; 3-month excess return -25.65%; 6-month excess return -32.15%.,"Model view: the forward return estimate was mildly negative at about -45.89%. Confidence was not explicitly available for this prediction. Technical state is mixed, with price not fully aligned across the major moving averages. RSI is in a steady zone near 57.8. MACD remains on the bullish side. Volatility is elevated at roughly 79.8%. No recent matched news was found for this ticker/date. Relative strength versus the benchmark looked weak. 1-month excess return 4.09%; 3-month excess return -25.65%; 6-month excess return -32.15%."
2023-06-08,KSS,7.524931494105069,-45.102444811134994,,miss,linear_regression,target_5d_return,"Technical state is mixed, with price not fully aligned across the major moving averages. RSI is in a steady zone near 58.1. MACD remains on the bullish side. Volatility is elevated at roughly 79.7%.",No recent matched news was found for this ticker/date.,Relative strength versus the benchmark looked weak. 1-month excess return 5.68%; 3-month excess return -25.53%; 6-month excess return -31.34%.,"Model view: the forward return estimate was mildly negative at about -45.10%. Confidence was not explicitly available for this prediction. Technical state is mixed, with price not fully aligned across the major moving averages. RSI is in a steady zone near 58.1. MACD remains on the bullish side. Volatility is elevated at roughly 79.7%. No recent matched news was found for this ticker/date. Relative strength versus the benchmark looked weak. 1-month excess return 5.68%; 3-month excess return -25.53%; 6-month excess return -31.34%."
2023-06-09,KSS,4.578423632517037,-44.43911577737048,,miss,linear_regression,target_5d_return,"Technical state is mixed, with price not fully aligned across the major moving averages. RSI is in a steady zone near 58.1. MACD remains on the bullish side. Volatility is elevated at roughly 79.7%.",No recent matched news was found for this ticker/date.,Relative strength versus the benchmark looked weak. 1-month excess return 6.29%; 3-month excess return -22.53%; 6-month excess return -29.02%.,"Model view: the forward return estimate was mildly negative at about -44.44%. Confidence was not explicitly available for this prediction. Technical state is mixed, with price not fully aligned across the major moving averages. RSI is in a steady zone near 58.1. MACD remains on the bullish side. Volatility is elevated at roughly 79.7%. No recent matched news was found for this ticker/date. Relative strength versus the benchmark looked weak. 1-month excess return 6.29%; 3-month excess return -22.53%; 6-month excess return -29.02%."
2023-06-12,KSS,-3.5851478516725876,-51.393530043496405,,hit,linear_regression,target_5d_return,"Technical state is mixed, with price not fully aligned across the major moving averages. RSI is in a steady zone near 64.1. MACD remains on the bullish side. Volatility is elevated at roughly 81.7%.",No recent matched news was found for this ticker/date.,Relative strength versus the benchmark looked weak. 1-month excess return 10.82%; 3-month excess return -9.92%; 6-month excess return -23.01%.,"Model view: the forward return estimate was mildly negative at about -51.39%. Confidence was not explicitly available for this prediction. Technical state is mixed, with price not fully aligned across the major moving averages. RSI is in a steady zone near 64.1. MACD remains on the bullish side. Volatility is elevated at roughly 81.7%. No recent matched news was found for this ticker/date. Relative strength versus the benchmark looked weak. 1-month excess return 10.82%; 3-month excess return -9.92%; 6-month excess return -23.01%."
2023-06-13,KSS,-4.553270369528306,-54.19155099425233,,hit,linear_regression,target_5d_return,"Technical state is mixed, with price not fully aligned across the major moving averages. RSI is in a steady zone near 63.1. MACD remains on the bullish side. Volatility is elevated at roughly 81.6%.",No recent matched news was found for this ticker/date.,Relative strength versus the benchmark looked weak. 1-month excess return 11.04%; 3-month excess return -7.04%; 6-month excess return -22.92%.,"Model view: the forward return estimate was mildly negative at about -54.19%. Confidence was not explicitly available for this prediction. Technical state is mixed, with price not fully aligned across the major moving averages. RSI is in a steady zone near 63.1. MACD remains on the bullish side. Volatility is elevated at roughly 81.6%. No recent matched news was found for this ticker/date. Relative strength versus the benchmark looked weak. 1-month excess return 11.04%; 3-month excess return -7.04%; 6-month excess return -22.92%."
2023-06-14,KSS,-5.889998273556252,-55.64911630281062,,hit,linear_regression,target_5d_return,"Technical state is mixed, with price not fully aligned across the major moving averages. RSI is in a steady zone near 61.7. MACD remains on the bullish side. Volatility is elevated at roughly 79.1%.",No recent matched news was found for this ticker/date.,Relative strength versus the benchmark looked weak. 1-month excess return 7.30%; 3-month excess return -12.69%; 6-month excess return -24.73%.,"Model view: the forward return estimate was mildly negative at about -55.65%. Confidence was not explicitly available for this prediction. Technical state is mixed, with price not fully aligned across the major moving averages. RSI is in a steady zone near 61.7. MACD remains on the bullish side. Volatility is elevated at roughly 79.1%. No recent matched news was found for this ticker/date. Relative strength versus the benchmark looked weak. 1-month excess return 7.30%; 3-month excess return -12.69%; 6-month excess return -24.73%."
2023-06-15,KSS,-9.569977302389788,-60.08358651740286,,hit,linear_regression,target_5d_return,"Technical state is mixed, with price not fully aligned across the major moving averages. RSI is in a steady zone near 64.5. MACD remains on the bullish side. Volatility is elevated at roughly 78.1%.",No recent matched news was found for this ticker/date.,Relative strength versus the benchmark looked weak. 1-month excess return 14.24%; 3-month excess return -9.68%; 6-month excess return -22.94%.,"Model view: the forward return estimate was mildly negative at about -60.08%. Confidence was not explicitly available for this prediction. Technical state is mixed, with price not fully aligned across the major moving averages. RSI is in a steady zone near 64.5. MACD remains on the bullish side. Volatility is elevated at roughly 78.1%. No recent matched news was found for this ticker/date. Relative strength versus the benchmark looked weak. 1-month excess return 14.24%; 3-month excess return -9.68%; 6-month excess return -22.94%."
2023-06-16,KSS,-5.201555576353312,-58.556776330471386,,hit,linear_regression,target_5d_return,"Technical state is mixed, with price not fully aligned across the major moving averages. RSI is in a steady zone near 59.6. MACD remains on the bullish side. Volatility is elevated at roughly 79.1%.",No recent matched news was found for this ticker/date.,Relative strength versus the benchmark looked weak. 1-month excess return 6.96%; 3-month excess return -13.30%; 6-month excess return -26.12%.,"Model view: the forward return estimate was mildly negative at about -58.56%. Confidence was not explicitly available for this prediction. Technical state is mixed, with price not fully aligned across the major moving averages. RSI is in a steady zone near 59.6. MACD remains on the bullish side. Volatility is elevated at roughly 79.1%. No recent matched news was found for this ticker/date. Relative strength versus the benchmark looked weak. 1-month excess return 6.96%; 3-month excess return -13.30%; 6-month excess return -26.12%."
2023-06-20,KSS,0.39840704727742704,-55.29221144651432,,miss,linear_regression,target_5d_return,"Technical state is mixed, with price not fully aligned across the major moving averages. RSI is in a steady zone near 56.2. MACD remains on the bullish side. Volatility is elevated at roughly 72.8%.",No recent matched news was found for this ticker/date.,Relative strength versus the benchmark looked weak. 1-month excess return 4.51%; 3-month excess return -12.01%; 6-month excess return -27.77%.,"Model view: the forward return estimate was mildly negative at about -55.29%. Confidence was not explicitly available for this prediction. Technical state is mixed, with price not fully aligned across the major moving averages. RSI is in a steady zone near 56.2. MACD remains on the bullish side. Volatility is elevated at roughly 72.8%. No recent matched news was found for this ticker/date. Relative strength versus the benchmark looked weak. 1-month excess return 4.51%; 3-month excess return -12.01%; 6-month excess return -27.77%."
2023-06-21,KSS,1.6201648131249025,-53.02410478224851,,miss,linear_regression,target_5d_return,"Technical state is mixed, with price not fully aligned across the major moving averages. RSI is in a steady zone near 53.7. MACD remains on the bullish side. Volatility is elevated at roughly 73.1%.",No recent matched news was found for this ticker/date.,Relative strength versus the benchmark looked weak. 1-month excess return 12.63%; 3-month excess return -12.82%; 6-month excess return -27.81%.,"Model view: the forward return estimate was mildly negative at about -53.02%. Confidence was not explicitly available for this prediction. Technical state is mixed, with price not fully aligned across the major moving averages. RSI is in a steady zone near 53.7. MACD remains on the bullish side. Volatility is elevated at roughly 73.1%. No recent matched news was found for this ticker/date. Relative strength versus the benchmark looked weak. 1-month excess return 12.63%; 3-month excess return -12.82%; 6-month excess return -27.81%."
2023-06-22,KSS,6.258631564663153,-52.366413574126675,,miss,linear_regression,target_5d_return,"Technical state is mixed, with price not fully aligned across the major moving averages. RSI is in a steady zone near 50.5. MACD remains on the bullish side. Volatility is elevated at roughly 73.5%.",No recent matched news was found for this ticker/date.,Relative strength versus the benchmark looked weak. 1-month excess return 6.74%; 3-month excess return -13.32%; 6-month excess return -29.72%.,"Model view: the forward return estimate was mildly negative at about -52.37%. Confidence was not explicitly available for this prediction. Technical state is mixed, with price not fully aligned across the major moving averages. RSI is in a steady zone near 50.5. MACD remains on the bullish side. Volatility is elevated at roughly 73.5%. No recent matched news was found for this ticker/date. Relative strength versus the benchmark looked weak. 1-month excess return 6.74%; 3-month excess return -13.32%; 6-month excess return -29.72%."
2023-06-23,KSS,7.459200080242012,-51.48870309812673,,miss,linear_regression,target_5d_return,"Technical state is mixed, with price not fully aligned across the major moving averages. MACD remains on the bullish side. Volatility is elevated at roughly 69.2%.",No recent matched news was found for this ticker/date.,Relative strength versus the benchmark looked weak. 1-month excess return 6.29%; 3-month excess return -11.16%; 6-month excess return -28.14%.,"Model view: the forward return estimate was mildly negative at about -51.49%. Confidence was not explicitly available for this prediction. Technical state is mixed, with price not fully aligned across the major moving averages. MACD remains on the bullish side. Volatility is elevated at roughly 69.2%. No recent matched news was found for this ticker/date. Relative strength versus the benchmark looked weak. 1-month excess return 6.29%; 3-month excess return -11.16%; 6-month excess return -28.14%."
2023-06-26,KSS,12.025601553926556,-54.71524614789427,,miss,linear_regression,target_5d_return,"Technical state is mixed, with price not fully aligned across the major moving averages. RSI is in a steady zone near 51.5. MACD remains on the bearish side. Volatility is elevated at roughly 66.5%.",No recent matched news was found for this ticker/date.,Relative strength versus the benchmark looked weak. 1-month excess return 0.17%; 3-month excess return -7.65%; 6-month excess return -25.45%.,"Model view: the forward return estimate was mildly negative at about -54.72%. Confidence was not explicitly available for this prediction. Technical state is mixed, with price not fully aligned across the major moving averages. RSI is in a steady zone near 51.5. MACD remains on the bearish side. Volatility is elevated at roughly 66.5%. No recent matched news was found for this ticker/date. Relative strength versus the benchmark looked weak. 1-month excess return 0.17%; 3-month excess return -7.65%; 6-month excess return -25.45%."
2023-06-27,KSS,6.261023179836056,-61.26503983410998,,miss,linear_regression,target_5d_return,"Technical state is mixed, with price not fully aligned across the major moving averages. RSI is in a steady zone near 56.4. MACD remains on the bearish side. Volatility is elevated at roughly 67.2%.",No recent matched news was found for this ticker/date.,Relative strength versus the benchmark looked weak. 1-month excess return 9.67%; 3-month excess return -5.93%; 6-month excess return -20.73%.,"Model view: the forward return estimate was mildly negative at about -61.27%. Confidence was not explicitly available for this prediction. Technical state is mixed, with price not fully aligned across the major moving averages. RSI is in a steady zone near 56.4. MACD remains on the bearish side. Volatility is elevated at roughly 67.2%. No recent matched news was found for this ticker/date. Relative strength versus the benchmark looked weak. 1-month excess return 9.67%; 3-month excess return -5.93%; 6-month excess return -20.73%."
2023-06-28,KSS,5.668736452481893,-62.775716009656655,,miss,linear_regression,target_5d_return,"Technical state is mixed, with price not fully aligned across the major moving averages. RSI is in a steady zone near 55.7. MACD remains on the bearish side. Volatility is elevated at roughly 63.8%.",No recent matched news was found for this ticker/date.,Relative strength versus the benchmark looked weak. 1-month excess return 8.41%; 3-month excess return -7.02%; 6-month excess return -24.01%.,"Model view: the forward return estimate was mildly negative at about -62.78%. Confidence was not explicitly available for this prediction. Technical state is mixed, with price not fully aligned across the major moving averages. RSI is in a steady zone near 55.7. MACD remains on the bearish side. Volatility is elevated at roughly 63.8%. No recent matched news was found for this ticker/date. Relative strength versus the benchmark looked weak. 1-month excess return 8.41%; 3-month excess return -7.02%; 6-month excess return -24.01%."
2023-06-29,KSS,4.850580010755157,-70.14169450836869,,miss,linear_regression,target_5d_return,"Technical state is mixed, with price not fully aligned across the major moving averages. RSI is in a steady zone near 58.7. MACD remains on the bullish side. Volatility is elevated at roughly 61.6%.",No recent matched news was found for this ticker/date.,Relative strength versus the benchmark looked weak. 1-month excess return 17.25%; 3-month excess return -4.46%; 6-month excess return -22.86%.,"Model view: the forward return estimate was mildly negative at about -70.14%. Confidence was not explicitly available for this prediction. Technical state is mixed, with price not fully aligned across the major moving averages. RSI is in a steady zone near 58.7. MACD remains on the bullish side. Volatility is elevated at roughly 61.6%. No recent matched news was found for this ticker/date. Relative strength versus the benchmark looked weak. 1-month excess return 17.25%; 3-month excess return -4.46%; 6-month excess return -22.86%."
2023-06-30,KSS,4.381779879879244,-73.04947261300447,,miss,linear_regression,target_5d_return,"Technical state is mixed, with price not fully aligned across the major moving averages. RSI is in a steady zone near 58.4. MACD remains on the bullish side. Volatility is elevated at roughly 60.8%.",No recent matched news was found for this ticker/date.,Relative strength versus the benchmark looked weak. 1-month excess return 19.73%; 3-month excess return -9.07%; 6-month excess return -22.25%.,"Model view: the forward return estimate was mildly negative at about -73.05%. Confidence was not explicitly available for this prediction. Technical state is mixed, with price not fully aligned across the major moving averages. RSI is in a steady zone near 58.4. MACD remains on the bullish side. Volatility is elevated at roughly 60.8%. No recent matched news was found for this ticker/date. Relative strength versus the benchmark looked weak. 1-month excess return 19.73%; 3-month excess return -9.07%; 6-month excess return -22.25%."
2023-07-03,KSS,2.9795899683115357,-81.43387302930489,,miss,linear_regression,target_5d_return,"Technical state is mixed, with price not fully aligned across the major moving averages. MACD remains on the bullish side. Volatility is elevated at roughly 47.7%.",No recent matched news was found for this ticker/date.,Relative strength versus the benchmark looked weak. 1-month excess return 30.90%; 3-month excess return -4.43%; 6-month excess return -18.14%.,"Model view: the forward return estimate was mildly negative at about -81.43%. Confidence was not explicitly available for this prediction. Technical state is mixed, with price not fully aligned across the major moving averages. MACD remains on the bullish side. Volatility is elevated at roughly 47.7%. No recent matched news was found for this ticker/date. Relative strength versus the benchmark looked weak. 1-month excess return 30.90%; 3-month excess return -4.43%; 6-month excess return -18.14%."
2023-07-05,KSS,3.6099540170700495,-76.20243024944133,,miss,linear_regression,target_5d_return,"Technical state is mixed, with price not fully aligned across the major moving averages. RSI is in a steady zone near 62.6. MACD remains on the bullish side. Volatility is elevated at roughly 48.6%.",No recent matched news was found for this ticker/date.,Relative strength versus the benchmark looked weak. 1-month excess return 15.30%; 3-month excess return -7.00%; 6-month excess return -20.44%.,"Model view: the forward return estimate was mildly negative at about -76.20%. Confidence was not explicitly available for this prediction. Technical state is mixed, with price not fully aligned across the major moving averages. RSI is in a steady zone near 62.6. MACD remains on the bullish side. Volatility is elevated at roughly 48.6%. No recent matched news was found for this ticker/date. Relative strength versus the benchmark looked weak. 1-month excess return 15.30%; 3-month excess return -7.00%; 6-month excess return -20.44%."
2023-07-06,KSS,4.819780339952517,-72.32673900925698,,miss,linear_regression,target_5d_return,"Technical state is mixed, with price not fully aligned across the major moving averages. RSI is in a steady zone near 60.6. MACD remains on the bullish side. Volatility is elevated at roughly 41.6%.",No recent matched news was found for this ticker/date.,Relative strength versus the benchmark looked weak. 1-month excess return 14.36%; 3-month excess return -8.19%; 6-month excess return -18.19%.,"Model view: the forward return estimate was mildly negative at about -72.33%. Confidence was not explicitly available for this prediction. Technical state is mixed, with price not fully aligned across the major moving averages. RSI is in a steady zone near 60.6. MACD remains on the bullish side. Volatility is elevated at roughly 41.6%. No recent matched news was found for this ticker/date. Relative strength versus the benchmark looked weak. 1-month excess return 14.36%; 3-month excess return -8.19%; 6-month excess return -18.19%."
2023-07-07,KSS,2.189180944601654,-72.94811239144124,,miss,linear_regression,target_5d_return,"Technical state is mixed, with price not fully aligned across the major moving averages. RSI is in a steady zone near 62.5. MACD remains on the bullish side. Volatility is elevated at roughly 41.7%.",No recent matched news was found for this ticker/date.,Relative strength versus the benchmark looked weak. 1-month excess return 7.96%; 3-month excess return -0.45%; 6-month excess return -21.43%.,"Model view: the forward return estimate was mildly negative at about -72.95%. Confidence was not explicitly available for this prediction. Technical state is mixed, with price not fully aligned across the major moving averages. RSI is in a steady zone near 62.5. MACD remains on the bullish side. Volatility is elevated at roughly 41.7%. No recent matched news was found for this ticker/date. Relative strength versus the benchmark looked weak. 1-month excess return 7.96%; 3-month excess return -0.45%; 6-month excess return -21.43%."
2023-07-10,KSS,4.738160109316603,-70.98341617224274,,miss,linear_regression,target_5d_return,"Technical state is mixed, with price not fully aligned across the major moving averages. RSI is in a steady zone near 61.1. MACD remains on the bullish side. Volatility is elevated at roughly 41.9%.",No recent matched news was found for this ticker/date.,Relative strength versus the benchmark looked weak. 1-month excess return 6.37%; 3-month excess return -1.27%; 6-month excess return -24.28%.,"Model view: the forward return estimate was mildly negative at about -70.98%. Confidence was not explicitly available for this prediction. Technical state is mixed, with price not fully aligned across the major moving averages. RSI is in a steady zone near 61.1. MACD remains on the bullish side. Volatility is elevated at roughly 41.9%. No recent matched news was found for this ticker/date. Relative strength versus the benchmark looked weak. 1-month excess return 6.37%; 3-month excess return -1.27%; 6-month excess return -24.28%."
2023-07-11,KSS,-0.15853749070328105,-79.38617471050681,,hit,linear_regression,target_5d_return,"Technical state is mixed, with price not fully aligned across the major moving averages. MACD remains on the bullish side. Volatility is elevated at roughly 44.7%.",No recent matched news was found for this ticker/date.,Relative strength versus the benchmark looked weak. 1-month excess return 11.28%; 3-month excess return -2.19%; 6-month excess return -21.39%.,"Model view: the forward return estimate was mildly negative at about -79.39%. Confidence was not explicitly available for this prediction. Technical state is mixed, with price not fully aligned across the major moving averages. MACD remains on the bullish side. Volatility is elevated at roughly 44.7%. No recent matched news was found for this ticker/date. Relative strength versus the benchmark looked weak. 1-month excess return 11.28%; 3-month excess return -2.19%; 6-month excess return -21.39%."
2023-07-12,KSS,2.9635554323879987,-77.88155753922732,,miss,linear_regression,target_5d_return,"Technical state is mixed, with price not fully aligned across the major moving averages. RSI is in a steady zone near 64.7. MACD remains on the bullish side. Volatility is elevated at roughly 40.0%.",No recent matched news was found for this ticker/date.,Relative strength versus the benchmark looked weak. 1-month excess return 9.46%; 3-month excess return -5.72%; 6-month excess return -20.12%.,"Model view: the forward return estimate was mildly negative at about -77.88%. Confidence was not explicitly available for this prediction. Technical state is mixed, with price not fully aligned across the major moving averages. RSI is in a steady zone near 64.7. MACD remains on the bullish side. Volatility is elevated at roughly 40.0%. No recent matched news was found for this ticker/date. Relative strength versus the benchmark looked weak. 1-month excess return 9.46%; 3-month excess return -5.72%; 6-month excess return -20.12%."
2023-07-13,KSS,2.439026808352951,-78.27278483881389,,miss,linear_regression,target_5d_return,"Technical state is mixed, with price not fully aligned across the major moving averages. RSI is in a steady zone near 64.9. MACD remains on the bullish side. Volatility is elevated at roughly 39.8%.",No recent matched news was found for this ticker/date.,Relative strength versus the benchmark looked weak. 1-month excess return 3.12%; 3-month excess return -1.92%; 6-month excess return -22.28%.,"Model view: the forward return estimate was mildly negative at about -78.27%. Confidence was not explicitly available for this prediction. Technical state is mixed, with price not fully aligned across the major moving averages. RSI is in a steady zone near 64.9. MACD remains on the bullish side. Volatility is elevated at roughly 39.8%. No recent matched news was found for this ticker/date. Relative strength versus the benchmark looked weak. 1-month excess return 3.12%; 3-month excess return -1.92%; 6-month excess return -22.28%."
2023-07-14,KSS,1.6572346451302344,-76.91886410553116,,miss,linear_regression,target_5d_return,"Technical state is mixed, with price not fully aligned across the major moving averages. RSI is in a steady zone near 62.3. MACD remains on the bullish side. Volatility is elevated at roughly 39.9%.",No recent matched news was found for this ticker/date.,Relative strength versus the benchmark looked weak. 1-month excess return 3.41%; 3-month excess return -0.70%; 6-month excess return -25.62%.,"Model view: the forward return estimate was mildly negative at about -76.92%. Confidence was not explicitly available for this prediction. Technical state is mixed, with price not fully aligned across the major moving averages. RSI is in a steady zone near 62.3. MACD remains on the bullish side. Volatility is elevated at roughly 39.9%. No recent matched news was found for this ticker/date. Relative strength versus the benchmark looked weak. 1-month excess return 3.41%; 3-month excess return -0.70%; 6-month excess return -25.62%."
2023-07-17,KSS,4.841266969914915,-80.43168025710176,,miss,linear_regression,target_5d_return,"Technical state is mixed, with price not fully aligned across the major moving averages. RSI is in a steady zone near 64.9. MACD remains on the bullish side. Volatility is elevated at roughly 39.4%.",No recent matched news was found for this ticker/date.,Relative strength versus the benchmark looked weak. 1-month excess return 6.00%; 3-month excess return -1.51%; 6-month excess return -24.81%.,"Model view: the forward return estimate was mildly negative at about -80.43%. Confidence was not explicitly available for this prediction. Technical state is mixed, with price not fully aligned across the major moving averages. RSI is in a steady zone near 64.9. MACD remains on the bullish side. Volatility is elevated at roughly 39.4%. No recent matched news was found for this ticker/date. Relative strength versus the benchmark looked weak. 1-month excess return 6.00%; 3-month excess return -1.51%; 6-month excess return -24.81%."
2023-07-18,KSS,4.327114448108804,-79.37020869445594,,miss,linear_regression,target_5d_return,"Technical state is mixed, with price not fully aligned across the major moving averages. RSI is in a steady zone near 64.8. MACD remains on the bullish side. Volatility is elevated at roughly 37.7%.",No recent matched news was found for this ticker/date.,Relative strength versus the benchmark looked weak. 1-month excess return 3.59%; 3-month excess return -1.82%; 6-month excess return -26.58%.,"Model view: the forward return estimate was mildly negative at about -79.37%. Confidence was not explicitly available for this prediction. Technical state is mixed, with price not fully aligned across the major moving averages. RSI is in a steady zone near 64.8. MACD remains on the bullish side. Volatility is elevated at roughly 37.7%. No recent matched news was found for this ticker/date. Relative strength versus the benchmark looked weak. 1-month excess return 3.59%; 3-month excess return -1.82%; 6-month excess return -26.58%."
2023-07-19,KSS,8.595881254449367,-79.33285727519103,,miss,linear_regression,target_5d_return,"Technical state is mixed, with price not fully aligned across the major moving averages. MACD remains on the bullish side. Volatility is elevated at roughly 36.8%.",No recent matched news was found for this ticker/date.,Relative strength versus the benchmark looked mixed. 1-month excess return 8.24%; 3-month excess return 0.43%; 6-month excess return -28.82%.,"Model view: the forward return estimate was mildly negative at about -79.33%. Confidence was not explicitly available for this prediction. Technical state is mixed, with price not fully aligned across the major moving averages. MACD remains on the bullish side. Volatility is elevated at roughly 36.8%. No recent matched news was found for this ticker/date. Relative strength versus the benchmark looked mixed. 1-month excess return 8.24%; 3-month excess return 0.43%; 6-month excess return -28.82%."
2023-07-20,KSS,7.494145251368356,-77.6676518100194,,miss,linear_regression,target_5d_return,"Technical state is mixed, with price not fully aligned across the major moving averages. MACD remains on the bullish side. Volatility is elevated at roughly 36.1%.",No recent matched news was found for this ticker/date.,Relative strength versus the benchmark looked mixed. 1-month excess return 10.40%; 3-month excess return 0.06%; 6-month excess return -30.53%.,"Model view: the forward return estimate was mildly negative at about -77.67%. Confidence was not explicitly available for this prediction. Technical state is mixed, with price not fully aligned across the major moving averages. MACD remains on the bullish side. Volatility is elevated at roughly 36.1%. No recent matched news was found for this ticker/date. Relative strength versus the benchmark looked mixed. 1-month excess return 10.40%; 3-month excess return 0.06%; 6-month excess return -30.53%."
2023-07-21,KSS,12.246520757148405,-77.92634796912643,,miss,linear_regression,target_5d_return,"Technical state is mixed, with price not fully aligned across the major moving averages. RSI is in a steady zone near 61.4. MACD remains on the bullish side. Volatility is elevated at roughly 35.7%.",No recent matched news was found for this ticker/date.,Relative strength versus the benchmark looked weak. 1-month excess return 9.60%; 3-month excess return -1.15%; 6-month excess return -33.17%.,"Model view: the forward return estimate was mildly negative at about -77.93%. Confidence was not explicitly available for this prediction. Technical state is mixed, with price not fully aligned across the major moving averages. RSI is in a steady zone near 61.4. MACD remains on the bullish side. Volatility is elevated at roughly 35.7%. No recent matched news was found for this ticker/date. Relative strength versus the benchmark looked weak. 1-month excess return 9.60%; 3-month excess return -1.15%; 6-month excess return -33.17%."
2023-07-24,KSS,7.6835756274920675,-82.45797500075142,,miss,linear_regression,target_5d_return,"Technical state is constructive, with price above the 50-day and 200-day averages. MACD remains on the bullish side. Volatility is elevated at roughly 37.9%.",No recent matched news was found for this ticker/date.,Relative strength versus the benchmark looked mixed. 1-month excess return 17.93%; 3-month excess return 3.84%; 6-month excess return -28.85%.,"Model view: the forward return estimate was mildly negative at about -82.46%. Confidence was not explicitly available for this prediction. Technical state is constructive, with price above the 50-day and 200-day averages. MACD remains on the bullish side. Volatility is elevated at roughly 37.9%. No recent matched news was found for this ticker/date. Relative strength versus the benchmark looked mixed. 1-month excess return 17.93%; 3-month excess return 3.84%; 6-month excess return -28.85%."
2023-07-25,KSS,9.360726865287837,-82.0071449294827,,miss,linear_regression,target_5d_return,"Technical state is constructive, with price above the 50-day and 200-day averages. MACD remains on the bullish side. Volatility is elevated at roughly 38.1%.",No recent matched news was found for this ticker/date.,Relative strength versus the benchmark looked mixed. 1-month excess return 17.78%; 3-month excess return 3.95%; 6-month excess return -33.26%.,"Model view: the forward return estimate was mildly negative at about -82.01%. Confidence was not explicitly available for this prediction. Technical state is constructive, with price above the 50-day and 200-day averages. MACD remains on the bullish side. Volatility is elevated at roughly 38.1%. No recent matched news was found for this ticker/date. Relative strength versus the benchmark looked mixed. 1-month excess return 17.78%; 3-month excess return 3.95%; 6-month excess return -33.26%."
2023-07-26,KSS,1.6833786248931837,-90.01630967357349,,miss,linear_regression,target_5d_return,"Technical state is constructive, with price above the 50-day and 200-day averages. RSI is elevated near 74.3, so chasing strength may add risk. MACD remains on the bullish side. Volatility is elevated at roughly 41.5%.",No recent matched news was found for this ticker/date.,Relative strength versus the benchmark looked mixed. 1-month excess return 22.46%; 3-month excess return 18.01%; 6-month excess return -25.82%.,"Model view: the forward return estimate was mildly negative at about -90.02%. Confidence was not explicitly available for this prediction. Technical state is constructive, with price above the 50-day and 200-day averages. RSI is elevated near 74.3, so chasing strength may add risk. MACD remains on the bullish side. Volatility is elevated at roughly 41.5%. No recent matched news was found for this ticker/date. Relative strength versus the benchmark looked mixed. 1-month excess return 22.46%; 3-month excess return 18.01%; 6-month excess return -25.82%."
2023-07-27,KSS,5.047201682788405,-87.2632520342095,,miss,linear_regression,target_5d_return,"Technical state is constructive, with price above the 50-day and 200-day averages. RSI is elevated near 70.5, so chasing strength may add risk. MACD remains on the bullish side. Volatility is elevated at roughly 42.1%.",No recent matched news was found for this ticker/date.,Relative strength versus the benchmark looked mixed. 1-month excess return 18.09%; 3-month excess return 15.97%; 6-month excess return -26.35%.,"Model view: the forward return estimate was mildly negative at about -87.26%. Confidence was not explicitly available for this prediction. Technical state is constructive, with price above the 50-day and 200-day averages. RSI is elevated near 70.5, so chasing strength may add risk. MACD remains on the bullish side. Volatility is elevated at roughly 42.1%. No recent matched news was found for this ticker/date. Relative strength versus the benchmark looked mixed. 1-month excess return 18.09%; 3-month excess return 15.97%; 6-month excess return -26.35%."
2023-07-28,KSS,3.081830865536306,-91.16347684590099,,miss,linear_regression,target_5d_return,"Technical state is constructive, with price above the 50-day and 200-day averages. RSI is elevated near 73.1, so chasing strength may add risk. MACD remains on the bullish side. Volatility is elevated at roughly 42.2%.",No recent matched news was found for this ticker/date.,Relative strength versus the benchmark looked mixed. 1-month excess return 20.72%; 3-month excess return 16.32%; 6-month excess return -24.68%.,"Model view: the forward return estimate was mildly negative at about -91.16%. Confidence was not explicitly available for this prediction. Technical state is constructive, with price above the 50-day and 200-day averages. RSI is elevated near 73.1, so chasing strength may add risk. MACD remains on the bullish side. Volatility is elevated at roughly 42.2%. No recent matched news was found for this ticker/date. Relative strength versus the benchmark looked mixed. 1-month excess return 20.72%; 3-month excess return 16.32%; 6-month excess return -24.68%."
2023-07-31,KSS,1.4762743937815959,-92.31841534664775,,miss,linear_regression,target_5d_return,"Technical state is constructive, with price above the 50-day and 200-day averages. RSI is elevated near 74.0, so chasing strength may add risk. MACD remains on the bullish side. Volatility is elevated at roughly 41.9%.",No recent matched news was found for this ticker/date.,Relative strength versus the benchmark looked mixed. 1-month excess return 18.70%; 3-month excess return 19.03%; 6-month excess return -22.48%.,"Model view: the forward return estimate was mildly negative at about -92.32%. Confidence was not explicitly available for this prediction. Technical state is constructive, with price above the 50-day and 200-day averages. RSI is elevated near 74.0, so chasing strength may add risk. MACD remains on the bullish side. Volatility is elevated at roughly 41.9%. No recent matched news was found for this ticker/date. Relative strength versus the benchmark looked mixed. 1-month excess return 18.70%; 3-month excess return 19.03%; 6-month excess return -22.48%."
2023-08-01,KSS,-0.24356191851665487,-91.11170556734001,,hit,linear_regression,target_5d_return,"Technical state is constructive, with price above the 50-day and 200-day averages. RSI is elevated near 75.0, so chasing strength may add risk. MACD remains on the bullish side. Volatility is elevated at roughly 37.2%.",No recent matched news was found for this ticker/date.,Relative strength versus the benchmark looked mixed. 1-month excess return 21.71%; 3-month excess return 23.95%; 6-month excess return -22.43%.,"Model view: the forward return estimate was mildly negative at about -91.11%. Confidence was not explicitly available for this prediction. Technical state is constructive, with price above the 50-day and 200-day averages. RSI is elevated near 75.0, so chasing strength may add risk. MACD remains on the bullish side. Volatility is elevated at roughly 37.2%. No recent matched news was found for this ticker/date. Relative strength versus the benchmark looked mixed. 1-month excess return 21.71%; 3-month excess return 23.95%; 6-month excess return -22.43%."
2023-08-02,KSS,-2.078197130229653,-87.66330966937178,,hit,linear_regression,target_5d_return,"Technical state is constructive, with price above the 50-day and 200-day averages. RSI is elevated near 71.2, so chasing strength may add risk. MACD remains on the bullish side. Volatility is elevated at roughly 36.8%.",No recent matched news was found for this ticker/date.,Relative strength versus the benchmark looked mixed. 1-month excess return 14.53%; 3-month excess return 26.87%; 6-month excess return -23.04%.,"Model view: the forward return estimate was mildly negative at about -87.66%. Confidence was not explicitly available for this prediction. Technical state is constructive, with price above the 50-day and 200-day averages. RSI is elevated near 71.2, so chasing strength may add risk. MACD remains on the bullish side. Volatility is elevated at roughly 36.8%. No recent matched news was found for this ticker/date. Relative strength versus the benchmark looked mixed. 1-month excess return 14.53%; 3-month excess return 26.87%; 6-month excess return -23.04%."
2023-08-03,KSS,-3.6985816921432546,-90.70573660876008,,hit,linear_regression,target_5d_return,"Technical state is constructive, with price above the 50-day and 200-day averages. RSI is elevated near 73.5, so chasing strength may add risk. MACD remains on the bullish side. Volatility is elevated at roughly 36.3%.",No recent matched news was found for this ticker/date.,Relative strength versus the benchmark looked mixed. 1-month excess return 18.75%; 3-month excess return 33.28%; 6-month excess return -22.10%.,"Model view: the forward return estimate was mildly negative at about -90.71%. Confidence was not explicitly available for this prediction. Technical state is constructive, with price above the 50-day and 200-day averages. RSI is elevated near 73.5, so chasing strength may add risk. MACD remains on the bullish side. Volatility is elevated at roughly 36.3%. No recent matched news was found for this ticker/date. Relative strength versus the benchmark looked mixed. 1-month excess return 18.75%; 3-month excess return 33.28%; 6-month excess return -22.10%."
2023-08-04,KSS,-4.364262684245124,-90.77302333758408,,hit,linear_regression,target_5d_return,"Technical state is constructive, with price above the 50-day and 200-day averages. RSI is elevated near 74.1, so chasing strength may add risk. MACD remains on the bullish side. Volatility is elevated at roughly 36.3%.",No recent matched news was found for this ticker/date.,Relative strength versus the benchmark looked mixed. 1-month excess return 20.34%; 3-month excess return 38.35%; 6-month excess return -21.75%.,"Model view: the forward return estimate was mildly negative at about -90.77%. Confidence was not explicitly available for this prediction. Technical state is constructive, with price above the 50-day and 200-day averages. RSI is elevated near 74.1, so chasing strength may add risk. MACD remains on the bullish side. Volatility is elevated at roughly 36.3%. No recent matched news was found for this ticker/date. Relative strength versus the benchmark looked mixed. 1-month excess return 20.34%; 3-month excess return 38.35%; 6-month excess return -21.75%."
2023-08-07,KSS,-3.7755459677944136,-90.44898036739542,,hit,linear_regression,target_5d_return,"Technical state is constructive, with price above the 50-day and 200-day averages. RSI is elevated near 71.5, so chasing strength may add risk. MACD remains on the bullish side. Volatility is elevated at roughly 36.4%.",No recent matched news was found for this ticker/date.,Relative strength versus the benchmark looked mixed. 1-month excess return 16.47%; 3-month excess return 29.53%; 6-month excess return -26.24%.,"Model view: the forward return estimate was mildly negative at about -90.45%. Confidence was not explicitly available for this prediction. Technical state is constructive, with price above the 50-day and 200-day averages. RSI is elevated near 71.5, so chasing strength may add risk. MACD remains on the bullish side. Volatility is elevated at roughly 36.4%. No recent matched news was found for this ticker/date. Relative strength versus the benchmark looked mixed. 1-month excess return 16.47%; 3-month excess return 29.53%; 6-month excess return -26.24%."
2023-08-08,KSS,-4.464599522983215,-88.2952859126664,,hit,linear_regression,target_5d_return,"Technical state is constructive, with price above the 50-day and 200-day averages. MACD remains on the bullish side. Volatility is elevated at roughly 33.7%.",No recent matched news was found for this ticker/date.,Relative strength versus the benchmark looked mixed. 1-month excess return 17.10%; 3-month excess return 31.40%; 6-month excess return -26.09%.,"Model view: the forward return estimate was mildly negative at about -88.30%. Confidence was not explicitly available for this prediction. Technical state is constructive, with price above the 50-day and 200-day averages. MACD remains on the bullish side. Volatility is elevated at roughly 33.7%. No recent matched news was found for this ticker/date. Relative strength versus the benchmark looked mixed. 1-month excess return 17.10%; 3-month excess return 31.40%; 6-month excess return -26.09%."
2023-08-09,KSS,-1.9424425287711156,-82.37825396006392,,hit,linear_regression,target_5d_return,"Technical state is constructive, with price above the 50-day and 200-day averages. RSI is in a steady zone near 59.9. MACD remains on the bearish side. Volatility is elevated at roughly 35.7%.",No recent matched news was found for this ticker/date.,Relative strength versus the benchmark looked mixed. 1-month excess return 9.45%; 3-month excess return 30.31%; 6-month excess return -26.88%.,"Model view: the forward return estimate was mildly negative at about -82.38%. Confidence was not explicitly available for this prediction. Technical state is constructive, with price above the 50-day and 200-day averages. RSI is in a steady zone near 59.9. MACD remains on the bearish side. Volatility is elevated at roughly 35.7%. No recent matched news was found for this ticker/date. Relative strength versus the benchmark looked mixed. 1-month excess return 9.45%; 3-month excess return 30.31%; 6-month excess return -26.88%."
2023-08-10,KSS,-2.476670922258495,-83.55294417145686,,hit,linear_regression,target_5d_return,"Technical state is constructive, with price above the 50-day and 200-day averages. RSI is in a steady zone near 60.3. MACD remains on the bearish side. Volatility is elevated at roughly 35.7%.",No recent matched news was found for this ticker/date.,Relative strength versus the benchmark looked mixed. 1-month excess return 11.57%; 3-month excess return 31.44%; 6-month excess return -24.53%.,"Model view: the forward return estimate was mildly negative at about -83.55%. Confidence was not explicitly available for this prediction. Technical state is constructive, with price above the 50-day and 200-day averages. RSI is in a steady zone near 60.3. MACD remains on the bearish side. Volatility is elevated at roughly 35.7%. No recent matched news was found for this ticker/date. Relative strength versus the benchmark looked mixed. 1-month excess return 11.57%; 3-month excess return 31.44%; 6-month excess return -24.53%."
2023-08-11,KSS,1.0779706715162485,-83.03217306215217,,miss,linear_regression,target_5d_return,"Technical state is constructive, with price above the 50-day and 200-day averages. RSI is in a steady zone near 60.0. MACD remains on the bearish side. Volatility is elevated at roughly 35.3%.",No recent matched news was found for this ticker/date.,Relative strength versus the benchmark looked mixed. 1-month excess return 12.17%; 3-month excess return 29.79%; 6-month excess return -24.02%.,"Model view: the forward return estimate was mildly negative at about -83.03%. Confidence was not explicitly available for this prediction. Technical state is constructive, with price above the 50-day and 200-day averages. RSI is in a steady zone near 60.0. MACD remains on the bearish side. Volatility is elevated at roughly 35.3%. No recent matched news was found for this ticker/date. Relative strength versus the benchmark looked mixed. 1-month excess return 12.17%; 3-month excess return 29.79%; 6-month excess return -24.02%."
2023-08-14,KSS,3.3117352539743017,-82.33105571298941,,miss,linear_regression,target_5d_return,"Technical state is constructive, with price above the 50-day and 200-day averages. RSI is in a steady zone near 59.4. MACD remains on the bearish side. Volatility is elevated at roughly 35.1%.",No recent matched news was found for this ticker/date.,Relative strength versus the benchmark looked mixed. 1-month excess return 12.54%; 3-month excess return 30.93%; 6-month excess return -22.92%.,"Model view: the forward return estimate was mildly negative at about -82.33%. Confidence was not explicitly available for this prediction. Technical state is constructive, with price above the 50-day and 200-day averages. RSI is in a steady zone near 59.4. MACD remains on the bearish side. Volatility is elevated at roughly 35.1%. No recent matched news was found for this ticker/date. Relative strength versus the benchmark looked mixed. 1-month excess return 12.54%; 3-month excess return 30.93%; 6-month excess return -22.92%."
2023-08-15,KSS,-6.060605638565574,-80.47502480258012,,hit,linear_regression,target_5d_return,"Technical state is constructive, with price above the 50-day and 200-day averages. RSI is in a steady zone near 55.1. MACD remains on the bearish side. Volatility is elevated at roughly 35.7%.",No recent matched news was found for this ticker/date.,Relative strength versus the benchmark looked mixed. 1-month excess return 10.43%; 3-month excess return 26.94%; 6-month excess return -24.19%.,"Model view: the forward return estimate was mildly negative at about -80.48%. Confidence was not explicitly available for this prediction. Technical state is constructive, with price above the 50-day and 200-day averages. RSI is in a steady zone near 55.1. MACD remains on the bearish side. Volatility is elevated at roughly 35.7%. No recent matched news was found for this ticker/date. Relative strength versus the benchmark looked mixed. 1-month excess return 10.43%; 3-month excess return 26.94%; 6-month excess return -24.19%."
2023-08-16,KSS,-0.843725386299321,-78.41317358697856,,hit,linear_regression,target_5d_return,"Technical state is constructive, with price above the 50-day and 200-day averages. RSI is in a steady zone near 53.7. MACD remains on the bearish side. Volatility is elevated at roughly 35.3%.",No recent matched news was found for this ticker/date.,Relative strength versus the benchmark looked mixed. 1-month excess return 11.42%; 3-month excess return 33.20%; 6-month excess return -25.31%.,"Model view: the forward return estimate was mildly negative at about -78.41%. Confidence was not explicitly available for this prediction. Technical state is constructive, with price above the 50-day and 200-day averages. RSI is in a steady zone near 53.7. MACD remains on the bearish side. Volatility is elevated at roughly 35.3%. No recent matched news was found for this ticker/date. Relative strength versus the benchmark looked mixed. 1-month excess return 11.42%; 3-month excess return 33.20%; 6-month excess return -25.31%."
2023-08-17,KSS,-5.557601121242994,-80.20398156534836,,hit,linear_regression,target_5d_return,"Technical state is constructive, with price above the 50-day and 200-day averages. RSI is in a steady zone near 52.7. MACD remains on the bearish side. Volatility is elevated at roughly 35.3%.",No recent matched news was found for this ticker/date.,Relative strength versus the benchmark looked mixed. 1-month excess return 9.87%; 3-month excess return 28.27%; 6-month excess return -24.09%.,"Model view: the forward return estimate was mildly negative at about -80.20%. Confidence was not explicitly available for this prediction. Technical state is constructive, with price above the 50-day and 200-day averages. RSI is in a steady zone near 52.7. MACD remains on the bearish side. Volatility is elevated at roughly 35.3%. No recent matched news was found for this ticker/date. Relative strength versus the benchmark looked mixed. 1-month excess return 9.87%; 3-month excess return 28.27%; 6-month excess return -24.09%."
2023-08-18,KSS,-15.108425619605237,-86.99799704223486,,hit,linear_regression,target_5d_return,"Technical state is constructive, with price above the 50-day and 200-day averages. RSI is in a steady zone near 61.0. MACD remains on the bearish side. Volatility is elevated at roughly 36.1%.",No recent matched news was found for this ticker/date.,Relative strength versus the benchmark looked mixed. 1-month excess return 13.27%; 3-month excess return 31.89%; 6-month excess return -20.22%.,"Model view: the forward return estimate was mildly negative at about -87.00%. Confidence was not explicitly available for this prediction. Technical state is constructive, with price above the 50-day and 200-day averages. RSI is in a steady zone near 61.0. MACD remains on the bearish side. Volatility is elevated at roughly 36.1%. No recent matched news was found for this ticker/date. Relative strength versus the benchmark looked mixed. 1-month excess return 13.27%; 3-month excess return 31.89%; 6-month excess return -20.22%."
2023-08-21,KSS,-10.174216023243332,-89.12670590273163,,hit,linear_regression,target_5d_return,"Technical state is constructive, with price above the 50-day and 200-day averages. RSI is in a steady zone near 65.0. MACD remains on the bearish side. Volatility is elevated at roughly 32.6%.",No recent matched news was found for this ticker/date.,Relative strength versus the benchmark looked mixed. 1-month excess return 16.96%; 3-month excess return 46.07%; 6-month excess return -19.39%.,"Model view: the forward return estimate was mildly negative at about -89.13%. Confidence was not explicitly available for this prediction. Technical state is constructive, with price above the 50-day and 200-day averages. RSI is in a steady zone near 65.0. MACD remains on the bearish side. Volatility is elevated at roughly 32.6%. No recent matched news was found for this ticker/date. Relative strength versus the benchmark looked mixed. 1-month excess return 16.96%; 3-month excess return 46.07%; 6-month excess return -19.39%."
2023-08-22,KSS,3.3035382689161397,-68.57929107836966,,miss,linear_regression,target_5d_return,"Technical state is mixed, with price not fully aligned across the major moving averages. MACD remains on the bearish side. Volatility is elevated at roughly 50.3%.",No recent matched news was found for this ticker/date.,Relative strength versus the benchmark looked mixed. 1-month excess return 0.92%; 3-month excess return 27.25%; 6-month excess return -21.68%.,"Model view: the forward return estimate was mildly negative at about -68.58%. Confidence was not explicitly available for this prediction. Technical state is mixed, with price not fully aligned across the major moving averages. MACD remains on the bearish side. Volatility is elevated at roughly 50.3%. No recent matched news was found for this ticker/date. Relative strength versus the benchmark looked mixed. 1-month excess return 0.92%; 3-month excess return 27.25%; 6-month excess return -21.68%."
2023-08-23,KSS,-0.7029246364447572,-78.41074613281606,,hit,linear_regression,target_5d_return,"Technical state is constructive, with price above the 50-day and 200-day averages. MACD remains on the bearish side. Volatility is elevated at roughly 48.4%.",No recent matched news was found for this ticker/date.,Relative strength versus the benchmark looked mixed. 1-month excess return 5.63%; 3-month excess return 33.31%; 6-month excess return -20.02%.,"Model view: the forward return estimate was mildly negative at about -78.41%. Confidence was not explicitly available for this prediction. Technical state is constructive, with price above the 50-day and 200-day averages. MACD remains on the bearish side. Volatility is elevated at roughly 48.4%. No recent matched news was found for this ticker/date. Relative strength versus the benchmark looked mixed. 1-month excess return 5.63%; 3-month excess return 33.31%; 6-month excess return -20.02%."
2023-08-24,KSS,3.8191720501322024,-74.80942591341153,,miss,linear_regression,target_5d_return,"Technical state is soft, with price below the 50-day and 200-day averages. MACD remains on the bearish side. Volatility is elevated at roughly 51.4%.",No recent matched news was found for this ticker/date.,Relative strength versus the benchmark looked weak. 1-month excess return -4.01%; 3-month excess return 17.51%; 6-month excess return -22.08%.,"Model view: the forward return estimate was mildly negative at about -74.81%. Confidence was not explicitly available for this prediction. Technical state is soft, with price below the 50-day and 200-day averages. MACD remains on the bearish side. Volatility is elevated at roughly 51.4%. No recent matched news was found for this ticker/date. Relative strength versus the benchmark looked weak. 1-month excess return -4.01%; 3-month excess return 17.51%; 6-month excess return -22.08%."
2023-08-25,KSS,10.678397127411454,-65.1194685516255,,miss,linear_regression,target_5d_return,"Technical state is soft, with price below the 50-day and 200-day averages. RSI is weak near 35.8. MACD remains on the bearish side. Volatility is elevated at roughly 55.3%.",No recent matched news was found for this ticker/date.,Relative strength versus the benchmark looked weak. 1-month excess return -10.50%; 3-month excess return 15.29%; 6-month excess return -29.25%.,"Model view: the forward return estimate was mildly negative at about -65.12%. Confidence was not explicitly available for this prediction. Technical state is soft, with price below the 50-day and 200-day averages. RSI is weak near 35.8. MACD remains on the bearish side. Volatility is elevated at roughly 55.3%. No recent matched news was found for this ticker/date. Relative strength versus the benchmark looked weak. 1-month excess return -10.50%; 3-month excess return 15.29%; 6-month excess return -29.25%."
2023-08-28,KSS,-2.6377047597521353,-75.5118298909538,,hit,linear_regression,target_5d_return,"Technical state is mixed, with price not fully aligned across the major moving averages. MACD remains on the bearish side. Volatility is elevated at roughly 63.3%.",No recent matched news was found for this ticker/date.,Relative strength versus the benchmark looked weak. 1-month excess return -5.58%; 3-month excess return 23.27%; 6-month excess return -20.58%.,"Model view: the forward return estimate was mildly negative at about -75.51%. Confidence was not explicitly available for this prediction. Technical state is mixed, with price not fully aligned across the major moving averages. MACD remains on the bearish side. Volatility is elevated at roughly 63.3%. No recent matched news was found for this ticker/date. Relative strength versus the benchmark looked weak. 1-month excess return -5.58%; 3-month excess return 23.27%; 6-month excess return -20.58%."
2023-08-29,KSS,-6.6967670871133755,-78.77376706402634,,hit,linear_regression,target_5d_return,"Technical state is constructive, with price above the 50-day and 200-day averages. MACD remains on the bearish side. Volatility is elevated at roughly 64.3%.",No recent matched news was found for this ticker/date.,Relative strength versus the benchmark looked weak. 1-month excess return -4.66%; 3-month excess return 32.99%; 6-month excess return -18.54%.,"Model view: the forward return estimate was mildly negative at about -78.77%. Confidence was not explicitly available for this prediction. Technical state is constructive, with price above the 50-day and 200-day averages. MACD remains on the bearish side. Volatility is elevated at roughly 64.3%. No recent matched news was found for this ticker/date. Relative strength versus the benchmark looked weak. 1-month excess return -4.66%; 3-month excess return 32.99%; 6-month excess return -18.54%."
2023-08-30,KSS,-11.177347179376762,-78.70252277963078,,hit,linear_regression,target_5d_return,"Technical state is constructive, with price above the 50-day and 200-day averages. RSI is in a steady zone near 50.9. MACD remains on the bearish side. Volatility is elevated at roughly 64.4%.",No recent matched news was found for this ticker/date.,Relative strength versus the benchmark looked weak. 1-month excess return -5.41%; 3-month excess return 38.57%; 6-month excess return -16.65%.,"Model view: the forward return estimate was mildly negative at about -78.70%. Confidence was not explicitly available for this prediction. Technical state is constructive, with price above the 50-day and 200-day averages. RSI is in a steady zone near 50.9. MACD remains on the bearish side. Volatility is elevated at roughly 64.4%. No recent matched news was found for this ticker/date. Relative strength versus the benchmark looked weak. 1-month excess return -5.41%; 3-month excess return 38.57%; 6-month excess return -16.65%."
2023-08-31,KSS,-9.196692611572743,-77.82538288409023,,hit,linear_regression,target_5d_return,"Technical state is constructive, with price above the 50-day and 200-day averages. MACD remains on the bearish side. Volatility is elevated at roughly 63.9%.",No recent matched news was found for this ticker/date.,Relative strength versus the benchmark looked weak. 1-month excess return -6.23%; 3-month excess return 41.31%; 6-month excess return -17.57%.,"Model view: the forward return estimate was mildly negative at about -77.83%. Confidence was not explicitly available for this prediction. Technical state is constructive, with price above the 50-day and 200-day averages. MACD remains on the bearish side. Volatility is elevated at roughly 63.9%. No recent matched news was found for this ticker/date. Relative strength versus the benchmark looked weak. 1-month excess return -6.23%; 3-month excess return 41.31%; 6-month excess return -17.57%."
2023-09-01,KSS,-9.685960788434267,-77.83190793792264,,hit,linear_regression,target_5d_return,"Technical state is constructive, with price above the 50-day and 200-day averages. MACD remains on the bearish side. Volatility is elevated at roughly 63.9%.",No recent matched news was found for this ticker/date.,Relative strength versus the benchmark looked weak. 1-month excess return -9.20%; 3-month excess return 24.87%; 6-month excess return -17.10%.,"Model view: the forward return estimate was mildly negative at about -77.83%. Confidence was not explicitly available for this prediction. Technical state is constructive, with price above the 50-day and 200-day averages. MACD remains on the bearish side. Volatility is elevated at roughly 63.9%. No recent matched news was found for this ticker/date. Relative strength versus the benchmark looked weak. 1-month excess return -9.20%; 3-month excess return 24.87%; 6-month excess return -17.10%."
2023-09-05,KSS,-6.573703559576039,-77.74068595664299,,hit,linear_regression,target_5d_return,"Technical state is soft, with price below the 50-day and 200-day averages. MACD remains on the bearish side. Volatility is elevated at roughly 66.0%.",No recent matched news was found for this ticker/date.,Relative strength versus the benchmark looked weak. 1-month excess return -14.36%; 3-month excess return 18.14%; 6-month excess return -19.20%.,"Model view: the forward return estimate was mildly negative at about -77.74%. Confidence was not explicitly available for this prediction. Technical state is soft, with price below the 50-day and 200-day averages. MACD remains on the bearish side. Volatility is elevated at roughly 66.0%. No recent matched news was found for this ticker/date. Relative strength versus the benchmark looked weak. 1-month excess return -14.36%; 3-month excess return 18.14%; 6-month excess return -19.20%."
2023-09-06,KSS,-9.475800590385951,-75.19255102992076,,hit,linear_regression,target_5d_return,"Technical state is soft, with price below the 50-day and 200-day averages. MACD remains on the bearish side. Volatility is elevated at roughly 66.0%.",No recent matched news was found for this ticker/date.,Relative strength versus the benchmark looked weak. 1-month excess return -13.12%; 3-month excess return 8.83%; 6-month excess return -21.10%.,"Model view: the forward return estimate was mildly negative at about -75.19%. Confidence was not explicitly available for this prediction. Technical state is soft, with price below the 50-day and 200-day averages. MACD remains on the bearish side. Volatility is elevated at roughly 66.0%. No recent matched news was found for this ticker/date. Relative strength versus the benchmark looked weak. 1-month excess return -13.12%; 3-month excess return 8.83%; 6-month excess return -21.10%."
2023-09-07,KSS,-4.53020099326139,-70.1016546081778,,hit,linear_regression,target_5d_return,"Technical state is soft, with price below the 50-day and 200-day averages. RSI is weak near 37.7. MACD remains on the bearish side. Volatility is elevated at roughly 66.5%.",No recent matched news was found for this ticker/date.,Relative strength versus the benchmark looked weak. 1-month excess return -16.01%; 3-month excess return 4.12%; 6-month excess return -23.40%.,"Model view: the forward return estimate was mildly negative at about -70.10%. Confidence was not explicitly available for this prediction. Technical state is soft, with price below the 50-day and 200-day averages. RSI is weak near 37.7. MACD remains on the bearish side. Volatility is elevated at roughly 66.5%. No recent matched news was found for this ticker/date. Relative strength versus the benchmark looked weak. 1-month excess return -16.01%; 3-month excess return 4.12%; 6-month excess return -23.40%."
2023-09-08,KSS,-5.746181340674461,-72.06230746282706,,hit,linear_regression,target_5d_return,"Technical state is soft, with price below the 50-day and 200-day averages. RSI is weak near 39.9. MACD remains on the bearish side. Volatility is elevated at roughly 66.8%.",No recent matched news was found for this ticker/date.,Relative strength versus the benchmark looked weak. 1-month excess return -12.95%; 3-month excess return 5.85%; 6-month excess return -21.58%.,"Model view: the forward return estimate was mildly negative at about -72.06%. Confidence was not explicitly available for this prediction. Technical state is soft, with price below the 50-day and 200-day averages. RSI is weak near 39.9. MACD remains on the bearish side. Volatility is elevated at roughly 66.8%. No recent matched news was found for this ticker/date. Relative strength versus the benchmark looked weak. 1-month excess return -12.95%; 3-month excess return 5.85%; 6-month excess return -21.58%."
2023-09-11,KSS,-10.180143358779292,-69.61004995028316,,hit,linear_regression,target_5d_return,"Technical state is soft, with price below the 50-day and 200-day averages. RSI is weak near 38.6. MACD remains on the bearish side. Volatility is elevated at roughly 66.8%.",No recent matched news was found for this ticker/date.,Relative strength versus the benchmark looked weak. 1-month excess return -14.88%; 3-month excess return 3.89%; 6-month excess return -20.05%.,"Model view: the forward return estimate was mildly negative at about -69.61%. Confidence was not explicitly available for this prediction. Technical state is soft, with price below the 50-day and 200-day averages. RSI is weak near 38.6. MACD remains on the bearish side. Volatility is elevated at roughly 66.8%. No recent matched news was found for this ticker/date. Relative strength versus the benchmark looked weak. 1-month excess return -14.88%; 3-month excess return 3.89%; 6-month excess return -20.05%."
2023-09-12,KSS,-6.950963816987588,-70.48727451606261,,hit,linear_regression,target_5d_return,"Technical state is soft, with price below the 50-day and 200-day averages. RSI is weak near 36.9. MACD remains on the bearish side. Volatility is elevated at roughly 66.9%.",No recent matched news was found for this ticker/date.,Relative strength versus the benchmark looked weak. 1-month excess return -15.85%; 3-month excess return -2.73%; 6-month excess return -13.00%.,"Model view: the forward return estimate was mildly negative at about -70.49%. Confidence was not explicitly available for this prediction. Technical state is soft, with price below the 50-day and 200-day averages. RSI is weak near 36.9. MACD remains on the bearish side. Volatility is elevated at roughly 66.9%. No recent matched news was found for this ticker/date. Relative strength versus the benchmark looked weak. 1-month excess return -15.85%; 3-month excess return -2.73%; 6-month excess return -13.00%."
2023-09-13,KSS,-5.033412159079498,-64.13941543943368,,hit,linear_regression,target_5d_return,"Technical state is soft, with price below the 50-day and 200-day averages. RSI is weak near 33.1. MACD remains on the bearish side. Volatility is elevated at roughly 68.0%.",No recent matched news was found for this ticker/date.,Relative strength versus the benchmark looked weak. 1-month excess return -18.85%; 3-month excess return -5.82%; 6-month excess return -13.28%.,"Model view: the forward return estimate was mildly negative at about -64.14%. Confidence was not explicitly available for this prediction. Technical state is soft, with price below the 50-day and 200-day averages. RSI is weak near 33.1. MACD remains on the bearish side. Volatility is elevated at roughly 68.0%. No recent matched news was found for this ticker/date. Relative strength versus the benchmark looked weak. 1-month excess return -18.85%; 3-month excess return -5.82%; 6-month excess return -13.28%."
2023-09-14,KSS,-8.172234585442894,-67.67092581700417,,hit,linear_regression,target_5d_return,"Technical state is soft, with price below the 50-day and 200-day averages. RSI is weak near 35.3. MACD remains on the bearish side. Volatility is elevated at roughly 68.5%.",No recent matched news was found for this ticker/date.,Relative strength versus the benchmark looked weak. 1-month excess return -18.60%; 3-month excess return -4.49%; 6-month excess return -17.55%.,"Model view: the forward return estimate was mildly negative at about -67.67%. Confidence was not explicitly available for this prediction. Technical state is soft, with price below the 50-day and 200-day averages. RSI is weak near 35.3. MACD remains on the bearish side. Volatility is elevated at roughly 68.5%. No recent matched news was found for this ticker/date. Relative strength versus the benchmark looked weak. 1-month excess return -18.60%; 3-month excess return -4.49%; 6-month excess return -17.55%."
2023-09-15,KSS,-9.736839419476674,-68.0422248683298,,hit,linear_regression,target_5d_return,"Technical state is soft, with price below the 50-day and 200-day averages. RSI is weak near 35.6. MACD remains on the bearish side. Volatility is elevated at roughly 68.6%.",No recent matched news was found for this ticker/date.,Relative strength versus the benchmark looked weak. 1-month excess return -17.54%; 3-month excess return -4.37%; 6-month excess return -14.19%.,"Model view: the forward return estimate was mildly negative at about -68.04%. Confidence was not explicitly available for this prediction. Technical state is soft, with price below the 50-day and 200-day averages. RSI is weak near 35.6. MACD remains on the bearish side. Volatility is elevated at roughly 68.6%. No recent matched news was found for this ticker/date. Relative strength versus the benchmark looked weak. 1-month excess return -17.54%; 3-month excess return -4.37%; 6-month excess return -14.19%."
2023-09-18,KSS,-4.197759310223037,-58.72542853875048,,hit,linear_regression,target_5d_return,"Technical state is soft, with price below the 50-day and 200-day averages. RSI is weak near 30.5. MACD remains on the bearish side. Volatility is elevated at roughly 68.9%.",No recent matched news was found for this ticker/date.,Relative strength versus the benchmark looked weak. 1-month excess return -23.20%; 3-month excess return -8.04%; 6-month excess return -21.41%.,"Model view: the forward return estimate was mildly negative at about -58.73%. Confidence was not explicitly available for this prediction. Technical state is soft, with price below the 50-day and 200-day averages. RSI is weak near 30.5. MACD remains on the bearish side. Volatility is elevated at roughly 68.9%. No recent matched news was found for this ticker/date. Relative strength versus the benchmark looked weak. 1-month excess return -23.20%; 3-month excess return -8.04%; 6-month excess return -21.41%."
2023-09-19,KSS,-9.165902969624728,-61.75497907789379,,hit,linear_regression,target_5d_return,"Technical state is soft, with price below the 50-day and 200-day averages. RSI is weak near 33.4. MACD remains on the bearish side. Volatility is elevated at roughly 68.8%.",No recent matched news was found for this ticker/date.,Relative strength versus the benchmark looked weak. 1-month excess return -24.25%; 3-month excess return -4.65%; 6-month excess return -16.76%.,"Model view: the forward return estimate was mildly negative at about -61.75%. Confidence was not explicitly available for this prediction. Technical state is soft, with price below the 50-day and 200-day averages. RSI is weak near 33.4. MACD remains on the bearish side. Volatility is elevated at roughly 68.8%. No recent matched news was found for this ticker/date. Relative strength versus the benchmark looked weak. 1-month excess return -24.25%; 3-month excess return -4.65%; 6-month excess return -16.76%."
2023-09-20,KSS,-8.348962498948808,-58.42548867622544,,hit,linear_regression,target_5d_return,"Technical state is soft, with price below the 50-day and 200-day averages. RSI is weak near 31.5. MACD remains on the bearish side. Volatility is elevated at roughly 60.1%.",No recent matched news was found for this ticker/date.,Relative strength versus the benchmark looked weak. 1-month excess return -25.91%; 3-month excess return -4.89%; 6-month excess return -17.63%.,"Model view: the forward return estimate was mildly negative at about -58.43%. Confidence was not explicitly available for this prediction. Technical state is soft, with price below the 50-day and 200-day averages. RSI is weak near 31.5. MACD remains on the bearish side. Volatility is elevated at roughly 60.1%. No recent matched news was found for this ticker/date. Relative strength versus the benchmark looked weak. 1-month excess return -25.91%; 3-month excess return -4.89%; 6-month excess return -17.63%."
2023-09-21,KSS,-3.827747615608834,-54.840269506137545,,hit,linear_regression,target_5d_return,"Technical state is soft, with price below the 50-day and 200-day averages. RSI is weak near 30.0. MACD remains on the bearish side. Volatility is elevated at roughly 55.9%.",No recent matched news was found for this ticker/date.,Relative strength versus the benchmark looked weak. 1-month excess return -17.61%; 3-month excess return -2.65%; 6-month excess return -15.76%.,"Model view: the forward return estimate was mildly negative at about -54.84%. Confidence was not explicitly available for this prediction. Technical state is soft, with price below the 50-day and 200-day averages. RSI is weak near 30.0. MACD remains on the bearish side. Volatility is elevated at roughly 55.9%. No recent matched news was found for this ticker/date. Relative strength versus the benchmark looked weak. 1-month excess return -17.61%; 3-month excess return -2.65%; 6-month excess return -15.76%."
2023-09-22,KSS,1.8464487957984943,-52.01492065046473,,miss,linear_regression,target_5d_return,"Technical state is soft, with price below the 50-day and 200-day averages. RSI is weak near 28.9. MACD remains on the bearish side. Volatility is elevated at roughly 54.1%.",No recent matched news was found for this ticker/date.,Relative strength versus the benchmark looked weak. 1-month excess return -21.41%; 3-month excess return -3.39%; 6-month excess return -14.45%.,"Model view: the forward return estimate was mildly negative at about -52.01%. Confidence was not explicitly available for this prediction. Technical state is soft, with price below the 50-day and 200-day averages. RSI is weak near 28.9. MACD remains on the bearish side. Volatility is elevated at roughly 54.1%. No recent matched news was found for this ticker/date. Relative strength versus the benchmark looked weak. 1-month excess return -21.41%; 3-month excess return -3.39%; 6-month excess return -14.45%."
2023-09-25,KSS,0.34079694111066594,-54.175094024487365,,miss,linear_regression,target_5d_return,"Technical state is soft, with price below the 50-day and 200-day averages. RSI is weak near 28.7. MACD remains on the bearish side. Volatility is elevated at roughly 49.4%.",No recent matched news was found for this ticker/date.,Relative strength versus the benchmark looked weak. 1-month excess return -19.22%; 3-month excess return -6.24%; 6-month excess return -14.02%.,"Model view: the forward return estimate was mildly negative at about -54.18%. Confidence was not explicitly available for this prediction. Technical state is soft, with price below the 50-day and 200-day averages. RSI is weak near 28.7. MACD remains on the bearish side. Volatility is elevated at roughly 49.4%. No recent matched news was found for this ticker/date. Relative strength versus the benchmark looked weak. 1-month excess return -19.22%; 3-month excess return -6.24%; 6-month excess return -14.02%."
2023-09-26,KSS,-0.1009104847206177,-50.36120162254436,,hit,linear_regression,target_5d_return,"Technical state is soft, with price below the 50-day and 200-day averages. RSI is weak near 26.1. MACD remains on the bearish side. Volatility is elevated at roughly 38.3%.",No recent matched news was found for this ticker/date.,Relative strength versus the benchmark looked weak. 1-month excess return -14.17%; 3-month excess return -10.22%; 6-month excess return -16.48%.,"Model view: the forward return estimate was mildly negative at about -50.36%. Confidence was not explicitly available for this prediction. Technical state is soft, with price below the 50-day and 200-day averages. RSI is weak near 26.1. MACD remains on the bearish side. Volatility is elevated at roughly 38.3%. No recent matched news was found for this ticker/date. Relative strength versus the benchmark looked weak. 1-month excess return -14.17%; 3-month excess return -10.22%; 6-month excess return -16.48%."
2023-09-27,KSS,3.5312108207767867,-48.78722209202449,,miss,linear_regression,target_5d_return,"Technical state is soft, with price below the 50-day and 200-day averages. RSI is weak near 25.2. MACD remains on the bearish side. Volatility is elevated at roughly 34.6%.",No recent matched news was found for this ticker/date.,Relative strength versus the benchmark looked weak. 1-month excess return -20.76%; 3-month excess return -11.05%; 6-month excess return -18.31%.,"Model view: the forward return estimate was mildly negative at about -48.79%. Confidence was not explicitly available for this prediction. Technical state is soft, with price below the 50-day and 200-day averages. RSI is weak near 25.2. MACD remains on the bearish side. Volatility is elevated at roughly 34.6%. No recent matched news was found for this ticker/date. Relative strength versus the benchmark looked weak. 1-month excess return -20.76%; 3-month excess return -11.05%; 6-month excess return -18.31%."
2023-09-28,KSS,-7.164181625514587,-53.76210346383557,,hit,linear_regression,target_5d_return,"Technical state is soft, with price below the 50-day and 200-day averages. RSI is weak near 30.6. MACD remains on the bearish side. Volatility is elevated at roughly 37.0%.",No recent matched news was found for this ticker/date.,Relative strength versus the benchmark looked weak. 1-month excess return -19.77%; 3-month excess return -10.75%; 6-month excess return -15.61%.,"Model view: the forward return estimate was mildly negative at about -53.76%. Confidence was not explicitly available for this prediction. Technical state is soft, with price below the 50-day and 200-day averages. RSI is weak near 30.6. MACD remains on the bearish side. Volatility is elevated at roughly 37.0%. No recent matched news was found for this ticker/date. Relative strength versus the benchmark looked weak. 1-month excess return -19.77%; 3-month excess return -10.75%; 6-month excess return -15.61%."
2023-09-29,KSS,-10.782435211113295,-59.226829116646414,,hit,linear_regression,target_5d_return,"Technical state is soft, with price below the 50-day and 200-day averages. RSI is weak near 38.0. MACD remains on the bearish side. Volatility is elevated at roughly 42.1%.",No recent matched news was found for this ticker/date.,Relative strength versus the benchmark looked weak. 1-month excess return -16.68%; 3-month excess return -5.49%; 6-month excess return -14.27%.,"Model view: the forward return estimate was mildly negative at about -59.23%. Confidence was not explicitly available for this prediction. Technical state is soft, with price below the 50-day and 200-day averages. RSI is weak near 38.0. MACD remains on the bearish side. Volatility is elevated at roughly 42.1%. No recent matched news was found for this ticker/date. Relative strength versus the benchmark looked weak. 1-month excess return -16.68%; 3-month excess return -5.49%; 6-month excess return -14.27%."
2023-10-02,KSS,-10.237751323946076,-61.636602376362546,,hit,linear_regression,target_5d_return,"Technical state is soft, with price below the 50-day and 200-day averages. RSI is weak near 36.3. MACD remains on the bearish side. Volatility is elevated at roughly 42.1%.",No recent matched news was found for this ticker/date.,Relative strength versus the benchmark looked weak. 1-month excess return -17.52%; 3-month excess return -12.11%; 6-month excess return -16.86%.,"Model view: the forward return estimate was mildly negative at about -61.64%. Confidence was not explicitly available for this prediction. Technical state is soft, with price below the 50-day and 200-day averages. RSI is weak near 36.3. MACD remains on the bearish side. Volatility is elevated at roughly 42.1%. No recent matched news was found for this ticker/date. Relative strength versus the benchmark looked weak. 1-month excess return -17.52%; 3-month excess return -12.11%; 6-month excess return -16.86%."
2023-10-03,KSS,-3.3333326911283767,-56.48070055496716,,hit,linear_regression,target_5d_return,"Technical state is soft, with price below the 50-day and 200-day averages. RSI is weak near 32.7. MACD remains on the bearish side. Volatility is elevated at roughly 41.0%.",No recent matched news was found for this ticker/date.,Relative strength versus the benchmark looked weak. 1-month excess return -18.50%; 3-month excess return -12.99%; 6-month excess return -19.76%.,"Model view: the forward return estimate was mildly negative at about -56.48%. Confidence was not explicitly available for this prediction. Technical state is soft, with price below the 50-day and 200-day averages. RSI is weak near 32.7. MACD remains on the bearish side. Volatility is elevated at roughly 41.0%. No recent matched news was found for this ticker/date. Relative strength versus the benchmark looked weak. 1-month excess return -18.50%; 3-month excess return -12.99%; 6-month excess return -19.76%."
2023-10-04,KSS,-6.178942304918211,-59.89014263276131,,hit,linear_regression,target_5d_return,"Technical state is soft, with price below the 50-day and 200-day averages. RSI is weak near 36.3. MACD remains on the bullish side. Volatility is elevated at roughly 42.6%.",No recent matched news was found for this ticker/date.,Relative strength versus the benchmark looked weak. 1-month excess return -13.91%; 3-month excess return -11.85%; 6-month excess return -19.69%.,"Model view: the forward return estimate was mildly negative at about -59.89%. Confidence was not explicitly available for this prediction. Technical state is soft, with price below the 50-day and 200-day averages. RSI is weak near 36.3. MACD remains on the bullish side. Volatility is elevated at roughly 42.6%. No recent matched news was found for this ticker/date. Relative strength versus the benchmark looked weak. 1-month excess return -13.91%; 3-month excess return -11.85%; 6-month excess return -19.69%."
2023-10-05,KSS,-1.018223663511808,-50.53875155700719,,hit,linear_regression,target_5d_return,"Technical state is soft, with price below the 50-day and 200-day averages. RSI is weak near 29.9. MACD remains on the bearish side. Volatility is elevated at roughly 48.0%.",No recent matched news was found for this ticker/date.,Relative strength versus the benchmark looked weak. 1-month excess return -19.85%; 3-month excess return -19.70%; 6-month excess return -21.54%.,"Model view: the forward return estimate was mildly negative at about -50.54%. Confidence was not explicitly available for this prediction. Technical state is soft, with price below the 50-day and 200-day averages. RSI is weak near 29.9. MACD remains on the bearish side. Volatility is elevated at roughly 48.0%. No recent matched news was found for this ticker/date. Relative strength versus the benchmark looked weak. 1-month excess return -19.85%; 3-month excess return -19.70%; 6-month excess return -21.54%."
2023-10-06,KSS,-4.812842188020506,-52.76211812714105,,hit,linear_regression,target_5d_return,"Technical state is soft, with price below the 50-day and 200-day averages. RSI is weak near 30.3. MACD remains on the bearish side. Volatility is elevated at roughly 47.3%.",No recent matched news was found for this ticker/date.,Relative strength versus the benchmark looked weak. 1-month excess return -18.07%; 3-month excess return -19.95%; 6-month excess return -22.43%.,"Model view: the forward return estimate was mildly negative at about -52.76%. Confidence was not explicitly available for this prediction. Technical state is soft, with price below the 50-day and 200-day averages. RSI is weak near 30.3. MACD remains on the bearish side. Volatility is elevated at roughly 47.3%. No recent matched news was found for this ticker/date. Relative strength versus the benchmark looked weak. 1-month excess return -18.07%; 3-month excess return -19.95%; 6-month excess return -22.43%."
2023-10-09,KSS,3.24324530524176,-53.50563830449967,,miss,linear_regression,target_5d_return,"Technical state is soft, with price below the 50-day and 200-day averages. RSI is weak near 29.5. MACD remains on the bearish side. Volatility is elevated at roughly 47.3%.",No recent matched news was found for this ticker/date.,Relative strength versus the benchmark looked weak. 1-month excess return -20.54%; 3-month excess return -24.37%; 6-month excess return -27.93%.,"Model view: the forward return estimate was mildly negative at about -53.51%. Confidence was not explicitly available for this prediction. Technical state is soft, with price below the 50-day and 200-day averages. RSI is weak near 29.5. MACD remains on the bearish side. Volatility is elevated at roughly 47.3%. No recent matched news was found for this ticker/date. Relative strength versus the benchmark looked weak. 1-month excess return -20.54%; 3-month excess return -24.37%; 6-month excess return -27.93%."
2023-10-10,KSS,7.836990845523495,-59.24123785650143,,miss,linear_regression,target_5d_return,"Technical state is soft, with price below the 50-day and 200-day averages. RSI is weak near 35.1. MACD remains on the bearish side. Volatility is elevated at roughly 50.1%.",No recent matched news was found for this ticker/date.,Relative strength versus the benchmark looked weak. 1-month excess return -16.70%; 3-month excess return -20.78%; 6-month excess return -27.01%.,"Model view: the forward return estimate was mildly negative at about -59.24%. Confidence was not explicitly available for this prediction. Technical state is soft, with price below the 50-day and 200-day averages. RSI is weak near 35.1. MACD remains on the bearish side. Volatility is elevated at roughly 50.1%. No recent matched news was found for this ticker/date. Relative strength versus the benchmark looked weak. 1-month excess return -16.70%; 3-month excess return -20.78%; 6-month excess return -27.01%."
2023-10-11,KSS,10.063223885552652,-58.431880099100866,,miss,linear_regression,target_5d_return,"Technical state is soft, with price below the 50-day and 200-day averages. RSI is weak near 34.4. MACD remains on the bullish side. Volatility is elevated at roughly 48.5%.",No recent matched news was found for this ticker/date.,Relative strength versus the benchmark looked weak. 1-month excess return -16.88%; 3-month excess return -21.16%; 6-month excess return -24.78%.,"Model view: the forward return estimate was mildly negative at about -58.43%. Confidence was not explicitly available for this prediction. Technical state is soft, with price below the 50-day and 200-day averages. RSI is weak near 34.4. MACD remains on the bullish side. Volatility is elevated at roughly 48.5%. No recent matched news was found for this ticker/date. Relative strength versus the benchmark looked weak. 1-month excess return -16.88%; 3-month excess return -21.16%; 6-month excess return -24.78%."
2023-10-12,KSS,12.560918724536197,-55.45145592064371,,miss,linear_regression,target_5d_return,"Technical state is soft, with price below the 50-day and 200-day averages. RSI is weak near 32.1. MACD remains on the bullish side. Volatility is elevated at roughly 48.3%.",No recent matched news was found for this ticker/date.,Relative strength versus the benchmark looked weak. 1-month excess return -14.85%; 3-month excess return -21.89%; 6-month excess return -24.32%.,"Model view: the forward return estimate was mildly negative at about -55.45%. Confidence was not explicitly available for this prediction. Technical state is soft, with price below the 50-day and 200-day averages. RSI is weak near 32.1. MACD remains on the bullish side. Volatility is elevated at roughly 48.3%. No recent matched news was found for this ticker/date. Relative strength versus the benchmark looked weak. 1-month excess return -14.85%; 3-month excess return -21.89%; 6-month excess return -24.32%."
2023-10-13,KSS,19.606751843002492,-49.42276482118025,,miss,linear_regression,target_5d_return,"Technical state is soft, with price below the 50-day and 200-day averages. RSI is weak near 29.3. MACD remains on the bearish side. Volatility is elevated at roughly 48.9%.",No recent matched news was found for this ticker/date.,Relative strength versus the benchmark looked weak. 1-month excess return -17.57%; 3-month excess return -25.07%; 6-month excess return -28.47%.,"Model view: the forward return estimate was mildly negative at about -49.42%. Confidence was not explicitly available for this prediction. Technical state is soft, with price below the 50-day and 200-day averages. RSI is weak near 29.3. MACD remains on the bearish side. Volatility is elevated at roughly 48.9%. No recent matched news was found for this ticker/date. Relative strength versus the benchmark looked weak. 1-month excess return -17.57%; 3-month excess return -25.07%; 6-month excess return -28.47%."
2023-10-16,KSS,10.89005173907751,0.31185870387603665,,hit,linear_regression,target_5d_return,"Technical state is soft, with price below the 50-day and 200-day averages. MACD remains on the bullish side. Volatility is elevated at roughly 54.1%.",No recent matched news was found for this ticker/date.,Relative strength versus the benchmark looked weak. 1-month excess return -14.23%; 3-month excess return -20.16%; 6-month excess return -23.50%.,"Model view: the forward return estimate was mildly positive at about 0.31%. Confidence was not explicitly available for this prediction. Technical state is soft, with price below the 50-day and 200-day averages. MACD remains on the bullish side. Volatility is elevated at roughly 54.1%. No recent matched news was found for this ticker/date. Relative strength versus the benchmark looked weak. 1-month excess return -14.23%; 3-month excess return -20.16%; 6-month excess return -23.50%."
2023-10-17,KSS,7.655038616418142,-1.8038367084450515,,miss,linear_regression,target_5d_return,"Technical state is soft, with price below the 50-day and 200-day averages. MACD remains on the bullish side. Volatility is elevated at roughly 61.7%.",No recent matched news was found for this ticker/date.,Relative strength versus the benchmark looked weak. 1-month excess return -1.63%; 3-month excess return -15.50%; 6-month excess return -16.68%.,"Model view: the forward return estimate was mildly negative at about -1.80%. Confidence was not explicitly available for this prediction. Technical state is soft, with price below the 50-day and 200-day averages. MACD remains on the bullish side. Volatility is elevated at roughly 61.7%. No recent matched news was found for this ticker/date. Relative strength versus the benchmark looked weak. 1-month excess return -1.63%; 3-month excess return -15.50%; 6-month excess return -16.68%."
2023-10-18,KSS,6.031595336025708,-1.2737912845803168,,miss,linear_regression,target_5d_return,"Technical state is soft, with price below the 50-day and 200-day averages. RSI is in a steady zone near 51.4. MACD remains on the bullish side. Volatility is elevated at roughly 61.4%.",No recent matched news was found for this ticker/date.,Relative strength versus the benchmark looked weak. 1-month excess return -1.04%; 3-month excess return -13.58%; 6-month excess return -14.78%.,"Model view: the forward return estimate was mildly negative at about -1.27%. Confidence was not explicitly available for this prediction. Technical state is soft, with price below the 50-day and 200-day averages. RSI is in a steady zone near 51.4. MACD remains on the bullish side. Volatility is elevated at roughly 61.4%. No recent matched news was found for this ticker/date. Relative strength versus the benchmark looked weak. 1-month excess return -1.04%; 3-month excess return -13.58%; 6-month excess return -14.78%."
2023-10-19,KSS,7.455503457447676,3.380835087117829,,hit,linear_regression,target_5d_return,"Technical state is soft, with price below the 50-day and 200-day averages. RSI is in a steady zone near 50.8. MACD remains on the bullish side. Volatility is elevated at roughly 61.0%.",No recent matched news was found for this ticker/date.,Relative strength versus the benchmark looked weak. 1-month excess return 0.65%; 3-month excess return -11.63%; 6-month excess return -13.72%.,"Model view: the forward return estimate was mildly positive at about 3.38%. Confidence was not explicitly available for this prediction. Technical state is soft, with price below the 50-day and 200-day averages. RSI is in a steady zone near 50.8. MACD remains on the bullish side. Volatility is elevated at roughly 61.0%. No recent matched news was found for this ticker/date. Relative strength versus the benchmark looked weak. 1-month excess return 0.65%; 3-month excess return -11.63%; 6-month excess return -13.72%."
2023-10-20,KSS,2.4424543356209583,1.407617129128282,,hit,linear_regression,target_5d_return,"Technical state is soft, with price below the 50-day and 200-day averages. RSI is in a steady zone near 53.7. MACD remains on the bullish side. Volatility is elevated at roughly 61.3%.",No recent matched news was found for this ticker/date.,Relative strength versus the benchmark looked weak. 1-month excess return 4.61%; 3-month excess return -12.15%; 6-month excess return -10.29%.,"Model view: the forward return estimate was mildly positive at about 1.41%. Confidence was not explicitly available for this prediction. Technical state is soft, with price below the 50-day and 200-day averages. RSI is in a steady zone near 53.7. MACD remains on the bullish side. Volatility is elevated at roughly 61.3%. No recent matched news was found for this ticker/date. Relative strength versus the benchmark looked weak. 1-month excess return 4.61%; 3-month excess return -12.15%; 6-month excess return -10.29%."
2023-10-23,KSS,3.8715754627436594,2.367871728454047,,hit,linear_regression,target_5d_return,"Technical state is soft, with price below the 50-day and 200-day averages. RSI is in a steady zone near 53.0. MACD remains on the bullish side. Volatility is elevated at roughly 61.3%.",No recent matched news was found for this ticker/date.,Relative strength versus the benchmark looked weak. 1-month excess return 5.60%; 3-month excess return -11.70%; 6-month excess return -9.74%.,"Model view: the forward return estimate was mildly positive at about 2.37%. Confidence was not explicitly available for this prediction. Technical state is soft, with price below the 50-day and 200-day averages. RSI is in a steady zone near 53.0. MACD remains on the bullish side. Volatility is elevated at roughly 61.3%. No recent matched news was found for this ticker/date. Relative strength versus the benchmark looked weak. 1-month excess return 5.60%; 3-month excess return -11.70%; 6-month excess return -9.74%."
2023-10-24,KSS,1.4851482173886543,1.6544612620210146,,hit,linear_regression,target_5d_return,"Technical state is soft, with price below the 50-day and 200-day averages. RSI is in a steady zone near 58.8. MACD remains on the bullish side. Volatility is elevated at roughly 61.8%.",No recent matched news was found for this ticker/date.,Relative strength versus the benchmark looked weak. 1-month excess return 10.54%; 3-month excess return -13.38%; 6-month excess return -0.68%.,"Model view: the forward return estimate was mildly positive at about 1.65%. Confidence was not explicitly available for this prediction. Technical state is soft, with price below the 50-day and 200-day averages. RSI is in a steady zone near 58.8. MACD remains on the bullish side. Volatility is elevated at roughly 61.8%. No recent matched news was found for this ticker/date. Relative strength versus the benchmark looked weak. 1-month excess return 10.54%; 3-month excess return -13.38%; 6-month excess return -0.68%."
2023-10-25,KSS,0.993233519151282,0.1574881597754315,,hit,linear_regression,target_5d_return,"Technical state is soft, with price below the 50-day and 200-day averages. RSI is in a steady zone near 58.3. MACD remains on the bullish side. Volatility is elevated at roughly 61.4%.",No recent matched news was found for this ticker/date.,Relative strength versus the benchmark looked weak. 1-month excess return 14.06%; 3-month excess return -11.85%; 6-month excess return -0.42%.,"Model view: the forward return estimate was mildly positive at about 0.16%. Confidence was not explicitly available for this prediction. Technical state is soft, with price below the 50-day and 200-day averages. RSI is in a steady zone near 58.3. MACD remains on the bullish side. Volatility is elevated at roughly 61.4%. No recent matched news was found for this ticker/date. Relative strength versus the benchmark looked weak. 1-month excess return 14.06%; 3-month excess return -11.85%; 6-month excess return -0.42%."
2023-10-26,KSS,5.684872198250868,1.6186381698047563,,hit,linear_regression,target_5d_return,"Technical state is soft, with price below the 50-day and 200-day averages. RSI is in a steady zone near 59.4. MACD remains on the bullish side. Volatility is elevated at roughly 60.9%.",No recent matched news was found for this ticker/date.,Relative strength versus the benchmark looked mixed. 1-month excess return 17.86%; 3-month excess return -11.13%; 6-month excess return 0.58%.,"Model view: the forward return estimate was mildly positive at about 1.62%. Confidence was not explicitly available for this prediction. Technical state is soft, with price below the 50-day and 200-day averages. RSI is in a steady zone near 59.4. MACD remains on the bullish side. Volatility is elevated at roughly 60.9%. No recent matched news was found for this ticker/date. Relative strength versus the benchmark looked mixed. 1-month excess return 17.86%; 3-month excess return -11.13%; 6-month excess return 0.58%."
2023-10-27,KSS,12.379646167143044,1.8095240966398216,,hit,linear_regression,target_5d_return,"Technical state is soft, with price below the 50-day and 200-day averages. RSI is in a steady zone near 55.1. MACD remains on the bullish side. Volatility is elevated at roughly 60.1%.",No recent matched news was found for this ticker/date.,Relative strength versus the benchmark looked mixed. 1-month excess return 12.65%; 3-month excess return -13.03%; 6-month excess return 0.24%.,"Model view: the forward return estimate was mildly positive at about 1.81%. Confidence was not explicitly available for this prediction. Technical state is soft, with price below the 50-day and 200-day averages. RSI is in a steady zone near 55.1. MACD remains on the bullish side. Volatility is elevated at roughly 60.1%. No recent matched news was found for this ticker/date. Relative strength versus the benchmark looked mixed. 1-month excess return 12.65%; 3-month excess return -13.03%; 6-month excess return 0.24%."
2023-10-30,KSS,12.590911171653051,1.203699870221913,,hit,linear_regression,target_5d_return,"Technical state is soft, with price below the 50-day and 200-day averages. RSI is in a steady zone near 56.3. MACD remains on the bullish side. Volatility is elevated at roughly 59.7%.",No recent matched news was found for this ticker/date.,Relative strength versus the benchmark looked mixed. 1-month excess return 7.72%; 3-month excess return -14.51%; 6-month excess return 2.40%.,"Model view: the forward return estimate was mildly positive at about 1.20%. Confidence was not explicitly available for this prediction. Technical state is soft, with price below the 50-day and 200-day averages. RSI is in a steady zone near 56.3. MACD remains on the bullish side. Volatility is elevated at roughly 59.7%. No recent matched news was found for this ticker/date. Relative strength versus the benchmark looked mixed. 1-month excess return 7.72%; 3-month excess return -14.51%; 6-month excess return 2.40%."
2023-10-31,KSS,7.982266985849429,1.880099005999869,,hit,linear_regression,target_5d_return,"Technical state is mixed, with price not fully aligned across the major moving averages. RSI is in a steady zone near 59.7. MACD remains on the bullish side. Volatility is elevated at roughly 57.9%.",No recent matched news was found for this ticker/date.,Relative strength versus the benchmark looked mixed. 1-month excess return 11.58%; 3-month excess return -13.46%; 6-month excess return 6.60%.,"Model view: the forward return estimate was mildly positive at about 1.88%. Confidence was not explicitly available for this prediction. Technical state is mixed, with price not fully aligned across the major moving averages. RSI is in a steady zone near 59.7. MACD remains on the bullish side. Volatility is elevated at roughly 57.9%. No recent matched news was found for this ticker/date. Relative strength versus the benchmark looked mixed. 1-month excess return 11.58%; 3-month excess return -13.46%; 6-month excess return 6.60%."
2023-11-01,KSS,6.750104000375834,0.3675621191337536,,hit,linear_regression,target_5d_return,"Technical state is mixed, with price not fully aligned across the major moving averages. RSI is in a steady zone near 58.1. MACD remains on the bullish side. Volatility is elevated at roughly 57.9%.",No recent matched news was found for this ticker/date.,Relative strength versus the benchmark looked mixed. 1-month excess return 12.72%; 3-month excess return -16.86%; 6-month excess return 7.19%.,"Model view: the forward return estimate was mildly positive at about 0.37%. Confidence was not explicitly available for this prediction. Technical state is mixed, with price not fully aligned across the major moving averages. RSI is in a steady zone near 58.1. MACD remains on the bullish side. Volatility is elevated at roughly 57.9%. No recent matched news was found for this ticker/date. Relative strength versus the benchmark looked mixed. 1-month excess return 12.72%; 3-month excess return -16.86%; 6-month excess return 7.19%."
2023-11-02,KSS,-4.8284678844830236,-1.661494479297756,,hit,linear_regression,target_5d_return,"Technical state is mixed, with price not fully aligned across the major moving averages. RSI is in a steady zone near 65.0. MACD remains on the bullish side. Volatility is elevated at roughly 51.4%.",No recent matched news was found for this ticker/date.,Relative strength versus the benchmark looked mixed. 1-month excess return 15.29%; 3-month excess return -15.31%; 6-month excess return 14.23%.,"Model view: the forward return estimate was mildly negative at about -1.66%. Confidence was not explicitly available for this prediction. Technical state is mixed, with price not fully aligned across the major moving averages. RSI is in a steady zone near 65.0. MACD remains on the bullish side. Volatility is elevated at roughly 51.4%. No recent matched news was found for this ticker/date. Relative strength versus the benchmark looked mixed. 1-month excess return 15.29%; 3-month excess return -15.31%; 6-month excess return 14.23%."
2023-11-03,KSS,-11.179109528891118,-6.563609347157677,,hit,linear_regression,target_5d_return,"Technical state is constructive, with price above the 50-day and 200-day averages. MACD remains on the bullish side. Volatility is elevated at roughly 52.0%.",No recent matched news was found for this ticker/date.,Relative strength versus the benchmark looked mixed. 1-month excess return 28.91%; 3-month excess return -11.57%; 6-month excess return 12.44%.,"Model view: the forward return estimate was mildly negative at about -6.56%. Confidence was not explicitly available for this prediction. Technical state is constructive, with price above the 50-day and 200-day averages. MACD remains on the bullish side. Volatility is elevated at roughly 52.0%. No recent matched news was found for this ticker/date. Relative strength versus the benchmark looked mixed. 1-month excess return 28.91%; 3-month excess return -11.57%; 6-month excess return 12.44%."
2023-11-06,KSS,-15.785223153625727,-5.456092228009932,,hit,linear_regression,target_5d_return,"Technical state is constructive, with price above the 50-day and 200-day averages. RSI is elevated near 70.0, so chasing strength may add risk. MACD remains on the bullish side. Volatility is elevated at roughly 51.2%.",No recent matched news was found for this ticker/date.,Relative strength versus the benchmark looked mixed. 1-month excess return 31.03%; 3-month excess return -10.67%; 6-month excess return 15.52%.,"Model view: the forward return estimate was mildly negative at about -5.46%. Confidence was not explicitly available for this prediction. Technical state is constructive, with price above the 50-day and 200-day averages. RSI is elevated near 70.0, so chasing strength may add risk. MACD remains on the bullish side. Volatility is elevated at roughly 51.2%. No recent matched news was found for this ticker/date. Relative strength versus the benchmark looked mixed. 1-month excess return 31.03%; 3-month excess return -10.67%; 6-month excess return 15.52%."
2023-11-07,KSS,-6.899385128775015,-3.4930356718546522,,hit,linear_regression,target_5d_return,"Technical state is constructive, with price above the 50-day and 200-day averages. MACD remains on the bullish side. Volatility is elevated at roughly 51.9%.",No recent matched news was found for this ticker/date.,Relative strength versus the benchmark looked mixed. 1-month excess return 30.58%; 3-month excess return -10.41%; 6-month excess return 15.26%.,"Model view: the forward return estimate was mildly negative at about -3.49%. Confidence was not explicitly available for this prediction. Technical state is constructive, with price above the 50-day and 200-day averages. MACD remains on the bullish side. Volatility is elevated at roughly 51.9%. No recent matched news was found for this ticker/date. Relative strength versus the benchmark looked mixed. 1-month excess return 30.58%; 3-month excess return -10.41%; 6-month excess return 15.26%."
2023-11-08,KSS,3.4757116954580836,-2.4455196745954715,,miss,linear_regression,target_5d_return,"Technical state is mixed, with price not fully aligned across the major moving averages. RSI is in a steady zone near 61.9. MACD remains on the bullish side. Volatility is elevated at roughly 52.6%.",No recent matched news was found for this ticker/date.,Relative strength versus the benchmark looked mixed. 1-month excess return 24.16%; 3-month excess return -12.30%; 6-month excess return 13.65%.,"Model view: the forward return estimate was mildly negative at about -2.45%. Confidence was not explicitly available for this prediction. Technical state is mixed, with price not fully aligned across the major moving averages. RSI is in a steady zone near 61.9. MACD remains on the bullish side. Volatility is elevated at roughly 52.6%. No recent matched news was found for this ticker/date. Relative strength versus the benchmark looked mixed. 1-month excess return 24.16%; 3-month excess return -12.30%; 6-month excess return 13.65%."
2023-11-09,KSS,5.963507759394959,0.6323865726845833,,hit,linear_regression,target_5d_return,"Technical state is mixed, with price not fully aligned across the major moving averages. RSI is in a steady zone near 51.4. MACD remains on the bullish side. Volatility is elevated at roughly 56.8%.",No recent matched news was found for this ticker/date.,Relative strength versus the benchmark looked mixed. 1-month excess return 18.96%; 3-month excess return -16.63%; 6-month excess return 6.07%.,"Model view: the forward return estimate was mildly positive at about 0.63%. Confidence was not explicitly available for this prediction. Technical state is mixed, with price not fully aligned across the major moving averages. RSI is in a steady zone near 51.4. MACD remains on the bullish side. Volatility is elevated at roughly 56.8%. No recent matched news was found for this ticker/date. Relative strength versus the benchmark looked mixed. 1-month excess return 18.96%; 3-month excess return -16.63%; 6-month excess return 6.07%."
2023-11-10,KSS,17.40927390209177,1.1287856884446108,,hit,linear_regression,target_5d_return,"Technical state is mixed, with price not fully aligned across the major moving averages. MACD remains on the bullish side. Volatility is elevated at roughly 56.3%.",No recent matched news was found for this ticker/date.,Relative strength versus the benchmark looked mixed. 1-month excess return 16.28%; 3-month excess return -19.97%; 6-month excess return 2.50%.,"Model view: the forward return estimate was mildly positive at about 1.13%. Confidence was not explicitly available for this prediction. Technical state is mixed, with price not fully aligned across the major moving averages. MACD remains on the bullish side. Volatility is elevated at roughly 56.3%. No recent matched news was found for this ticker/date. Relative strength versus the benchmark looked mixed. 1-month excess return 16.28%; 3-month excess return -19.97%; 6-month excess return 2.50%."
2023-11-13,KSS,19.175454856003405,-3.142884505451549,,miss,linear_regression,target_5d_return,"Technical state is soft, with price below the 50-day and 200-day averages. MACD remains on the bearish side. Volatility is elevated at roughly 54.1%.",No recent matched news was found for this ticker/date.,Relative strength versus the benchmark looked weak. 1-month excess return 15.17%; 3-month excess return -23.21%; 6-month excess return -4.38%.,"Model view: the forward return estimate was mildly negative at about -3.14%. Confidence was not explicitly available for this prediction. Technical state is soft, with price below the 50-day and 200-day averages. MACD remains on the bearish side. Volatility is elevated at roughly 54.1%. No recent matched news was found for this ticker/date. Relative strength versus the benchmark looked weak. 1-month excess return 15.17%; 3-month excess return -23.21%; 6-month excess return -4.38%."
2023-11-14,KSS,0.2646646040602496,-1.1423656982845904,,miss,linear_regression,target_5d_return,"Technical state is mixed, with price not fully aligned across the major moving averages. RSI is in a steady zone near 52.8. MACD remains on the bearish side. Volatility is elevated at roughly 55.3%.",No recent matched news was found for this ticker/date.,Relative strength versus the benchmark looked mixed. 1-month excess return 15.78%; 3-month excess return -18.88%; 6-month excess return 7.38%.,"Model view: the forward return estimate was mildly negative at about -1.14%. Confidence was not explicitly available for this prediction. Technical state is mixed, with price not fully aligned across the major moving averages. RSI is in a steady zone near 52.8. MACD remains on the bearish side. Volatility is elevated at roughly 55.3%. No recent matched news was found for this ticker/date. Relative strength versus the benchmark looked mixed. 1-month excess return 15.78%; 3-month excess return -18.88%; 6-month excess return 7.38%."
2023-11-15,KSS,-6.232290834629861,-5.185549263421788,,hit,linear_regression,target_5d_return,"Technical state is constructive, with price above the 50-day and 200-day averages. RSI is in a steady zone near 61.3. MACD remains on the bullish side. Volatility is elevated at roughly 63.0%.",No recent matched news was found for this ticker/date.,Relative strength versus the benchmark looked mixed. 1-month excess return 16.59%; 3-month excess return -12.15%; 6-month excess return 12.94%.,"Model view: the forward return estimate was mildly negative at about -5.19%. Confidence was not explicitly available for this prediction. Technical state is constructive, with price above the 50-day and 200-day averages. RSI is in a steady zone near 61.3. MACD remains on the bullish side. Volatility is elevated at roughly 63.0%. No recent matched news was found for this ticker/date. Relative strength versus the benchmark looked mixed. 1-month excess return 16.59%; 3-month excess return -12.15%; 6-month excess return 12.94%."
2023-11-16,KSS,-2.771943982427083,-3.507162399694136,,hit,linear_regression,target_5d_return,"Technical state is mixed, with price not fully aligned across the major moving averages. RSI is in a steady zone near 56.5. MACD remains on the bullish side. Volatility is elevated at roughly 64.9%.",No recent matched news was found for this ticker/date.,Relative strength versus the benchmark looked mixed. 1-month excess return 9.30%; 3-month excess return -18.50%; 6-month excess return 7.73%.,"Model view: the forward return estimate was mildly negative at about -3.51%. Confidence was not explicitly available for this prediction. Technical state is mixed, with price not fully aligned across the major moving averages. RSI is in a steady zone near 56.5. MACD remains on the bullish side. Volatility is elevated at roughly 64.9%. No recent matched news was found for this ticker/date. Relative strength versus the benchmark looked mixed. 1-month excess return 9.30%; 3-month excess return -18.50%; 6-month excess return 7.73%."
2023-11-17,KSS,-9.820032399555823,-4.848764904386255,,hit,linear_regression,target_5d_return,"Technical state is constructive, with price above the 50-day and 200-day averages. RSI is in a steady zone near 62.7. MACD remains on the bullish side. Volatility is elevated at roughly 68.8%.",No recent matched news was found for this ticker/date.,Relative strength versus the benchmark looked mixed. 1-month excess return 17.22%; 3-month excess return -13.56%; 6-month excess return 26.79%.,"Model view: the forward return estimate was mildly negative at about -4.85%. Confidence was not explicitly available for this prediction. Technical state is constructive, with price above the 50-day and 200-day averages. RSI is in a steady zone near 62.7. MACD remains on the bullish side. Volatility is elevated at roughly 68.8%. No recent matched news was found for this ticker/date. Relative strength versus the benchmark looked mixed. 1-month excess return 17.22%; 3-month excess return -13.56%; 6-month excess return 26.79%."
2023-11-20,KSS,-5.349959336494347,-2.454911986205133,,hit,linear_regression,target_5d_return,"Technical state is constructive, with price above the 50-day and 200-day averages. RSI is in a steady zone near 59.1. MACD remains on the bullish side. Volatility is elevated at roughly 69.9%.",No recent matched news was found for this ticker/date.,Relative strength versus the benchmark looked mixed. 1-month excess return 8.90%; 3-month excess return -7.06%; 6-month excess return 18.94%.,"Model view: the forward return estimate was mildly negative at about -2.45%. Confidence was not explicitly available for this prediction. Technical state is constructive, with price above the 50-day and 200-day averages. RSI is in a steady zone near 59.1. MACD remains on the bullish side. Volatility is elevated at roughly 69.9%. No recent matched news was found for this ticker/date. Relative strength versus the benchmark looked mixed. 1-month excess return 8.90%; 3-month excess return -7.06%; 6-month excess return 18.94%."
2023-11-21,KSS,4.927412502372652,-1.721995928176257,,miss,linear_regression,target_5d_return,"Technical state is mixed, with price not fully aligned across the major moving averages. MACD remains on the bullish side. Volatility is elevated at roughly 75.7%.",No recent matched news was found for this ticker/date.,Relative strength versus the benchmark looked weak. 1-month excess return -0.46%; 3-month excess return -18.22%; 6-month excess return 8.53%.,"Model view: the forward return estimate was mildly negative at about -1.72%. Confidence was not explicitly available for this prediction. Technical state is mixed, with price not fully aligned across the major moving averages. MACD remains on the bullish side. Volatility is elevated at roughly 75.7%. No recent matched news was found for this ticker/date. Relative strength versus the benchmark looked weak. 1-month excess return -0.46%; 3-month excess return -18.22%; 6-month excess return 8.53%."
2023-11-22,KSS,1.2084621740333423,-3.430164551097492,,miss,linear_regression,target_5d_return,"Technical state is mixed, with price not fully aligned across the major moving averages. RSI is in a steady zone near 51.4. MACD remains on the bearish side. Volatility is elevated at roughly 76.0%.",No recent matched news was found for this ticker/date.,Relative strength versus the benchmark looked weak. 1-month excess return -3.16%; 3-month excess return -13.84%; 6-month excess return 1.10%.,"Model view: the forward return estimate was mildly negative at about -3.43%. Confidence was not explicitly available for this prediction. Technical state is mixed, with price not fully aligned across the major moving averages. RSI is in a steady zone near 51.4. MACD remains on the bearish side. Volatility is elevated at roughly 76.0%. No recent matched news was found for this ticker/date. Relative strength versus the benchmark looked weak. 1-month excess return -3.16%; 3-month excess return -13.84%; 6-month excess return 1.10%."
2023-11-24,KSS,4.708424062847105,-1.367835248559801,,miss,linear_regression,target_5d_return,"Technical state is mixed, with price not fully aligned across the major moving averages. RSI is in a steady zone near 51.3. MACD remains on the bearish side. Volatility is elevated at roughly 75.9%.",No recent matched news was found for this ticker/date.,Relative strength versus the benchmark looked weak. 1-month excess return -4.52%; 3-month excess return -6.56%; 6-month excess return 7.86%.,"Model view: the forward return estimate was mildly negative at about -1.37%. Confidence was not explicitly available for this prediction. Technical state is mixed, with price not fully aligned across the major moving averages. RSI is in a steady zone near 51.3. MACD remains on the bearish side. Volatility is elevated at roughly 75.9%. No recent matched news was found for this ticker/date. Relative strength versus the benchmark looked weak. 1-month excess return -4.52%; 3-month excess return -6.56%; 6-month excess return 7.86%."
2023-11-27,KSS,10.932757228520561,-4.109114915855856,,miss,linear_regression,target_5d_return,"Technical state is mixed, with price not fully aligned across the major moving averages. RSI is in a steady zone near 50.8. MACD remains on the bearish side. Volatility is elevated at roughly 75.4%.",No recent matched news was found for this ticker/date.,Relative strength versus the benchmark looked weak. 1-month excess return -7.02%; 3-month excess return -13.24%; 6-month excess return 6.84%.,"Model view: the forward return estimate was mildly negative at about -4.11%. Confidence was not explicitly available for this prediction. Technical state is mixed, with price not fully aligned across the major moving averages. RSI is in a steady zone near 50.8. MACD remains on the bearish side. Volatility is elevated at roughly 75.4%. No recent matched news was found for this ticker/date. Relative strength versus the benchmark looked weak. 1-month excess return -7.02%; 3-month excess return -13.24%; 6-month excess return 6.84%."
2023-11-28,KSS,-0.3399911660498134,-4.731404274268841,,hit,linear_regression,target_5d_return,"Technical state is mixed, with price not fully aligned across the major moving averages. RSI is in a steady zone near 53.0. MACD remains on the bearish side. Volatility is elevated at roughly 75.6%.",No recent matched news was found for this ticker/date.,Relative strength versus the benchmark looked weak. 1-month excess return -2.91%; 3-month excess return -12.79%; 6-month excess return 15.54%.,"Model view: the forward return estimate was mildly negative at about -4.73%. Confidence was not explicitly available for this prediction. Technical state is mixed, with price not fully aligned across the major moving averages. RSI is in a steady zone near 53.0. MACD remains on the bearish side. Volatility is elevated at roughly 75.6%. No recent matched news was found for this ticker/date. Relative strength versus the benchmark looked weak. 1-month excess return -2.91%; 3-month excess return -12.79%; 6-month excess return 15.54%."
2023-11-29,KSS,-5.073379339487982,-3.3809785618568937,,hit,linear_regression,target_5d_return,"Technical state is constructive, with price above the 50-day and 200-day averages. RSI is in a steady zone near 54.4. MACD remains on the bearish side. Volatility is elevated at roughly 75.3%.",No recent matched news was found for this ticker/date.,Relative strength versus the benchmark looked weak. 1-month excess return -1.00%; 3-month excess return -11.97%; 6-month excess return 21.36%.,"Model view: the forward return estimate was mildly negative at about -3.38%. Confidence was not explicitly available for this prediction. Technical state is constructive, with price above the 50-day and 200-day averages. RSI is in a steady zone near 54.4. MACD remains on the bearish side. Volatility is elevated at roughly 75.3%. No recent matched news was found for this ticker/date. Relative strength versus the benchmark looked weak. 1-month excess return -1.00%; 3-month excess return -11.97%; 6-month excess return 21.36%."
2023-11-30,KSS,1.918971603199271,-1.8246971325595793,,miss,linear_regression,target_5d_return,"Technical state is mixed, with price not fully aligned across the major moving averages. RSI is in a steady zone near 52.3. MACD remains on the bearish side. Volatility is elevated at roughly 75.5%.",No recent matched news was found for this ticker/date.,Relative strength versus the benchmark looked weak. 1-month excess return -5.18%; 3-month excess return -13.32%; 6-month excess return 22.14%.,"Model view: the forward return estimate was mildly negative at about -1.82%. Confidence was not explicitly available for this prediction. Technical state is mixed, with price not fully aligned across the major moving averages. RSI is in a steady zone near 52.3. MACD remains on the bearish side. Volatility is elevated at roughly 75.5%. No recent matched news was found for this ticker/date. Relative strength versus the benchmark looked weak. 1-month excess return -5.18%; 3-month excess return -13.32%; 6-month excess return 22.14%."
2023-12-01,KSS,1.691418528397115,-6.417258263131665,,miss,linear_regression,target_5d_return,"Technical state is constructive, with price above the 50-day and 200-day averages. RSI is in a steady zone near 56.0. MACD remains on the bearish side. Volatility is elevated at roughly 73.9%.",No recent matched news was found for this ticker/date.,Relative strength versus the benchmark looked weak. 1-month excess return -0.26%; 3-month excess return -10.01%; 6-month excess return 12.25%.,"Model view: the forward return estimate was mildly negative at about -6.42%. Confidence was not explicitly available for this prediction. Technical state is constructive, with price above the 50-day and 200-day averages. RSI is in a steady zone near 56.0. MACD remains on the bearish side. Volatility is elevated at roughly 73.9%. No recent matched news was found for this ticker/date. Relative strength versus the benchmark looked weak. 1-month excess return -0.26%; 3-month excess return -10.01%; 6-month excess return 12.25%."
2023-12-04,KSS,3.1677726852157084,-1.5199486032259797,,miss,linear_regression,target_5d_return,"Technical state is constructive, with price above the 50-day and 200-day averages. RSI is in a steady zone near 61.4. MACD remains on the bullish side. Volatility is elevated at roughly 75.2%.",No recent matched news was found for this ticker/date.,Relative strength versus the benchmark looked favorable. 1-month excess return 2.25%; 3-month excess return 0.22%; 6-month excess return 18.71%.,"Model view: the forward return estimate was mildly negative at about -1.52%. Confidence was not explicitly available for this prediction. Technical state is constructive, with price above the 50-day and 200-day averages. RSI is in a steady zone near 61.4. MACD remains on the bullish side. Volatility is elevated at roughly 75.2%. No recent matched news was found for this ticker/date. Relative strength versus the benchmark looked favorable. 1-month excess return 2.25%; 3-month excess return 0.22%; 6-month excess return 18.71%."
2023-12-05,KSS,7.036245479095871,-11.555184300639393,,miss,linear_regression,target_5d_return,"Technical state is constructive, with price above the 50-day and 200-day averages. RSI is in a steady zone near 50.7. MACD remains on the bearish side. Volatility is elevated at roughly 81.1%.",No recent matched news was found for this ticker/date.,Relative strength versus the benchmark looked weak. 1-month excess return -9.37%; 3-month excess return -7.77%; 6-month excess return 0.24%.,"Model view: the forward return estimate was mildly negative at about -11.56%. Confidence was not explicitly available for this prediction. Technical state is constructive, with price above the 50-day and 200-day averages. RSI is in a steady zone near 50.7. MACD remains on the bearish side. Volatility is elevated at roughly 81.1%. No recent matched news was found for this ticker/date. Relative strength versus the benchmark looked weak. 1-month excess return -9.37%; 3-month excess return -7.77%; 6-month excess return 0.24%."
2023-12-06,KSS,19.964666871105695,-13.459038741057515,,miss,linear_regression,target_5d_return,"Technical state is mixed, with price not fully aligned across the major moving averages. MACD remains on the bearish side. Volatility is elevated at roughly 81.8%.",No recent matched news was found for this ticker/date.,Relative strength versus the benchmark looked weak. 1-month excess return -13.01%; 3-month excess return -7.24%; 6-month excess return -3.64%.,"Model view: the forward return estimate was mildly negative at about -13.46%. Confidence was not explicitly available for this prediction. Technical state is mixed, with price not fully aligned across the major moving averages. MACD remains on the bearish side. Volatility is elevated at roughly 81.8%. No recent matched news was found for this ticker/date. Relative strength versus the benchmark looked weak. 1-month excess return -13.01%; 3-month excess return -7.24%; 6-month excess return -3.64%."
2023-12-07,KSS,19.037661995950206,-13.757412616979686,,miss,linear_regression,target_5d_return,"Technical state is constructive, with price above the 50-day and 200-day averages. RSI is in a steady zone near 52.6. MACD remains on the bearish side. Volatility is elevated at roughly 84.0%.",No recent matched news was found for this ticker/date.,Relative strength versus the benchmark looked weak. 1-month excess return -6.78%; 3-month excess return -4.07%; 6-month excess return 1.56%.,"Model view: the forward return estimate was mildly negative at about -13.76%. Confidence was not explicitly available for this prediction. Technical state is constructive, with price above the 50-day and 200-day averages. RSI is in a steady zone near 52.6. MACD remains on the bearish side. Volatility is elevated at roughly 84.0%. No recent matched news was found for this ticker/date. Relative strength versus the benchmark looked weak. 1-month excess return -6.78%; 3-month excess return -4.07%; 6-month excess return 1.56%."
2023-12-08,KSS,14.604464248200145,-11.802881608383284,,miss,linear_regression,target_5d_return,"Technical state is constructive, with price above the 50-day and 200-day averages. RSI is in a steady zone near 55.5. MACD remains on the bearish side. Volatility is elevated at roughly 81.5%.",No recent matched news was found for this ticker/date.,Relative strength versus the benchmark looked mixed. 1-month excess return -2.07%; 3-month excess return 0.64%; 6-month excess return 4.68%.,"Model view: the forward return estimate was mildly negative at about -11.80%. Confidence was not explicitly available for this prediction. Technical state is constructive, with price above the 50-day and 200-day averages. RSI is in a steady zone near 55.5. MACD remains on the bearish side. Volatility is elevated at roughly 81.5%. No recent matched news was found for this ticker/date. Relative strength versus the benchmark looked mixed. 1-month excess return -2.07%; 3-month excess return 0.64%; 6-month excess return 4.68%."
2023-12-11,KSS,8.415471157424449,-16.39804401771934,,miss,linear_regression,target_5d_return,"Technical state is constructive, with price above the 50-day and 200-day averages. RSI is in a steady zone near 61.3. MACD remains on the bullish side. Volatility is elevated at roughly 83.3%.",No recent matched news was found for this ticker/date.,Relative strength versus the benchmark looked favorable. 1-month excess return 10.90%; 3-month excess return 8.91%; 6-month excess return 6.09%.,"Model view: the forward return estimate was mildly negative at about -16.40%. Confidence was not explicitly available for this prediction. Technical state is constructive, with price above the 50-day and 200-day averages. RSI is in a steady zone near 61.3. MACD remains on the bullish side. Volatility is elevated at roughly 83.3%. No recent matched news was found for this ticker/date. Relative strength versus the benchmark looked favorable. 1-month excess return 10.90%; 3-month excess return 8.91%; 6-month excess return 6.09%."
2023-12-12,KSS,14.820714170589454,-10.60713913492159,,miss,linear_regression,target_5d_return,"Technical state is constructive, with price above the 50-day and 200-day averages. RSI is in a steady zone near 55.5. MACD remains on the bullish side. Volatility is elevated at roughly 83.9%.",No recent matched news was found for this ticker/date.,Relative strength versus the benchmark looked favorable. 1-month excess return 9.91%; 3-month excess return 7.83%; 6-month excess return 1.49%.,"Model view: the forward return estimate was mildly negative at about -10.61%. Confidence was not explicitly available for this prediction. Technical state is constructive, with price above the 50-day and 200-day averages. RSI is in a steady zone near 55.5. MACD remains on the bullish side. Volatility is elevated at roughly 83.9%. No recent matched news was found for this ticker/date. Relative strength versus the benchmark looked favorable. 1-month excess return 9.91%; 3-month excess return 7.83%; 6-month excess return 1.49%."
2023-12-13,KSS,0.1472787767013095,-15.81443081641171,,miss,linear_regression,target_5d_return,"Technical state is constructive, with price above the 50-day and 200-day averages. RSI is in a steady zone near 61.8. MACD remains on the bullish side. Volatility is elevated at roughly 83.3%.",No recent matched news was found for this ticker/date.,Relative strength versus the benchmark looked favorable. 1-month excess return 23.27%; 3-month excess return 14.84%; 6-month excess return 9.94%.,"Model view: the forward return estimate was mildly negative at about -15.81%. Confidence was not explicitly available for this prediction. Technical state is constructive, with price above the 50-day and 200-day averages. RSI is in a steady zone near 61.8. MACD remains on the bullish side. Volatility is elevated at roughly 83.3%. No recent matched news was found for this ticker/date. Relative strength versus the benchmark looked favorable. 1-month excess return 23.27%; 3-month excess return 14.84%; 6-month excess return 9.94%."
2023-12-14,KSS,-2.77680454953253,-18.541802684373714,,hit,linear_regression,target_5d_return,"Technical state is constructive, with price above the 50-day and 200-day averages. MACD remains on the bullish side. Volatility is elevated at roughly 79.2%.",No recent matched news was found for this ticker/date.,Relative strength versus the benchmark looked favorable. 1-month excess return 20.27%; 3-month excess return 18.66%; 6-month excess return 13.30%.,"Model view: the forward return estimate was mildly negative at about -18.54%. Confidence was not explicitly available for this prediction. Technical state is constructive, with price above the 50-day and 200-day averages. MACD remains on the bullish side. Volatility is elevated at roughly 79.2%. No recent matched news was found for this ticker/date. Relative strength versus the benchmark looked favorable. 1-month excess return 20.27%; 3-month excess return 18.66%; 6-month excess return 13.30%."
2023-12-15,KSS,-2.0530970750656796,-14.360656808385409,,hit,linear_regression,target_5d_return,"Technical state is constructive, with price above the 50-day and 200-day averages. RSI is in a steady zone near 64.2. MACD remains on the bullish side. Volatility is elevated at roughly 77.7%.",No recent matched news was found for this ticker/date.,Relative strength versus the benchmark looked favorable. 1-month excess return 9.49%; 3-month excess return 25.92%; 6-month excess return 15.58%.,"Model view: the forward return estimate was mildly negative at about -14.36%. Confidence was not explicitly available for this prediction. Technical state is constructive, with price above the 50-day and 200-day averages. RSI is in a steady zone near 64.2. MACD remains on the bullish side. Volatility is elevated at roughly 77.7%. No recent matched news was found for this ticker/date. Relative strength versus the benchmark looked favorable. 1-month excess return 9.49%; 3-month excess return 25.92%; 6-month excess return 15.58%."
2023-12-18,KSS,1.2937025417821157,-14.79876132862247,,miss,linear_regression,target_5d_return,"Technical state is constructive, with price above the 50-day and 200-day averages. MACD remains on the bullish side. Volatility is elevated at roughly 74.0%.",No recent matched news was found for this ticker/date.,Relative strength versus the benchmark looked favorable. 1-month excess return 14.84%; 3-month excess return 24.42%; 6-month excess return 18.63%.,"Model view: the forward return estimate was mildly negative at about -14.80%. Confidence was not explicitly available for this prediction. Technical state is constructive, with price above the 50-day and 200-day averages. MACD remains on the bullish side. Volatility is elevated at roughly 74.0%. No recent matched news was found for this ticker/date. Relative strength versus the benchmark looked favorable. 1-month excess return 14.84%; 3-month excess return 24.42%; 6-month excess return 18.63%."
2023-12-19,KSS,1.8737020168127394,-13.359100125240923,,miss,linear_regression,target_5d_return,"Technical state is constructive, with price above the 50-day and 200-day averages. MACD remains on the bullish side. Volatility is elevated at roughly 72.9%.",No recent matched news was found for this ticker/date.,Relative strength versus the benchmark looked favorable. 1-month excess return 6.99%; 3-month excess return 26.86%; 6-month excess return 20.47%.,"Model view: the forward return estimate was mildly negative at about -13.36%. Confidence was not explicitly available for this prediction. Technical state is constructive, with price above the 50-day and 200-day averages. MACD remains on the bullish side. Volatility is elevated at roughly 72.9%. No recent matched news was found for this ticker/date. Relative strength versus the benchmark looked favorable. 1-month excess return 6.99%; 3-month excess return 26.86%; 6-month excess return 20.47%."
2023-12-20,KSS,7.794113501545574,-8.261358812229071,,miss,linear_regression,target_5d_return,"Technical state is constructive, with price above the 50-day and 200-day averages. RSI is in a steady zone near 57.7. MACD remains on the bullish side. Volatility is elevated at roughly 68.4%.",No recent matched news was found for this ticker/date.,Relative strength versus the benchmark looked favorable. 1-month excess return 6.38%; 3-month excess return 22.06%; 6-month excess return 18.35%.,"Model view: the forward return estimate was mildly negative at about -8.26%. Confidence was not explicitly available for this prediction. Technical state is constructive, with price above the 50-day and 200-day averages. RSI is in a steady zone near 57.7. MACD remains on the bullish side. Volatility is elevated at roughly 68.4%. No recent matched news was found for this ticker/date. Relative strength versus the benchmark looked favorable. 1-month excess return 6.38%; 3-month excess return 22.06%; 6-month excess return 18.35%."
2023-12-21,KSS,3.687637250146647,-10.418497545533876,,miss,linear_regression,target_5d_return,"Technical state is constructive, with price above the 50-day and 200-day averages. RSI is in a steady zone near 59.3. MACD remains on the bullish side. Volatility is elevated at roughly 68.4%.",No recent matched news was found for this ticker/date.,Relative strength versus the benchmark looked favorable. 1-month excess return 17.38%; 3-month excess return 25.00%; 6-month excess return 20.28%.,"Model view: the forward return estimate was mildly negative at about -10.42%. Confidence was not explicitly available for this prediction. Technical state is constructive, with price above the 50-day and 200-day averages. RSI is in a steady zone near 59.3. MACD remains on the bullish side. Volatility is elevated at roughly 68.4%. No recent matched news was found for this ticker/date. Relative strength versus the benchmark looked favorable. 1-month excess return 17.38%; 3-month excess return 25.00%; 6-month excess return 20.28%."
2023-12-22,KSS,1.3371913198886975,-10.634109150228221,,miss,linear_regression,target_5d_return,"Technical state is constructive, with price above the 50-day and 200-day averages. RSI is in a steady zone near 59.3. MACD remains on the bullish side. Volatility is elevated at roughly 68.4%.",No recent matched news was found for this ticker/date.,Relative strength versus the benchmark looked favorable. 1-month excess return 15.32%; 3-month excess return 25.51%; 6-month excess return 17.14%.,"Model view: the forward return estimate was mildly negative at about -10.63%. Confidence was not explicitly available for this prediction. Technical state is constructive, with price above the 50-day and 200-day averages. RSI is in a steady zone near 59.3. MACD remains on the bullish side. Volatility is elevated at roughly 68.4%. No recent matched news was found for this ticker/date. Relative strength versus the benchmark looked favorable. 1-month excess return 15.32%; 3-month excess return 25.51%; 6-month excess return 17.14%."
2023-12-26,KSS,-8.802206756991726,-14.015528378557258,,hit,linear_regression,target_5d_return,"Technical state is constructive, with price above the 50-day and 200-day averages. RSI is in a steady zone near 63.6. MACD remains on the bullish side. Volatility is elevated at roughly 69.4%.",No recent matched news was found for this ticker/date.,Relative strength versus the benchmark looked favorable. 1-month excess return 20.66%; 3-month excess return 34.88%; 6-month excess return 19.10%.,"Model view: the forward return estimate was mildly negative at about -14.02%. Confidence was not explicitly available for this prediction. Technical state is constructive, with price above the 50-day and 200-day averages. RSI is in a steady zone near 63.6. MACD remains on the bullish side. Volatility is elevated at roughly 69.4%. No recent matched news was found for this ticker/date. Relative strength versus the benchmark looked favorable. 1-month excess return 20.66%; 3-month excess return 34.88%; 6-month excess return 19.10%."
2023-12-27,KSS,-9.673024841786216,-14.184387973777541,,hit,linear_regression,target_5d_return,"Technical state is constructive, with price above the 50-day and 200-day averages. RSI is in a steady zone near 64.8. MACD remains on the bullish side. Volatility is elevated at roughly 69.3%.",No recent matched news was found for this ticker/date.,Relative strength versus the benchmark looked favorable. 1-month excess return 22.52%; 3-month excess return 38.79%; 6-month excess return 21.25%.,"Model view: the forward return estimate was mildly negative at about -14.18%. Confidence was not explicitly available for this prediction. Technical state is constructive, with price above the 50-day and 200-day averages. RSI is in a steady zone near 64.8. MACD remains on the bullish side. Volatility is elevated at roughly 69.3%. No recent matched news was found for this ticker/date. Relative strength versus the benchmark looked favorable. 1-month excess return 22.52%; 3-month excess return 38.79%; 6-month excess return 21.25%."
2023-12-28,KSS,-9.822643897486127,-15.130027331531858,,hit,linear_regression,target_5d_return,"Technical state is constructive, with price above the 50-day and 200-day averages. RSI is in a steady zone near 64.5. MACD remains on the bullish side. Volatility is elevated at roughly 69.5%.",No recent matched news was found for this ticker/date.,Relative strength versus the benchmark looked favorable. 1-month excess return 19.84%; 3-month excess return 34.61%; 6-month excess return 18.17%.,"Model view: the forward return estimate was mildly negative at about -15.13%. Confidence was not explicitly available for this prediction. Technical state is constructive, with price above the 50-day and 200-day averages. RSI is in a steady zone near 64.5. MACD remains on the bullish side. Volatility is elevated at roughly 69.5%. No recent matched news was found for this ticker/date. Relative strength versus the benchmark looked favorable. 1-month excess return 19.84%; 3-month excess return 34.61%; 6-month excess return 18.17%."
2023-12-29,KSS,-5.264993768529813,-14.959057310975448,,hit,linear_regression,target_5d_return,"Technical state is constructive, with price above the 50-day and 200-day averages. RSI is in a steady zone near 60.8. MACD remains on the bullish side. Volatility is elevated at roughly 69.8%.",No recent matched news was found for this ticker/date.,Relative strength versus the benchmark looked favorable. 1-month excess return 15.70%; 3-month excess return 25.60%; 6-month excess return 17.18%.,"Model view: the forward return estimate was mildly negative at about -14.96%. Confidence was not explicitly available for this prediction. Technical state is constructive, with price above the 50-day and 200-day averages. RSI is in a steady zone near 60.8. MACD remains on the bullish side. Volatility is elevated at roughly 69.8%. No recent matched news was found for this ticker/date. Relative strength versus the benchmark looked favorable. 1-month excess return 15.70%; 3-month excess return 25.60%; 6-month excess return 17.18%."
2024-01-02,KSS,-0.8202619189559113,-14.837614717180339,,hit,linear_regression,target_5d_return,"Technical state is constructive, with price above the 50-day and 200-day averages. RSI is in a steady zone near 57.1. MACD remains on the bullish side. Volatility is elevated at roughly 70.2%.",No recent matched news was found for this ticker/date.,Relative strength versus the benchmark looked favorable. 1-month excess return 16.09%; 3-month excess return 25.52%; 6-month excess return 8.09%.,"Model view: the forward return estimate was mildly negative at about -14.84%. Confidence was not explicitly available for this prediction. Technical state is constructive, with price above the 50-day and 200-day averages. RSI is in a steady zone near 57.1. MACD remains on the bullish side. Volatility is elevated at roughly 70.2%. No recent matched news was found for this ticker/date. Relative strength versus the benchmark looked favorable. 1-month excess return 16.09%; 3-month excess return 25.52%; 6-month excess return 8.09%."
2024-01-03,KSS,5.336865417639691,-9.347213289916477,,miss,linear_regression,target_5d_return,"Technical state is constructive, with price above the 50-day and 200-day averages. MACD remains on the bearish side. Volatility is elevated at roughly 71.6%.",No recent matched news was found for this ticker/date.,Relative strength versus the benchmark looked favorable. 1-month excess return 6.88%; 3-month excess return 22.23%; 6-month excess return 3.82%.,"Model view: the forward return estimate was mildly negative at about -9.35%. Confidence was not explicitly available for this prediction. Technical state is constructive, with price above the 50-day and 200-day averages. MACD remains on the bearish side. Volatility is elevated at roughly 71.6%. No recent matched news was found for this ticker/date. Relative strength versus the benchmark looked favorable. 1-month excess return 6.88%; 3-month excess return 22.23%; 6-month excess return 3.82%."
2024-01-04,KSS,0.7918517377369705,-10.99119503406862,,miss,linear_regression,target_5d_return,"Technical state is constructive, with price above the 50-day and 200-day averages. MACD remains on the bearish side. Volatility is elevated at roughly 64.1%.",No recent matched news was found for this ticker/date.,Relative strength versus the benchmark looked favorable. 1-month excess return 1.41%; 3-month excess return 21.05%; 6-month excess return 4.81%.,"Model view: the forward return estimate was mildly negative at about -10.99%. Confidence was not explicitly available for this prediction. Technical state is constructive, with price above the 50-day and 200-day averages. MACD remains on the bearish side. Volatility is elevated at roughly 64.1%. No recent matched news was found for this ticker/date. Relative strength versus the benchmark looked favorable. 1-month excess return 1.41%; 3-month excess return 21.05%; 6-month excess return 4.81%."
2024-01-05,KSS,-1.2102862646013346,-9.639369867174617,,hit,linear_regression,target_5d_return,"Technical state is constructive, with price above the 50-day and 200-day averages. MACD remains on the bearish side. Volatility is elevated at roughly 62.4%.",No recent matched news was found for this ticker/date.,Relative strength versus the benchmark looked favorable. 1-month excess return 10.28%; 3-month excess return 31.42%; 6-month excess return 2.49%.,"Model view: the forward return estimate was mildly negative at about -9.64%. Confidence was not explicitly available for this prediction. Technical state is constructive, with price above the 50-day and 200-day averages. MACD remains on the bearish side. Volatility is elevated at roughly 62.4%. No recent matched news was found for this ticker/date. Relative strength versus the benchmark looked favorable. 1-month excess return 10.28%; 3-month excess return 31.42%; 6-month excess return 2.49%."
2024-01-08,KSS,-5.7784309547869945,-11.683079959669465,,hit,linear_regression,target_5d_return,"Technical state is constructive, with price above the 50-day and 200-day averages. RSI is in a steady zone near 52.9. MACD remains on the bearish side. Volatility is elevated at roughly 60.3%.",No recent matched news was found for this ticker/date.,Relative strength versus the benchmark looked favorable. 1-month excess return 15.64%; 3-month excess return 34.76%; 6-month excess return 4.97%.,"Model view: the forward return estimate was mildly negative at about -11.68%. Confidence was not explicitly available for this prediction. Technical state is constructive, with price above the 50-day and 200-day averages. RSI is in a steady zone near 52.9. MACD remains on the bearish side. Volatility is elevated at roughly 60.3%. No recent matched news was found for this ticker/date. Relative strength versus the benchmark looked favorable. 1-month excess return 15.64%; 3-month excess return 34.76%; 6-month excess return 4.97%."
2024-01-09,KSS,-10.284066011958892,-13.23650558641665,,hit,linear_regression,target_5d_return,"Technical state is constructive, with price above the 50-day and 200-day averages. RSI is in a steady zone near 55.9. MACD remains on the bearish side. Volatility is elevated at roughly 60.0%.",No recent matched news was found for this ticker/date.,Relative strength versus the benchmark looked favorable. 1-month excess return 13.05%; 3-month excess return 40.79%; 6-month excess return 3.21%.,"Model view: the forward return estimate was mildly negative at about -13.24%. Confidence was not explicitly available for this prediction. Technical state is constructive, with price above the 50-day and 200-day averages. RSI is in a steady zone near 55.9. MACD remains on the bearish side. Volatility is elevated at roughly 60.0%. No recent matched news was found for this ticker/date. Relative strength versus the benchmark looked favorable. 1-month excess return 13.05%; 3-month excess return 40.79%; 6-month excess return 3.21%."
2024-01-10,KSS,-11.642112037371144,-13.105302674969801,,hit,linear_regression,target_5d_return,"Technical state is constructive, with price above the 50-day and 200-day averages. RSI is in a steady zone near 56.0. MACD remains on the bearish side. Volatility is elevated at roughly 55.1%.",No recent matched news was found for this ticker/date.,Relative strength versus the benchmark looked favorable. 1-month excess return 9.35%; 3-month excess return 35.71%; 6-month excess return 4.58%.,"Model view: the forward return estimate was mildly negative at about -13.11%. Confidence was not explicitly available for this prediction. Technical state is constructive, with price above the 50-day and 200-day averages. RSI is in a steady zone near 56.0. MACD remains on the bearish side. Volatility is elevated at roughly 55.1%. No recent matched news was found for this ticker/date. Relative strength versus the benchmark looked favorable. 1-month excess return 9.35%; 3-month excess return 35.71%; 6-month excess return 4.58%."
2024-01-11,KSS,-6.846240011394144,-13.814393358249713,,hit,linear_regression,target_5d_return,"Technical state is constructive, with price above the 50-day and 200-day averages. MACD remains on the bearish side. Volatility is elevated at roughly 54.1%.",No recent matched news was found for this ticker/date.,Relative strength versus the benchmark looked mixed. 1-month excess return -1.79%; 3-month excess return 31.64%; 6-month excess return 0.90%.,"Model view: the forward return estimate was mildly negative at about -13.81%. Confidence was not explicitly available for this prediction. Technical state is constructive, with price above the 50-day and 200-day averages. MACD remains on the bearish side. Volatility is elevated at roughly 54.1%. No recent matched news was found for this ticker/date. Relative strength versus the benchmark looked mixed. 1-month excess return -1.79%; 3-month excess return 31.64%; 6-month excess return 0.90%."
2024-01-12,KSS,-0.22971428546392225,-11.870383481641493,,hit,linear_regression,target_5d_return,"Technical state is constructive, with price above the 50-day and 200-day averages. MACD remains on the bearish side. Volatility is elevated at roughly 46.1%.",No recent matched news was found for this ticker/date.,Relative strength versus the benchmark looked mixed. 1-month excess return 1.41%; 3-month excess return 31.51%; 6-month excess return -0.53%.,"Model view: the forward return estimate was mildly negative at about -11.87%. Confidence was not explicitly available for this prediction. Technical state is constructive, with price above the 50-day and 200-day averages. MACD remains on the bearish side. Volatility is elevated at roughly 46.1%. No recent matched news was found for this ticker/date. Relative strength versus the benchmark looked mixed. 1-month excess return 1.41%; 3-month excess return 31.51%; 6-month excess return -0.53%."
2024-01-16,KSS,0.9765624854480848,-12.151128441114565,,miss,linear_regression,target_5d_return,"Technical state is constructive, with price above the 50-day and 200-day averages. MACD remains on the bearish side. Volatility is elevated at roughly 42.7%.",No recent matched news was found for this ticker/date.,Relative strength versus the benchmark looked weak. 1-month excess return -6.67%; 3-month excess return 33.71%; 6-month excess return -3.79%.,"Model view: the forward return estimate was mildly negative at about -12.15%. Confidence was not explicitly available for this prediction. Technical state is constructive, with price above the 50-day and 200-day averages. MACD remains on the bearish side. Volatility is elevated at roughly 42.7%. No recent matched news was found for this ticker/date. Relative strength versus the benchmark looked weak. 1-month excess return -6.67%; 3-month excess return 33.71%; 6-month excess return -3.79%."
2024-01-17,KSS,7.134263426319687,-12.756790063680967,,miss,linear_regression,target_5d_return,"Technical state is mixed, with price not fully aligned across the major moving averages. MACD remains on the bearish side. Volatility is elevated at roughly 43.3%.",No recent matched news was found for this ticker/date.,Relative strength versus the benchmark looked weak. 1-month excess return -12.38%; 3-month excess return 22.27%; 6-month excess return -4.96%.,"Model view: the forward return estimate was mildly negative at about -12.76%. Confidence was not explicitly available for this prediction. Technical state is mixed, with price not fully aligned across the major moving averages. MACD remains on the bearish side. Volatility is elevated at roughly 43.3%. No recent matched news was found for this ticker/date. Relative strength versus the benchmark looked weak. 1-month excess return -12.38%; 3-month excess return 22.27%; 6-month excess return -4.96%."
2024-01-18,KSS,11.83407819989728,-12.905639486755234,,miss,linear_regression,target_5d_return,"Technical state is mixed, with price not fully aligned across the major moving averages. RSI is weak near 39.5. MACD remains on the bearish side. Volatility is elevated at roughly 42.9%.",No recent matched news was found for this ticker/date.,Relative strength versus the benchmark looked weak. 1-month excess return -14.07%; 3-month excess return 9.81%; 6-month excess return -9.06%.,"Model view: the forward return estimate was mildly negative at about -12.91%. Confidence was not explicitly available for this prediction. Technical state is mixed, with price not fully aligned across the major moving averages. RSI is weak near 39.5. MACD remains on the bearish side. Volatility is elevated at roughly 42.9%. No recent matched news was found for this ticker/date. Relative strength versus the benchmark looked weak. 1-month excess return -14.07%; 3-month excess return 9.81%; 6-month excess return -9.06%."
2024-01-19,KSS,15.220887444138231,-14.02913332814174,,miss,linear_regression,target_5d_return,"Technical state is mixed, with price not fully aligned across the major moving averages. MACD remains on the bearish side. Volatility is elevated at roughly 43.1%.",No recent matched news was found for this ticker/date.,Relative strength versus the benchmark looked weak. 1-month excess return -14.72%; 3-month excess return 7.03%; 6-month excess return -9.49%.,"Model view: the forward return estimate was mildly negative at about -14.03%. Confidence was not explicitly available for this prediction. Technical state is mixed, with price not fully aligned across the major moving averages. MACD remains on the bearish side. Volatility is elevated at roughly 43.1%. No recent matched news was found for this ticker/date. Relative strength versus the benchmark looked weak. 1-month excess return -14.72%; 3-month excess return 7.03%; 6-month excess return -9.49%."
2024-01-22,KSS,7.712971105424193,-14.03334900207551,,miss,linear_regression,target_5d_return,"Technical state is constructive, with price above the 50-day and 200-day averages. MACD remains on the bearish side. Volatility is elevated at roughly 43.0%.",No recent matched news was found for this ticker/date.,Relative strength versus the benchmark looked weak. 1-month excess return -10.97%; 3-month excess return 11.97%; 6-month excess return -3.30%.,"Model view: the forward return estimate was mildly negative at about -14.03%. Confidence was not explicitly available for this prediction. Technical state is constructive, with price above the 50-day and 200-day averages. MACD remains on the bearish side. Volatility is elevated at roughly 43.0%. No recent matched news was found for this ticker/date. Relative strength versus the benchmark looked weak. 1-month excess return -10.97%; 3-month excess return 11.97%; 6-month excess return -3.30%."
2024-01-23,KSS,3.7911006877153763,-15.81698942132607,,miss,linear_regression,target_5d_return,"Technical state is constructive, with price above the 50-day and 200-day averages. MACD remains on the bearish side. Volatility is elevated at roughly 42.4%.",No recent matched news was found for this ticker/date.,Relative strength versus the benchmark looked weak. 1-month excess return -8.57%; 3-month excess return 6.27%; 6-month excess return -8.94%.,"Model view: the forward return estimate was mildly negative at about -15.82%. Confidence was not explicitly available for this prediction. Technical state is constructive, with price above the 50-day and 200-day averages. MACD remains on the bearish side. Volatility is elevated at roughly 42.4%. No recent matched news was found for this ticker/date. Relative strength versus the benchmark looked weak. 1-month excess return -8.57%; 3-month excess return 6.27%; 6-month excess return -8.94%."
2024-01-24,KSS,-3.6288788999857102,-17.866088537565076,,hit,linear_regression,target_5d_return,"Technical state is constructive, with price above the 50-day and 200-day averages. RSI is in a steady zone near 52.7. MACD remains on the bearish side. Volatility is elevated at roughly 44.4%.",No recent matched news was found for this ticker/date.,Relative strength versus the benchmark looked weak. 1-month excess return -6.06%; 3-month excess return 10.76%; 6-month excess return -4.84%.,"Model view: the forward return estimate was mildly negative at about -17.87%. Confidence was not explicitly available for this prediction. Technical state is constructive, with price above the 50-day and 200-day averages. RSI is in a steady zone near 52.7. MACD remains on the bearish side. Volatility is elevated at roughly 44.4%. No recent matched news was found for this ticker/date. Relative strength versus the benchmark looked weak. 1-month excess return -6.06%; 3-month excess return 10.76%; 6-month excess return -4.84%."
2024-01-25,KSS,-4.545454545454541,-19.91747859856224,,hit,linear_regression,target_5d_return,"Technical state is constructive, with price above the 50-day and 200-day averages. RSI is in a steady zone near 56.6. MACD remains on the bearish side. Volatility is elevated at roughly 42.2%.",No recent matched news was found for this ticker/date.,Relative strength versus the benchmark looked weak. 1-month excess return -3.65%; 3-month excess return 8.53%; 6-month excess return -8.63%.,"Model view: the forward return estimate was mildly negative at about -19.92%. Confidence was not explicitly available for this prediction. Technical state is constructive, with price above the 50-day and 200-day averages. RSI is in a steady zone near 56.6. MACD remains on the bearish side. Volatility is elevated at roughly 42.2%. No recent matched news was found for this ticker/date. Relative strength versus the benchmark looked weak. 1-month excess return -3.65%; 3-month excess return 8.53%; 6-month excess return -8.63%."
2024-01-26,KSS,-7.981878260367781,-20.25192568828936,,hit,linear_regression,target_5d_return,"Technical state is constructive, with price above the 50-day and 200-day averages. RSI is in a steady zone near 61.9. MACD remains on the bullish side. Volatility is elevated at roughly 44.9%.",No recent matched news was found for this ticker/date.,Relative strength versus the benchmark looked weak. 1-month excess return -3.51%; 3-month excess return 12.71%; 6-month excess return -3.62%.,"Model view: the forward return estimate was mildly negative at about -20.25%. Confidence was not explicitly available for this prediction. Technical state is constructive, with price above the 50-day and 200-day averages. RSI is in a steady zone near 61.9. MACD remains on the bullish side. Volatility is elevated at roughly 44.9%. No recent matched news was found for this ticker/date. Relative strength versus the benchmark looked weak. 1-month excess return -3.51%; 3-month excess return 12.71%; 6-month excess return -3.62%."
2024-01-29,KSS,-8.977557838122562,-18.834089788154643,,hit,linear_regression,target_5d_return,"Technical state is constructive, with price above the 50-day and 200-day averages. RSI is in a steady zone near 57.9. MACD remains on the bullish side. Volatility is elevated at roughly 45.6%.",No recent matched news was found for this ticker/date.,Relative strength versus the benchmark looked weak. 1-month excess return -7.50%; 3-month excess return 6.52%; 6-month excess return -8.10%.,"Model view: the forward return estimate was mildly negative at about -18.83%. Confidence was not explicitly available for this prediction. Technical state is constructive, with price above the 50-day and 200-day averages. RSI is in a steady zone near 57.9. MACD remains on the bullish side. Volatility is elevated at roughly 45.6%. No recent matched news was found for this ticker/date. Relative strength versus the benchmark looked weak. 1-month excess return -7.50%; 3-month excess return 6.52%; 6-month excess return -8.10%."
2024-01-30,KSS,-0.11181769187781354,-16.27372506157988,,hit,linear_regression,target_5d_return,"Technical state is constructive, with price above the 50-day and 200-day averages. RSI is in a steady zone near 50.9. MACD remains on the bullish side. Volatility is elevated at roughly 47.5%.",No recent matched news was found for this ticker/date.,Relative strength versus the benchmark looked weak. 1-month excess return -11.51%; 3-month excess return 3.44%; 6-month excess return -12.94%.,"Model view: the forward return estimate was mildly negative at about -16.27%. Confidence was not explicitly available for this prediction. Technical state is constructive, with price above the 50-day and 200-day averages. RSI is in a steady zone near 50.9. MACD remains on the bullish side. Volatility is elevated at roughly 47.5%. No recent matched news was found for this ticker/date. Relative strength versus the benchmark looked weak. 1-month excess return -11.51%; 3-month excess return 3.44%; 6-month excess return -12.94%."
2024-01-31,KSS,1.1645933012228493,-14.88719992588635,,miss,linear_regression,target_5d_return,"Technical state is mixed, with price not fully aligned across the major moving averages. MACD remains on the bearish side. Volatility is elevated at roughly 48.8%.",No recent matched news was found for this ticker/date.,Relative strength versus the benchmark looked weak. 1-month excess return -11.79%; 3-month excess return 0.87%; 6-month excess return -16.20%.,"Model view: the forward return estimate was mildly negative at about -14.89%. Confidence was not explicitly available for this prediction. Technical state is mixed, with price not fully aligned across the major moving averages. MACD remains on the bearish side. Volatility is elevated at roughly 48.8%. No recent matched news was found for this ticker/date. Relative strength versus the benchmark looked weak. 1-month excess return -11.79%; 3-month excess return 0.87%; 6-month excess return -16.20%."
2024-02-01,KSS,2.5523812430245485,-18.10969200726247,,miss,linear_regression,target_5d_return,"Technical state is constructive, with price above the 50-day and 200-day averages. MACD remains on the bearish side. Volatility is elevated at roughly 45.0%.",No recent matched news was found for this ticker/date.,Relative strength versus the benchmark looked weak. 1-month excess return -9.99%; 3-month excess return -0.64%; 6-month excess return -16.26%.,"Model view: the forward return estimate was mildly negative at about -18.11%. Confidence was not explicitly available for this prediction. Technical state is constructive, with price above the 50-day and 200-day averages. MACD remains on the bearish side. Volatility is elevated at roughly 45.0%. No recent matched news was found for this ticker/date. Relative strength versus the benchmark looked weak. 1-month excess return -9.99%; 3-month excess return -0.64%; 6-month excess return -16.26%."
2024-02-02,KSS,2.0454580429172253,-17.394666664989543,,miss,linear_regression,target_5d_return,"Technical state is constructive, with price above the 50-day and 200-day averages. MACD remains on the bearish side. Volatility is elevated at roughly 45.1%.",No recent matched news was found for this ticker/date.,Relative strength versus the benchmark looked weak. 1-month excess return -5.53%; 3-month excess return 1.05%; 6-month excess return -18.90%.,"Model view: the forward return estimate was mildly negative at about -17.39%. Confidence was not explicitly available for this prediction. Technical state is constructive, with price above the 50-day and 200-day averages. MACD remains on the bearish side. Volatility is elevated at roughly 45.1%. No recent matched news was found for this ticker/date. Relative strength versus the benchmark looked weak. 1-month excess return -5.53%; 3-month excess return 1.05%; 6-month excess return -18.90%."
2024-02-05,KSS,8.649710598095272,-19.56184066990948,,miss,linear_regression,target_5d_return,"Technical state is mixed, with price not fully aligned across the major moving averages. MACD remains on the bearish side. Volatility is elevated at roughly 46.5%.",No recent matched news was found for this ticker/date.,Relative strength versus the benchmark looked weak. 1-month excess return -9.06%; 3-month excess return -6.14%; 6-month excess return -22.49%.,"Model view: the forward return estimate was mildly negative at about -19.56%. Confidence was not explicitly available for this prediction. Technical state is mixed, with price not fully aligned across the major moving averages. MACD remains on the bearish side. Volatility is elevated at roughly 46.5%. No recent matched news was found for this ticker/date. Relative strength versus the benchmark looked weak. 1-month excess return -9.06%; 3-month excess return -6.14%; 6-month excess return -22.49%."
2024-02-06,KSS,-1.4925359325276832,-22.30066630969007,,hit,linear_regression,target_5d_return,"Technical state is constructive, with price above the 50-day and 200-day averages. RSI is in a steady zone near 51.5. MACD remains on the bearish side. Volatility is elevated at roughly 48.8%.",No recent matched news was found for this ticker/date.,Relative strength versus the benchmark looked weak. 1-month excess return -4.23%; 3-month excess return -4.32%; 6-month excess return -16.82%.,"Model view: the forward return estimate was mildly negative at about -22.30%. Confidence was not explicitly available for this prediction. Technical state is constructive, with price above the 50-day and 200-day averages. RSI is in a steady zone near 51.5. MACD remains on the bearish side. Volatility is elevated at roughly 48.8%. No recent matched news was found for this ticker/date. Relative strength versus the benchmark looked weak. 1-month excess return -4.23%; 3-month excess return -4.32%; 6-month excess return -16.82%."
2024-02-07,KSS,5.257102330427288,-20.30376049948251,,miss,linear_regression,target_5d_return,"Technical state is mixed, with price not fully aligned across the major moving averages. MACD remains on the bearish side. Volatility is elevated at roughly 48.9%.",No recent matched news was found for this ticker/date.,Relative strength versus the benchmark looked weak. 1-month excess return -9.04%; 3-month excess return -9.17%; 6-month excess return -20.13%.,"Model view: the forward return estimate was mildly negative at about -20.30%. Confidence was not explicitly available for this prediction. Technical state is mixed, with price not fully aligned across the major moving averages. MACD remains on the bearish side. Volatility is elevated at roughly 48.9%. No recent matched news was found for this ticker/date. Relative strength versus the benchmark looked weak. 1-month excess return -9.04%; 3-month excess return -9.17%; 6-month excess return -20.13%."
2024-02-08,KSS,4.9777122911968785,-20.69922758027861,,miss,linear_regression,target_5d_return,"Technical state is constructive, with price above the 50-day and 200-day averages. RSI is in a steady zone near 52.1. MACD remains on the bearish side. Volatility is elevated at roughly 50.5%.",No recent matched news was found for this ticker/date.,Relative strength versus the benchmark looked weak. 1-month excess return -8.49%; 3-month excess return -3.58%; 6-month excess return -15.01%.,"Model view: the forward return estimate was mildly negative at about -20.70%. Confidence was not explicitly available for this prediction. Technical state is constructive, with price above the 50-day and 200-day averages. RSI is in a steady zone near 52.1. MACD remains on the bearish side. Volatility is elevated at roughly 50.5%. No recent matched news was found for this ticker/date. Relative strength versus the benchmark looked weak. 1-month excess return -8.49%; 3-month excess return -3.58%; 6-month excess return -15.01%."
2024-02-09,KSS,2.30140653152906,-19.289721983786936,,miss,linear_regression,target_5d_return,"Technical state is constructive, with price above the 50-day and 200-day averages. RSI is in a steady zone near 52.2. MACD remains on the bullish side. Volatility is elevated at roughly 48.4%.",No recent matched news was found for this ticker/date.,Relative strength versus the benchmark looked weak. 1-month excess return -8.39%; 3-month excess return -1.87%; 6-month excess return -15.72%.,"Model view: the forward return estimate was mildly negative at about -19.29%. Confidence was not explicitly available for this prediction. Technical state is constructive, with price above the 50-day and 200-day averages. RSI is in a steady zone near 52.2. MACD remains on the bullish side. Volatility is elevated at roughly 48.4%. No recent matched news was found for this ticker/date. Relative strength versus the benchmark looked weak. 1-month excess return -8.39%; 3-month excess return -1.87%; 6-month excess return -15.72%."
2024-02-12,KSS,0.5043205637397019,-17.03665086685956,,miss,linear_regression,target_5d_return,"Technical state is constructive, with price above the 50-day and 200-day averages. RSI is in a steady zone near 56.2. MACD remains on the bullish side. Volatility is elevated at roughly 48.7%.",No recent matched news was found for this ticker/date.,Relative strength versus the benchmark looked weak. 1-month excess return -1.32%; 3-month excess return 8.03%; 6-month excess return -12.72%.,"Model view: the forward return estimate was mildly negative at about -17.04%. Confidence was not explicitly available for this prediction. Technical state is constructive, with price above the 50-day and 200-day averages. RSI is in a steady zone near 56.2. MACD remains on the bullish side. Volatility is elevated at roughly 48.7%. No recent matched news was found for this ticker/date. Relative strength versus the benchmark looked weak. 1-month excess return -1.32%; 3-month excess return 8.03%; 6-month excess return -12.72%."
2024-02-13,KSS,3.9015178088205094,-13.24216297067926,,miss,linear_regression,target_5d_return,"Technical state is mixed, with price not fully aligned across the major moving averages. MACD remains on the bullish side. Volatility is elevated at roughly 51.6%.",No recent matched news was found for this ticker/date.,Relative strength versus the benchmark looked weak. 1-month excess return -2.58%; 3-month excess return 9.14%; 6-month excess return -15.23%.,"Model view: the forward return estimate was mildly negative at about -13.24%. Confidence was not explicitly available for this prediction. Technical state is mixed, with price not fully aligned across the major moving averages. MACD remains on the bullish side. Volatility is elevated at roughly 51.6%. No recent matched news was found for this ticker/date. Relative strength versus the benchmark looked weak. 1-month excess return -2.58%; 3-month excess return 9.14%; 6-month excess return -15.23%."
2024-02-14,KSS,-0.1822863428832866,-10.892071529368632,,hit,linear_regression,target_5d_return,"Technical state is constructive, with price above the 50-day and 200-day averages. RSI is in a steady zone near 53.8. MACD remains on the bullish side. Volatility is elevated at roughly 52.1%.",No recent matched news was found for this ticker/date.,Relative strength versus the benchmark looked mixed. 1-month excess return 2.16%; 3-month excess return 18.18%; 6-month excess return -12.46%.,"Model view: the forward return estimate was mildly negative at about -10.89%. Confidence was not explicitly available for this prediction. Technical state is constructive, with price above the 50-day and 200-day averages. RSI is in a steady zone near 53.8. MACD remains on the bullish side. Volatility is elevated at roughly 52.1%. No recent matched news was found for this ticker/date. Relative strength versus the benchmark looked mixed. 1-month excess return 2.16%; 3-month excess return 18.18%; 6-month excess return -12.46%."
2024-02-15,KSS,-2.5831547640621233,-15.14764259654184,,hit,linear_regression,target_5d_return,"Technical state is constructive, with price above the 50-day and 200-day averages. RSI is in a steady zone near 57.3. MACD remains on the bullish side. Volatility is elevated at roughly 52.2%.",No recent matched news was found for this ticker/date.,Relative strength versus the benchmark looked mixed. 1-month excess return 6.97%; 3-month excess return 12.73%; 6-month excess return -10.54%.,"Model view: the forward return estimate was mildly negative at about -15.15%. Confidence was not explicitly available for this prediction. Technical state is constructive, with price above the 50-day and 200-day averages. RSI is in a steady zone near 57.3. MACD remains on the bullish side. Volatility is elevated at roughly 52.2%. No recent matched news was found for this ticker/date. Relative strength versus the benchmark looked mixed. 1-month excess return 6.97%; 3-month excess return 12.73%; 6-month excess return -10.54%."
2024-02-16,KSS,-0.580550981540584,-14.28525009140979,,hit,linear_regression,target_5d_return,"Technical state is constructive, with price above the 50-day and 200-day averages. RSI is in a steady zone near 53.6. MACD remains on the bullish side. Volatility is elevated at roughly 53.4%.",No recent matched news was found for this ticker/date.,Relative strength versus the benchmark looked mixed. 1-month excess return 7.26%; 3-month excess return 0.42%; 6-month excess return -13.12%.,"Model view: the forward return estimate was mildly negative at about -14.29%. Confidence was not explicitly available for this prediction. Technical state is constructive, with price above the 50-day and 200-day averages. RSI is in a steady zone near 53.6. MACD remains on the bullish side. Volatility is elevated at roughly 53.4%. No recent matched news was found for this ticker/date. Relative strength versus the benchmark looked mixed. 1-month excess return 7.26%; 3-month excess return 0.42%; 6-month excess return -13.12%."
2024-02-20,KSS,2.5089633423311497,-13.440766776854826,,miss,linear_regression,target_5d_return,"Technical state is constructive, with price above the 50-day and 200-day averages. RSI is in a steady zone near 55.1. MACD remains on the bullish side. Volatility is elevated at roughly 51.3%.",No recent matched news was found for this ticker/date.,Relative strength versus the benchmark looked mixed. 1-month excess return 9.07%; 3-month excess return 6.83%; 6-month excess return -14.63%.,"Model view: the forward return estimate was mildly negative at about -13.44%. Confidence was not explicitly available for this prediction. Technical state is constructive, with price above the 50-day and 200-day averages. RSI is in a steady zone near 55.1. MACD remains on the bullish side. Volatility is elevated at roughly 51.3%. No recent matched news was found for this ticker/date. Relative strength versus the benchmark looked mixed. 1-month excess return 9.07%; 3-month excess return 6.83%; 6-month excess return -14.63%."
2024-02-21,KSS,2.223844708585232,-16.722862302385693,,miss,linear_regression,target_5d_return,"Technical state is constructive, with price above the 50-day and 200-day averages. RSI is in a steady zone near 52.6. MACD remains on the bullish side. Volatility is elevated at roughly 51.7%.",No recent matched news was found for this ticker/date.,Relative strength versus the benchmark looked weak. 1-month excess return 2.41%; 3-month excess return -2.98%; 6-month excess return -17.61%.,"Model view: the forward return estimate was mildly negative at about -16.72%. Confidence was not explicitly available for this prediction. Technical state is constructive, with price above the 50-day and 200-day averages. RSI is in a steady zone near 52.6. MACD remains on the bullish side. Volatility is elevated at roughly 51.7%. No recent matched news was found for this ticker/date. Relative strength versus the benchmark looked weak. 1-month excess return 2.41%; 3-month excess return -2.98%; 6-month excess return -17.61%."
2024-02-22,KSS,1.789633650423661,-12.136993836946644,,miss,linear_regression,target_5d_return,"Technical state is constructive, with price above the 50-day and 200-day averages. RSI is in a steady zone near 52.3. MACD remains on the bullish side. Volatility is elevated at roughly 50.4%.",No recent matched news was found for this ticker/date.,Relative strength versus the benchmark looked weak. 1-month excess return 1.22%; 3-month excess return -1.64%; 6-month excess return -9.47%.,"Model view: the forward return estimate was mildly negative at about -12.14%. Confidence was not explicitly available for this prediction. Technical state is constructive, with price above the 50-day and 200-day averages. RSI is in a steady zone near 52.3. MACD remains on the bullish side. Volatility is elevated at roughly 50.4%. No recent matched news was found for this ticker/date. Relative strength versus the benchmark looked weak. 1-month excess return 1.22%; 3-month excess return -1.64%; 6-month excess return -9.47%."
2024-02-23,KSS,0.7628008689971599,-12.249043681835758,,miss,linear_regression,target_5d_return,"Technical state is constructive, with price above the 50-day and 200-day averages. RSI is in a steady zone near 53.1. MACD remains on the bullish side. Volatility is elevated at roughly 49.4%.",No recent matched news was found for this ticker/date.,Relative strength versus the benchmark looked weak. 1-month excess return -1.67%; 3-month excess return 9.00%; 6-month excess return -12.85%.,"Model view: the forward return estimate was mildly negative at about -12.25%. Confidence was not explicitly available for this prediction. Technical state is constructive, with price above the 50-day and 200-day averages. RSI is in a steady zone near 53.1. MACD remains on the bullish side. Volatility is elevated at roughly 49.4%. No recent matched news was found for this ticker/date. Relative strength versus the benchmark looked weak. 1-month excess return -1.67%; 3-month excess return 9.00%; 6-month excess return -12.85%."
2024-02-26,KSS,1.0948947028681433,-10.265589260316432,,miss,linear_regression,target_5d_return,"Technical state is constructive, with price above the 50-day and 200-day averages. RSI is in a steady zone near 52.3. MACD remains on the bullish side. Volatility is elevated at roughly 46.8%.",No recent matched news was found for this ticker/date.,Relative strength versus the benchmark looked weak. 1-month excess return -4.06%; 3-month excess return 7.03%; 6-month excess return -9.04%.,"Model view: the forward return estimate was mildly negative at about -10.27%. Confidence was not explicitly available for this prediction. Technical state is constructive, with price above the 50-day and 200-day averages. RSI is in a steady zone near 52.3. MACD remains on the bullish side. Volatility is elevated at roughly 46.8%. No recent matched news was found for this ticker/date. Relative strength versus the benchmark looked weak. 1-month excess return -4.06%; 3-month excess return 7.03%; 6-month excess return -9.04%."
2024-02-27,KSS,-1.8181833945029813,-8.51149605328116,,hit,linear_regression,target_5d_return,"Technical state is constructive, with price above the 50-day and 200-day averages. RSI is in a steady zone near 58.6. MACD remains on the bullish side. Volatility is elevated at roughly 48.8%.",No recent matched news was found for this ticker/date.,Relative strength versus the benchmark looked mixed. 1-month excess return -4.26%; 3-month excess return 12.17%; 6-month excess return 4.49%.,"Model view: the forward return estimate was mildly negative at about -8.51%. Confidence was not explicitly available for this prediction. Technical state is constructive, with price above the 50-day and 200-day averages. RSI is in a steady zone near 58.6. MACD remains on the bullish side. Volatility is elevated at roughly 48.8%. No recent matched news was found for this ticker/date. Relative strength versus the benchmark looked mixed. 1-month excess return -4.26%; 3-month excess return 12.17%; 6-month excess return 4.49%."
2024-02-28,KSS,-3.174041611761236,-11.604064697894557,,hit,linear_regression,target_5d_return,"Technical state is constructive, with price above the 50-day and 200-day averages. RSI is in a steady zone near 54.9. MACD remains on the bullish side. Volatility is elevated at roughly 46.5%.",No recent matched news was found for this ticker/date.,Relative strength versus the benchmark looked weak. 1-month excess return -3.15%; 3-month excess return 10.26%; 6-month excess return -5.58%.,"Model view: the forward return estimate was mildly negative at about -11.60%. Confidence was not explicitly available for this prediction. Technical state is constructive, with price above the 50-day and 200-day averages. RSI is in a steady zone near 54.9. MACD remains on the bullish side. Volatility is elevated at roughly 46.5%. No recent matched news was found for this ticker/date. Relative strength versus the benchmark looked weak. 1-month excess return -3.15%; 3-month excess return 10.26%; 6-month excess return -5.58%."
2024-02-29,KSS,-3.7316142239339434,-7.296331066008531,,hit,linear_regression,target_5d_return,"Technical state is constructive, with price above the 50-day and 200-day averages. RSI is in a steady zone near 53.8. MACD remains on the bullish side. Volatility is elevated at roughly 43.9%.",No recent matched news was found for this ticker/date.,Relative strength versus the benchmark looked mixed. 1-month excess return 0.38%; 3-month excess return 6.75%; 6-month excess return -8.30%.,"Model view: the forward return estimate was mildly negative at about -7.30%. Confidence was not explicitly available for this prediction. Technical state is constructive, with price above the 50-day and 200-day averages. RSI is in a steady zone near 53.8. MACD remains on the bullish side. Volatility is elevated at roughly 43.9%. No recent matched news was found for this ticker/date. Relative strength versus the benchmark looked mixed. 1-month excess return 0.38%; 3-month excess return 6.75%; 6-month excess return -8.30%."
2024-03-01,KSS,-1.6943017924745507,-10.060090468542466,,hit,linear_regression,target_5d_return,"Technical state is constructive, with price above the 50-day and 200-day averages. RSI is in a steady zone near 53.0. MACD remains on the bullish side. Volatility is elevated at roughly 43.6%.",No recent matched news was found for this ticker/date.,Relative strength versus the benchmark looked mixed. 1-month excess return 1.47%; 3-month excess return 3.47%; 6-month excess return -10.42%.,"Model view: the forward return estimate was mildly negative at about -10.06%. Confidence was not explicitly available for this prediction. Technical state is constructive, with price above the 50-day and 200-day averages. RSI is in a steady zone near 53.0. MACD remains on the bullish side. Volatility is elevated at roughly 43.6%. No recent matched news was found for this ticker/date. Relative strength versus the benchmark looked mixed. 1-month excess return 1.47%; 3-month excess return 3.47%; 6-month excess return -10.42%."
2024-03-04,KSS,-1.8411560102344016,-9.774513113695559,,hit,linear_regression,target_5d_return,"Technical state is constructive, with price above the 50-day and 200-day averages. RSI is in a steady zone near 52.7. MACD remains on the bullish side. Volatility is elevated at roughly 43.6%.",No recent matched news was found for this ticker/date.,Relative strength versus the benchmark looked mixed. 1-month excess return 0.81%; 3-month excess return 5.85%; 6-month excess return -9.80%.,"Model view: the forward return estimate was mildly negative at about -9.77%. Confidence was not explicitly available for this prediction. Technical state is constructive, with price above the 50-day and 200-day averages. RSI is in a steady zone near 52.7. MACD remains on the bullish side. Volatility is elevated at roughly 43.6%. No recent matched news was found for this ticker/date. Relative strength versus the benchmark looked mixed. 1-month excess return 0.81%; 3-month excess return 5.85%; 6-month excess return -9.80%."
2024-03-05,KSS,-9.686607267609638,-10.052881296454313,,hit,linear_regression,target_5d_return,"Technical state is constructive, with price above the 50-day and 200-day averages. RSI is in a steady zone near 55.1. MACD remains on the bullish side. Volatility is elevated at roughly 41.8%.",No recent matched news was found for this ticker/date.,Relative strength versus the benchmark looked mixed. 1-month excess return 3.75%; 3-month excess return 5.34%; 6-month excess return -6.16%.,"Model view: the forward return estimate was mildly negative at about -10.05%. Confidence was not explicitly available for this prediction. Technical state is constructive, with price above the 50-day and 200-day averages. RSI is in a steady zone near 55.1. MACD remains on the bullish side. Volatility is elevated at roughly 41.8%. No recent matched news was found for this ticker/date. Relative strength versus the benchmark looked mixed. 1-month excess return 3.75%; 3-month excess return 5.34%; 6-month excess return -6.16%."
2024-03-06,KSS,-6.850824048385817,-11.37616994204403,,hit,linear_regression,target_5d_return,"Technical state is mixed, with price not fully aligned across the major moving averages. MACD remains on the bearish side. Volatility is elevated at roughly 40.5%.",No recent matched news was found for this ticker/date.,Relative strength versus the benchmark looked weak. 1-month excess return 2.73%; 3-month excess return -5.47%; 6-month excess return -5.33%.,"Model view: the forward return estimate was mildly negative at about -11.38%. Confidence was not explicitly available for this prediction. Technical state is mixed, with price not fully aligned across the major moving averages. MACD remains on the bearish side. Volatility is elevated at roughly 40.5%. No recent matched news was found for this ticker/date. Relative strength versus the benchmark looked weak. 1-month excess return 2.73%; 3-month excess return -5.47%; 6-month excess return -5.33%."
2024-03-07,KSS,-6.336193692782654,-9.40951784475456,,hit,linear_regression,target_5d_return,"Technical state is mixed, with price not fully aligned across the major moving averages. MACD remains on the bearish side. Volatility is elevated at roughly 39.4%.",No recent matched news was found for this ticker/date.,Relative strength versus the benchmark looked weak. 1-month excess return -4.12%; 3-month excess return 1.63%; 6-month excess return -7.23%.,"Model view: the forward return estimate was mildly negative at about -9.41%. Confidence was not explicitly available for this prediction. Technical state is mixed, with price not fully aligned across the major moving averages. MACD remains on the bearish side. Volatility is elevated at roughly 39.4%. No recent matched news was found for this ticker/date. Relative strength versus the benchmark looked weak. 1-month excess return -4.12%; 3-month excess return 1.63%; 6-month excess return -7.23%."
2024-03-08,KSS,-9.020905575822734,-5.30753594629341,,hit,linear_regression,target_5d_return,"Technical state is constructive, with price above the 50-day and 200-day averages. MACD remains on the bearish side. Volatility is elevated at roughly 38.0%.",No recent matched news was found for this ticker/date.,Relative strength versus the benchmark looked mixed. 1-month excess return 1.88%; 3-month excess return 7.88%; 6-month excess return -0.67%.,"Model view: the forward return estimate was mildly negative at about -5.31%. Confidence was not explicitly available for this prediction. Technical state is constructive, with price above the 50-day and 200-day averages. MACD remains on the bearish side. Volatility is elevated at roughly 38.0%. No recent matched news was found for this ticker/date. Relative strength versus the benchmark looked mixed. 1-month excess return 1.88%; 3-month excess return 7.88%; 6-month excess return -0.67%."
2024-03-11,KSS,-7.907317308939477,-9.407245082683119,,hit,linear_regression,target_5d_return,"Technical state is constructive, with price above the 50-day and 200-day averages. MACD remains on the bearish side. Volatility is elevated at roughly 38.1%.",No recent matched news was found for this ticker/date.,Relative strength versus the benchmark looked weak. 1-month excess return -1.60%; 3-month excess return 2.16%; 6-month excess return -2.40%.,"Model view: the forward return estimate was mildly negative at about -9.41%. Confidence was not explicitly available for this prediction. Technical state is constructive, with price above the 50-day and 200-day averages. MACD remains on the bearish side. Volatility is elevated at roughly 38.1%. No recent matched news was found for this ticker/date. Relative strength versus the benchmark looked weak. 1-month excess return -1.60%; 3-month excess return 2.16%; 6-month excess return -2.40%."
2024-03-12,KSS,0.5520480531506555,-9.591959442958231,,miss,linear_regression,target_5d_return,"Technical state is mixed, with price not fully aligned across the major moving averages. RSI is weak near 38.2. MACD remains on the bearish side. Volatility is elevated at roughly 43.4%.",No recent matched news was found for this ticker/date.,Relative strength versus the benchmark looked weak. 1-month excess return -8.98%; 3-month excess return -9.44%; 6-month excess return -9.03%.,"Model view: the forward return estimate was mildly negative at about -9.59%. Confidence was not explicitly available for this prediction. Technical state is mixed, with price not fully aligned across the major moving averages. RSI is weak near 38.2. MACD remains on the bearish side. Volatility is elevated at roughly 43.4%. No recent matched news was found for this ticker/date. Relative strength versus the benchmark looked weak. 1-month excess return -8.98%; 3-month excess return -9.44%; 6-month excess return -9.03%."
2024-03-13,KSS,3.3610061026103644,-10.988250117044064,,miss,linear_regression,target_5d_return,"Technical state is mixed, with price not fully aligned across the major moving averages. RSI is weak near 37.9. MACD remains on the bearish side. Volatility is elevated at roughly 40.0%.",No recent matched news was found for this ticker/date.,Relative strength versus the benchmark looked weak. 1-month excess return -11.91%; 3-month excess return -15.85%; 6-month excess return -7.88%.,"Model view: the forward return estimate was mildly negative at about -10.99%. Confidence was not explicitly available for this prediction. Technical state is mixed, with price not fully aligned across the major moving averages. RSI is weak near 37.9. MACD remains on the bearish side. Volatility is elevated at roughly 40.0%. No recent matched news was found for this ticker/date. Relative strength versus the benchmark looked weak. 1-month excess return -11.91%; 3-month excess return -15.85%; 6-month excess return -7.88%."
2024-03-14,KSS,9.430962667652953,-9.941135990579994,,miss,linear_regression,target_5d_return,"Technical state is mixed, with price not fully aligned across the major moving averages. RSI is weak near 37.0. MACD remains on the bearish side. Volatility is elevated at roughly 37.0%.",No recent matched news was found for this ticker/date.,Relative strength versus the benchmark looked weak. 1-month excess return -9.06%; 3-month excess return -10.80%; 6-month excess return -3.40%.,"Model view: the forward return estimate was mildly negative at about -9.94%. Confidence was not explicitly available for this prediction. Technical state is mixed, with price not fully aligned across the major moving averages. RSI is weak near 37.0. MACD remains on the bearish side. Volatility is elevated at roughly 37.0%. No recent matched news was found for this ticker/date. Relative strength versus the benchmark looked weak. 1-month excess return -9.06%; 3-month excess return -10.80%; 6-month excess return -3.40%."
2024-03-15,KSS,6.2877928531698934,-10.783437751011423,,miss,linear_regression,target_5d_return,"Technical state is mixed, with price not fully aligned across the major moving averages. RSI is weak near 35.4. MACD remains on the bearish side. Volatility is elevated at roughly 34.8%.",No recent matched news was found for this ticker/date.,Relative strength versus the benchmark looked weak. 1-month excess return -12.11%; 3-month excess return -17.33%; 6-month excess return -4.55%.,"Model view: the forward return estimate was mildly negative at about -10.78%. Confidence was not explicitly available for this prediction. Technical state is mixed, with price not fully aligned across the major moving averages. RSI is weak near 35.4. MACD remains on the bearish side. Volatility is elevated at roughly 34.8%. No recent matched news was found for this ticker/date. Relative strength versus the benchmark looked weak. 1-month excess return -12.11%; 3-month excess return -17.33%; 6-month excess return -4.55%."
2024-03-18,KSS,5.750793027391787,-10.798367409376926,,miss,linear_regression,target_5d_return,"Technical state is mixed, with price not fully aligned across the major moving averages. RSI is weak near 37.5. MACD remains on the bearish side. Volatility is elevated at roughly 34.5%.",No recent matched news was found for this ticker/date.,Relative strength versus the benchmark looked weak. 1-month excess return -13.90%; 3-month excess return -21.02%; 6-month excess return -5.88%.,"Model view: the forward return estimate was mildly negative at about -10.80%. Confidence was not explicitly available for this prediction. Technical state is mixed, with price not fully aligned across the major moving averages. RSI is weak near 37.5. MACD remains on the bearish side. Volatility is elevated at roughly 34.5%. No recent matched news was found for this ticker/date. Relative strength versus the benchmark looked weak. 1-month excess return -13.90%; 3-month excess return -21.02%; 6-month excess return -5.88%."
2024-03-19,KSS,3.13725191004135,-13.59857986739729,,miss,linear_regression,target_5d_return,"Technical state is mixed, with price not fully aligned across the major moving averages. MACD remains on the bearish side. Volatility is elevated at roughly 34.9%.",No recent matched news was found for this ticker/date.,Relative strength versus the benchmark looked weak. 1-month excess return -11.08%; 3-month excess return -19.55%; 6-month excess return 2.71%.,"Model view: the forward return estimate was mildly negative at about -13.60%. Confidence was not explicitly available for this prediction. Technical state is mixed, with price not fully aligned across the major moving averages. MACD remains on the bearish side. Volatility is elevated at roughly 34.9%. No recent matched news was found for this ticker/date. Relative strength versus the benchmark looked weak. 1-month excess return -11.08%; 3-month excess return -19.55%; 6-month excess return 2.71%."
2024-03-20,KSS,8.798780405939844,-15.82575945780188,,miss,linear_regression,target_5d_return,"Technical state is mixed, with price not fully aligned across the major moving averages. MACD remains on the bearish side. Volatility is elevated at roughly 36.1%.",No recent matched news was found for this ticker/date.,Relative strength versus the benchmark looked weak. 1-month excess return -11.40%; 3-month excess return -18.75%; 6-month excess return 2.32%.,"Model view: the forward return estimate was mildly negative at about -15.83%. Confidence was not explicitly available for this prediction. Technical state is mixed, with price not fully aligned across the major moving averages. MACD remains on the bearish side. Volatility is elevated at roughly 36.1%. No recent matched news was found for this ticker/date. Relative strength versus the benchmark looked weak. 1-month excess return -11.40%; 3-month excess return -18.75%; 6-month excess return 2.32%."
2024-03-21,KSS,5.999998612837354,-18.67467707368356,,miss,linear_regression,target_5d_return,"Technical state is constructive, with price above the 50-day and 200-day averages. RSI is in a steady zone near 56.2. MACD remains on the bearish side. Volatility is elevated at roughly 40.9%.",No recent matched news was found for this ticker/date.,Relative strength versus the benchmark looked weak. 1-month excess return -5.08%; 3-month excess return -14.43%; 6-month excess return 10.00%.,"Model view: the forward return estimate was mildly negative at about -18.67%. Confidence was not explicitly available for this prediction. Technical state is constructive, with price above the 50-day and 200-day averages. RSI is in a steady zone near 56.2. MACD remains on the bearish side. Volatility is elevated at roughly 40.9%. No recent matched news was found for this ticker/date. Relative strength versus the benchmark looked weak. 1-month excess return -5.08%; 3-month excess return -14.43%; 6-month excess return 10.00%."
2024-03-22,KSS,11.30071842016278,-13.599535721473597,,miss,linear_regression,target_5d_return,"Technical state is mixed, with price not fully aligned across the major moving averages. MACD remains on the bullish side. Volatility is elevated at roughly 43.4%.",No recent matched news was found for this ticker/date.,Relative strength versus the benchmark looked weak. 1-month excess return -6.39%; 3-month excess return -14.47%; 6-month excess return 5.75%.,"Model view: the forward return estimate was mildly negative at about -13.60%. Confidence was not explicitly available for this prediction. Technical state is mixed, with price not fully aligned across the major moving averages. MACD remains on the bullish side. Volatility is elevated at roughly 43.4%. No recent matched news was found for this ticker/date. Relative strength versus the benchmark looked weak. 1-month excess return -6.39%; 3-month excess return -14.47%; 6-month excess return 5.75%."
2024-03-25,KSS,4.191845277720185,-14.015169103629058,,miss,linear_regression,target_5d_return,"Technical state is mixed, with price not fully aligned across the major moving averages. MACD remains on the bullish side. Volatility is elevated at roughly 43.4%.",No recent matched news was found for this ticker/date.,Relative strength versus the benchmark looked weak. 1-month excess return -6.20%; 3-month excess return -14.32%; 6-month excess return 8.27%.,"Model view: the forward return estimate was mildly negative at about -14.02%. Confidence was not explicitly available for this prediction. Technical state is mixed, with price not fully aligned across the major moving averages. MACD remains on the bullish side. Volatility is elevated at roughly 43.4%. No recent matched news was found for this ticker/date. Relative strength versus the benchmark looked weak. 1-month excess return -6.20%; 3-month excess return -14.32%; 6-month excess return 8.27%."
2024-03-26,KSS,2.3193940229929044,-13.426016867681225,,miss,linear_regression,target_5d_return,"Technical state is mixed, with price not fully aligned across the major moving averages. MACD remains on the bullish side. Volatility is elevated at roughly 40.1%.",No recent matched news was found for this ticker/date.,Relative strength versus the benchmark looked weak. 1-month excess return -6.49%; 3-month excess return -14.44%; 6-month excess return 8.48%.,"Model view: the forward return estimate was mildly negative at about -13.43%. Confidence was not explicitly available for this prediction. Technical state is mixed, with price not fully aligned across the major moving averages. MACD remains on the bullish side. Volatility is elevated at roughly 40.1%. No recent matched news was found for this ticker/date. Relative strength versus the benchmark looked weak. 1-month excess return -6.49%; 3-month excess return -14.44%; 6-month excess return 8.48%."
2024-03-27,KSS,-9.669479424611138,-15.84492009846899,,hit,linear_regression,target_5d_return,"Technical state is constructive, with price above the 50-day and 200-day averages. RSI is in a steady zone near 60.3. MACD remains on the bullish side. Volatility is elevated at roughly 49.7%.",No recent matched news was found for this ticker/date.,Relative strength versus the benchmark looked weak. 1-month excess return -3.74%; 3-month excess return -11.82%; 6-month excess return 21.09%.,"Model view: the forward return estimate was mildly negative at about -15.84%. Confidence was not explicitly available for this prediction. Technical state is constructive, with price above the 50-day and 200-day averages. RSI is in a steady zone near 60.3. MACD remains on the bullish side. Volatility is elevated at roughly 49.7%. No recent matched news was found for this ticker/date. Relative strength versus the benchmark looked weak. 1-month excess return -3.74%; 3-month excess return -11.82%; 6-month excess return 21.09%."
2024-03-28,KSS,-12.521439678544688,-11.510776802633382,,hit,linear_regression,target_5d_return,"Technical state is constructive, with price above the 50-day and 200-day averages. RSI is in a steady zone near 63.4. MACD remains on the bullish side. Volatility is elevated at roughly 50.3%.",No recent matched news was found for this ticker/date.,Relative strength versus the benchmark looked favorable. 1-month excess return 0.63%; 3-month excess return -10.49%; 6-month excess return 26.82%.,"Model view: the forward return estimate was mildly negative at about -11.51%. Confidence was not explicitly available for this prediction. Technical state is constructive, with price above the 50-day and 200-day averages. RSI is in a steady zone near 63.4. MACD remains on the bullish side. Volatility is elevated at roughly 50.3%. No recent matched news was found for this ticker/date. Relative strength versus the benchmark looked favorable. 1-month excess return 0.63%; 3-month excess return -10.49%; 6-month excess return 26.82%."
2024-04-01,KSS,-14.889270127548004,-12.42957909355844,,hit,linear_regression,target_5d_return,"Technical state is constructive, with price above the 50-day and 200-day averages. RSI is in a steady zone near 64.2. MACD remains on the bullish side. Volatility is elevated at roughly 50.2%.",No recent matched news was found for this ticker/date.,Relative strength versus the benchmark looked favorable. 1-month excess return 2.50%; 3-month excess return -9.51%; 6-month excess return 24.06%.,"Model view: the forward return estimate was mildly negative at about -12.43%. Confidence was not explicitly available for this prediction. Technical state is constructive, with price above the 50-day and 200-day averages. RSI is in a steady zone near 64.2. MACD remains on the bullish side. Volatility is elevated at roughly 50.2%. No recent matched news was found for this ticker/date. Relative strength versus the benchmark looked favorable. 1-month excess return 2.50%; 3-month excess return -9.51%; 6-month excess return 24.06%."
2024-04-02,KSS,-10.656036671974611,-14.322840114112864,,hit,linear_regression,target_5d_return,"Technical state is constructive, with price above the 50-day and 200-day averages. RSI is in a steady zone near 52.8. MACD remains on the bullish side. Volatility is elevated at roughly 55.0%.",No recent matched news was found for this ticker/date.,Relative strength versus the benchmark looked weak. 1-month excess return -1.71%; 3-month excess return -12.99%; 6-month excess return 10.18%.,"Model view: the forward return estimate was mildly negative at about -14.32%. Confidence was not explicitly available for this prediction. Technical state is constructive, with price above the 50-day and 200-day averages. RSI is in a steady zone near 52.8. MACD remains on the bullish side. Volatility is elevated at roughly 55.0%. No recent matched news was found for this ticker/date. Relative strength versus the benchmark looked weak. 1-month excess return -1.71%; 3-month excess return -12.99%; 6-month excess return 10.18%."
2024-04-03,KSS,-13.74953840178218,-12.976190472638613,,hit,linear_regression,target_5d_return,"Technical state is mixed, with price not fully aligned across the major moving averages. MACD remains on the bullish side. Volatility is elevated at roughly 55.5%.",No recent matched news was found for this ticker/date.,Relative strength versus the benchmark looked weak. 1-month excess return -4.23%; 3-month excess return -14.02%; 6-month excess return 9.00%.,"Model view: the forward return estimate was mildly negative at about -12.98%. Confidence was not explicitly available for this prediction. Technical state is mixed, with price not fully aligned across the major moving averages. MACD remains on the bullish side. Volatility is elevated at roughly 55.5%. No recent matched news was found for this ticker/date. Relative strength versus the benchmark looked weak. 1-month excess return -4.23%; 3-month excess return -14.02%; 6-month excess return 9.00%."
2024-04-04,KSS,-7.8240567812256305,-9.031158006020902,,hit,linear_regression,target_5d_return,"Technical state is mixed, with price not fully aligned across the major moving averages. MACD remains on the bullish side. Volatility is elevated at roughly 56.6%.",No recent matched news was found for this ticker/date.,Relative strength versus the benchmark looked weak. 1-month excess return -9.65%; 3-month excess return -12.21%; 6-month excess return 8.04%.,"Model view: the forward return estimate was mildly negative at about -9.03%. Confidence was not explicitly available for this prediction. Technical state is mixed, with price not fully aligned across the major moving averages. MACD remains on the bullish side. Volatility is elevated at roughly 56.6%. No recent matched news was found for this ticker/date. Relative strength versus the benchmark looked weak. 1-month excess return -9.65%; 3-month excess return -12.21%; 6-month excess return 8.04%."
2024-04-05,KSS,-10.862746893190867,-11.398277085568864,,hit,linear_regression,target_5d_return,"Technical state is mixed, with price not fully aligned across the major moving averages. MACD remains on the bearish side. Volatility is elevated at roughly 56.5%.",No recent matched news was found for this ticker/date.,Relative strength versus the benchmark looked weak. 1-month excess return -7.76%; 3-month excess return -14.80%; 6-month excess return 3.95%.,"Model view: the forward return estimate was mildly negative at about -11.40%. Confidence was not explicitly available for this prediction. Technical state is mixed, with price not fully aligned across the major moving averages. MACD remains on the bearish side. Volatility is elevated at roughly 56.5%. No recent matched news was found for this ticker/date. Relative strength versus the benchmark looked weak. 1-month excess return -7.76%; 3-month excess return -14.80%; 6-month excess return 3.95%."
2024-04-08,KSS,-11.008807247375184,-8.562350368777302,,hit,linear_regression,target_5d_return,"Technical state is soft, with price below the 50-day and 200-day averages. MACD remains on the bearish side. Volatility is elevated at roughly 56.4%.",No recent matched news was found for this ticker/date.,Relative strength versus the benchmark looked weak. 1-month excess return -7.62%; 3-month excess return -16.38%; 6-month excess return 11.62%.,"Model view: the forward return estimate was mildly negative at about -8.56%. Confidence was not explicitly available for this prediction. Technical state is soft, with price below the 50-day and 200-day averages. MACD remains on the bearish side. Volatility is elevated at roughly 56.4%. No recent matched news was found for this ticker/date. Relative strength versus the benchmark looked weak. 1-month excess return -7.62%; 3-month excess return -16.38%; 6-month excess return 11.62%."
2024-04-09,KSS,-10.669367957269815,-9.646987786801631,,hit,linear_regression,target_5d_return,"Technical state is soft, with price below the 50-day and 200-day averages. RSI is weak near 38.8. MACD remains on the bearish side. Volatility is elevated at roughly 56.5%.",No recent matched news was found for this ticker/date.,Relative strength versus the benchmark looked weak. 1-month excess return -11.07%; 3-month excess return -18.71%; 6-month excess return 10.86%.,"Model view: the forward return estimate was mildly negative at about -9.65%. Confidence was not explicitly available for this prediction. Technical state is soft, with price below the 50-day and 200-day averages. RSI is weak near 38.8. MACD remains on the bearish side. Volatility is elevated at roughly 56.5%. No recent matched news was found for this ticker/date. Relative strength versus the benchmark looked weak. 1-month excess return -11.07%; 3-month excess return -18.71%; 6-month excess return 10.86%."
2024-04-10,KSS,-5.816452078295143,-6.998820285492287,,hit,linear_regression,target_5d_return,"Technical state is soft, with price below the 50-day and 200-day averages. RSI is weak near 33.2. MACD remains on the bearish side. Volatility is elevated at roughly 55.3%.",No recent matched news was found for this ticker/date.,Relative strength versus the benchmark looked weak. 1-month excess return -15.20%; 3-month excess return -25.18%; 6-month excess return 6.46%.,"Model view: the forward return estimate was mildly negative at about -7.00%. Confidence was not explicitly available for this prediction. Technical state is soft, with price below the 50-day and 200-day averages. RSI is weak near 33.2. MACD remains on the bearish side. Volatility is elevated at roughly 55.3%. No recent matched news was found for this ticker/date. Relative strength versus the benchmark looked weak. 1-month excess return -15.20%; 3-month excess return -25.18%; 6-month excess return 6.46%."
2024-04-11,KSS,-3.505067200208778,-9.436133818973218,,hit,linear_regression,target_5d_return,"Technical state is soft, with price below the 50-day and 200-day averages. RSI is weak near 36.4. MACD remains on the bearish side. Volatility is elevated at roughly 55.9%.",No recent matched news was found for this ticker/date.,Relative strength versus the benchmark looked weak. 1-month excess return -6.84%; 3-month excess return -23.62%; 6-month excess return 4.48%.,"Model view: the forward return estimate was mildly negative at about -9.44%. Confidence was not explicitly available for this prediction. Technical state is soft, with price below the 50-day and 200-day averages. RSI is weak near 36.4. MACD remains on the bearish side. Volatility is elevated at roughly 55.9%. No recent matched news was found for this ticker/date. Relative strength versus the benchmark looked weak. 1-month excess return -6.84%; 3-month excess return -23.62%; 6-month excess return 4.48%."
2024-04-12,KSS,2.0237615533890585,-7.187851501650585,,miss,linear_regression,target_5d_return,"Technical state is soft, with price below the 50-day and 200-day averages. RSI is weak near 33.0. MACD remains on the bearish side. Volatility is elevated at roughly 57.5%.",No recent matched news was found for this ticker/date.,Relative strength versus the benchmark looked weak. 1-month excess return -9.12%; 3-month excess return -22.22%; 6-month excess return 2.64%.,"Model view: the forward return estimate was mildly negative at about -7.19%. Confidence was not explicitly available for this prediction. Technical state is soft, with price below the 50-day and 200-day averages. RSI is weak near 33.0. MACD remains on the bearish side. Volatility is elevated at roughly 57.5%. No recent matched news was found for this ticker/date. Relative strength versus the benchmark looked weak. 1-month excess return -9.12%; 3-month excess return -22.22%; 6-month excess return 2.64%."
2024-04-15,KSS,11.11111683115511,-4.759119961672327,,miss,linear_regression,target_5d_return,"Technical state is soft, with price below the 50-day and 200-day averages. RSI is weak near 31.3. MACD remains on the bearish side. Volatility is elevated at roughly 57.8%.",No recent matched news was found for this ticker/date.,Relative strength versus the benchmark looked weak. 1-month excess return -9.50%; 3-month excess return -20.74%; 6-month excess return 4.02%.,"Model view: the forward return estimate was mildly negative at about -4.76%. Confidence was not explicitly available for this prediction. Technical state is soft, with price below the 50-day and 200-day averages. RSI is weak near 31.3. MACD remains on the bearish side. Volatility is elevated at roughly 57.8%. No recent matched news was found for this ticker/date. Relative strength versus the benchmark looked weak. 1-month excess return -9.50%; 3-month excess return -20.74%; 6-month excess return 4.02%."
2024-04-16,KSS,15.349677976845367,-3.8128795661039603,,miss,linear_regression,target_5d_return,"Technical state is soft, with price below the 50-day and 200-day averages. RSI is weak near 30.6. MACD remains on the bearish side. Volatility is elevated at roughly 57.5%.",No recent matched news was found for this ticker/date.,Relative strength versus the benchmark looked weak. 1-month excess return -9.71%; 3-month excess return -20.00%; 6-month excess return 6.97%.,"Model view: the forward return estimate was mildly negative at about -3.81%. Confidence was not explicitly available for this prediction. Technical state is soft, with price below the 50-day and 200-day averages. RSI is weak near 30.6. MACD remains on the bearish side. Volatility is elevated at roughly 57.5%. No recent matched news was found for this ticker/date. Relative strength versus the benchmark looked weak. 1-month excess return -9.71%; 3-month excess return -20.00%; 6-month excess return 6.97%."
2024-04-17,KSS,13.860927240148623,-7.902183911763037,,miss,linear_regression,target_5d_return,"Technical state is soft, with price below the 50-day and 200-day averages. RSI is weak near 30.1. MACD remains on the bearish side. Volatility is elevated at roughly 56.8%.",No recent matched news was found for this ticker/date.,Relative strength versus the benchmark looked weak. 1-month excess return -9.96%; 3-month excess return -18.36%; 6-month excess return -0.38%.,"Model view: the forward return estimate was mildly negative at about -7.90%. Confidence was not explicitly available for this prediction. Technical state is soft, with price below the 50-day and 200-day averages. RSI is weak near 30.1. MACD remains on the bearish side. Volatility is elevated at roughly 56.8%. No recent matched news was found for this ticker/date. Relative strength versus the benchmark looked weak. 1-month excess return -9.96%; 3-month excess return -18.36%; 6-month excess return -0.38%."
2024-04-18,KSS,6.258206920361564,-10.483439300591794,,miss,linear_regression,target_5d_return,"Technical state is soft, with price below the 50-day and 200-day averages. RSI is weak near 37.6. MACD remains on the bearish side. Volatility is elevated at roughly 58.8%.",No recent matched news was found for this ticker/date.,Relative strength versus the benchmark looked weak. 1-month excess return -6.89%; 3-month excess return -11.87%; 6-month excess return -3.86%.,"Model view: the forward return estimate was mildly negative at about -10.48%. Confidence was not explicitly available for this prediction. Technical state is soft, with price below the 50-day and 200-day averages. RSI is weak near 37.6. MACD remains on the bearish side. Volatility is elevated at roughly 58.8%. No recent matched news was found for this ticker/date. Relative strength versus the benchmark looked weak. 1-month excess return -6.89%; 3-month excess return -11.87%; 6-month excess return -3.86%."
2024-04-19,KSS,5.778353263165825,-10.889818640537117,,miss,linear_regression,target_5d_return,"Technical state is soft, with price below the 50-day and 200-day averages. RSI is weak near 40.0. MACD remains on the bearish side. Volatility is elevated at roughly 55.3%.",No recent matched news was found for this ticker/date.,Relative strength versus the benchmark looked weak. 1-month excess return -6.15%; 3-month excess return -9.53%; 6-month excess return -4.14%.,"Model view: the forward return estimate was mildly negative at about -10.89%. Confidence was not explicitly available for this prediction. Technical state is soft, with price below the 50-day and 200-day averages. RSI is weak near 40.0. MACD remains on the bearish side. Volatility is elevated at roughly 55.3%. No recent matched news was found for this ticker/date. Relative strength versus the benchmark looked weak. 1-month excess return -6.15%; 3-month excess return -9.53%; 6-month excess return -4.14%."
2024-04-22,KSS,-1.0121457177244553,-10.498593184215288,,hit,linear_regression,target_5d_return,"Technical state is soft, with price below the 50-day and 200-day averages. MACD remains on the bearish side. Volatility is elevated at roughly 59.5%.",No recent matched news was found for this ticker/date.,Relative strength versus the benchmark looked weak. 1-month excess return -5.55%; 3-month excess return -8.54%; 6-month excess return 1.66%.,"Model view: the forward return estimate was mildly negative at about -10.50%. Confidence was not explicitly available for this prediction. Technical state is soft, with price below the 50-day and 200-day averages. MACD remains on the bearish side. Volatility is elevated at roughly 59.5%. No recent matched news was found for this ticker/date. Relative strength versus the benchmark looked weak. 1-month excess return -5.55%; 3-month excess return -8.54%; 6-month excess return 1.66%."
2024-04-23,KSS,-5.748027977951353,-14.518546295472763,,hit,linear_regression,target_5d_return,"Technical state is mixed, with price not fully aligned across the major moving averages. RSI is in a steady zone near 52.9. MACD remains on the bullish side. Volatility is elevated at roughly 60.5%.",No recent matched news was found for this ticker/date.,Relative strength versus the benchmark looked weak. 1-month excess return -0.69%; 3-month excess return -6.05%; 6-month excess return -0.81%.,"Model view: the forward return estimate was mildly negative at about -14.52%. Confidence was not explicitly available for this prediction. Technical state is mixed, with price not fully aligned across the major moving averages. RSI is in a steady zone near 52.9. MACD remains on the bullish side. Volatility is elevated at roughly 60.5%. No recent matched news was found for this ticker/date. Relative strength versus the benchmark looked weak. 1-month excess return -0.69%; 3-month excess return -6.05%; 6-month excess return -0.81%."
2024-04-24,KSS,-5.383688973271672,-13.497990972342148,,hit,linear_regression,target_5d_return,"Technical state is soft, with price below the 50-day and 200-day averages. RSI is in a steady zone near 50.1. MACD remains on the bullish side. Volatility is elevated at roughly 60.8%.",No recent matched news was found for this ticker/date.,Relative strength versus the benchmark looked weak. 1-month excess return -3.19%; 3-month excess return -11.03%; 6-month excess return -2.72%.,"Model view: the forward return estimate was mildly negative at about -13.50%. Confidence was not explicitly available for this prediction. Technical state is soft, with price below the 50-day and 200-day averages. RSI is in a steady zone near 50.1. MACD remains on the bullish side. Volatility is elevated at roughly 60.8%. No recent matched news was found for this ticker/date. Relative strength versus the benchmark looked weak. 1-month excess return -3.19%; 3-month excess return -11.03%; 6-month excess return -2.72%."
2024-04-25,KSS,1.5238835313883259,-14.402160794228763,,miss,linear_regression,target_5d_return,"Technical state is soft, with price below the 50-day and 200-day averages. MACD remains on the bullish side. Volatility is elevated at roughly 52.6%.",No recent matched news was found for this ticker/date.,Relative strength versus the benchmark looked weak. 1-month excess return -4.74%; 3-month excess return -14.85%; 6-month excess return -9.58%.,"Model view: the forward return estimate was mildly negative at about -14.40%. Confidence was not explicitly available for this prediction. Technical state is soft, with price below the 50-day and 200-day averages. MACD remains on the bullish side. Volatility is elevated at roughly 52.6%. No recent matched news was found for this ticker/date. Relative strength versus the benchmark looked weak. 1-month excess return -4.74%; 3-month excess return -14.85%; 6-month excess return -9.58%."
2024-04-26,KSS,-1.4268258119547128,-15.086693876245665,,hit,linear_regression,target_5d_return,"Technical state is soft, with price below the 50-day and 200-day averages. MACD remains on the bullish side. Volatility is elevated at roughly 51.7%.",No recent matched news was found for this ticker/date.,Relative strength versus the benchmark looked weak. 1-month excess return -10.93%; 3-month excess return -18.73%; 6-month excess return -11.02%.,"Model view: the forward return estimate was mildly negative at about -15.09%. Confidence was not explicitly available for this prediction. Technical state is soft, with price below the 50-day and 200-day averages. MACD remains on the bullish side. Volatility is elevated at roughly 51.7%. No recent matched news was found for this ticker/date. Relative strength versus the benchmark looked weak. 1-month excess return -10.93%; 3-month excess return -18.73%; 6-month excess return -11.02%."
2024-04-29,KSS,-0.12270219104034696,-14.307924924187748,,hit,linear_regression,target_5d_return,"Technical state is soft, with price below the 50-day and 200-day averages. MACD remains on the bullish side. Volatility is elevated at roughly 51.4%.",No recent matched news was found for this ticker/date.,Relative strength versus the benchmark looked weak. 1-month excess return -13.66%; 3-month excess return -16.74%; 6-month excess return -14.26%.,"Model view: the forward return estimate was mildly negative at about -14.31%. Confidence was not explicitly available for this prediction. Technical state is soft, with price below the 50-day and 200-day averages. MACD remains on the bullish side. Volatility is elevated at roughly 51.4%. No recent matched news was found for this ticker/date. Relative strength versus the benchmark looked weak. 1-month excess return -13.66%; 3-month excess return -16.74%; 6-month excess return -14.26%."
2024-04-30,KSS,0.4594766104806247,-11.65924647635392,,miss,linear_regression,target_5d_return,"Technical state is soft, with price below the 50-day and 200-day averages. MACD remains on the bullish side. Volatility is elevated at roughly 48.0%.",No recent matched news was found for this ticker/date.,Relative strength versus the benchmark looked weak. 1-month excess return -14.55%; 3-month excess return -13.05%; 6-month excess return -12.53%.,"Model view: the forward return estimate was mildly negative at about -11.66%. Confidence was not explicitly available for this prediction. Technical state is soft, with price below the 50-day and 200-day averages. MACD remains on the bullish side. Volatility is elevated at roughly 48.0%. No recent matched news was found for this ticker/date. Relative strength versus the benchmark looked weak. 1-month excess return -14.55%; 3-month excess return -13.05%; 6-month excess return -12.53%."
2024-05-01,KSS,1.6560565164831287,-11.03262062921151,,miss,linear_regression,target_5d_return,"Technical state is soft, with price below the 50-day and 200-day averages. MACD remains on the bullish side. Volatility is elevated at roughly 47.7%.",No recent matched news was found for this ticker/date.,Relative strength versus the benchmark looked weak. 1-month excess return -11.08%; 3-month excess return -12.21%; 6-month excess return -13.40%.,"Model view: the forward return estimate was mildly negative at about -11.03%. Confidence was not explicitly available for this prediction. Technical state is soft, with price below the 50-day and 200-day averages. MACD remains on the bullish side. Volatility is elevated at roughly 47.7%. No recent matched news was found for this ticker/date. Relative strength versus the benchmark looked weak. 1-month excess return -11.08%; 3-month excess return -12.21%; 6-month excess return -13.40%."
2024-05-02,KSS,-2.7991908508546937,-14.084293422346807,,hit,linear_regression,target_5d_return,"Technical state is soft, with price below the 50-day and 200-day averages. RSI is in a steady zone near 50.1. MACD remains on the bullish side. Volatility is elevated at roughly 48.8%.",No recent matched news was found for this ticker/date.,Relative strength versus the benchmark looked weak. 1-month excess return -5.65%; 3-month excess return -9.33%; 6-month excess return -11.52%.,"Model view: the forward return estimate was mildly negative at about -14.08%. Confidence was not explicitly available for this prediction. Technical state is soft, with price below the 50-day and 200-day averages. RSI is in a steady zone near 50.1. MACD remains on the bullish side. Volatility is elevated at roughly 48.8%. No recent matched news was found for this ticker/date. Relative strength versus the benchmark looked weak. 1-month excess return -5.65%; 3-month excess return -9.33%; 6-month excess return -11.52%."
2024-05-03,KSS,-1.0339123111859028,-14.00058176877533,,hit,linear_regression,target_5d_return,"Technical state is soft, with price below the 50-day and 200-day averages. MACD remains on the bullish side. Volatility is elevated at roughly 49.2%.",No recent matched news was found for this ticker/date.,Relative strength versus the benchmark looked weak. 1-month excess return -5.56%; 3-month excess return -11.87%; 6-month excess return -12.91%.,"Model view: the forward return estimate was mildly negative at about -14.00%. Confidence was not explicitly available for this prediction. Technical state is soft, with price below the 50-day and 200-day averages. MACD remains on the bullish side. Volatility is elevated at roughly 49.2%. No recent matched news was found for this ticker/date. Relative strength versus the benchmark looked weak. 1-month excess return -5.56%; 3-month excess return -11.87%; 6-month excess return -12.91%."
2024-05-06,KSS,6.142506123315483,-16.209639172806735,,miss,linear_regression,target_5d_return,"Technical state is soft, with price below the 50-day and 200-day averages. MACD remains on the bullish side. Volatility is elevated at roughly 48.9%.",No recent matched news was found for this ticker/date.,Relative strength versus the benchmark looked weak. 1-month excess return -3.86%; 3-month excess return -9.31%; 6-month excess return -16.51%.,"Model view: the forward return estimate was mildly negative at about -16.21%. Confidence was not explicitly available for this prediction. Technical state is soft, with price below the 50-day and 200-day averages. MACD remains on the bullish side. Volatility is elevated at roughly 48.9%. No recent matched news was found for this ticker/date. Relative strength versus the benchmark looked weak. 1-month excess return -3.86%; 3-month excess return -9.31%; 6-month excess return -16.51%."
2024-05-07,KSS,11.14345276587767,-17.745987244810852,,miss,linear_regression,target_5d_return,"Technical state is soft, with price below the 50-day and 200-day averages. MACD remains on the bullish side. Volatility is elevated at roughly 48.9%.",No recent matched news was found for this ticker/date.,Relative strength versus the benchmark looked weak. 1-month excess return -3.45%; 3-month excess return -14.97%; 6-month excess return -20.89%.,"Model view: the forward return estimate was mildly negative at about -17.75%. Confidence was not explicitly available for this prediction. Technical state is soft, with price below the 50-day and 200-day averages. MACD remains on the bullish side. Volatility is elevated at roughly 48.9%. No recent matched news was found for this ticker/date. Relative strength versus the benchmark looked weak. 1-month excess return -3.45%; 3-month excess return -14.97%; 6-month excess return -20.89%."
2024-05-08,KSS,7.184625208790529,-17.364963937824882,,miss,linear_regression,target_5d_return,"Technical state is soft, with price below the 50-day and 200-day averages. MACD remains on the bullish side. Volatility is elevated at roughly 44.0%.",No recent matched news was found for this ticker/date.,Relative strength versus the benchmark looked weak. 1-month excess return -2.49%; 3-month excess return -11.99%; 6-month excess return -22.14%.,"Model view: the forward return estimate was mildly negative at about -17.36%. Confidence was not explicitly available for this prediction. Technical state is soft, with price below the 50-day and 200-day averages. MACD remains on the bullish side. Volatility is elevated at roughly 44.0%. No recent matched news was found for this ticker/date. Relative strength versus the benchmark looked weak. 1-month excess return -2.49%; 3-month excess return -11.99%; 6-month excess return -22.14%."
2024-05-09,KSS,5.5091888673246325,-16.133301770711896,,miss,linear_regression,target_5d_return,"Technical state is soft, with price below the 50-day and 200-day averages. MACD remains on the bullish side. Volatility is elevated at roughly 43.5%.",No recent matched news was found for this ticker/date.,Relative strength versus the benchmark looked weak. 1-month excess return 2.07%; 3-month excess return -15.38%; 6-month excess return -20.74%.,"Model view: the forward return estimate was mildly negative at about -16.13%. Confidence was not explicitly available for this prediction. Technical state is soft, with price below the 50-day and 200-day averages. MACD remains on the bullish side. Volatility is elevated at roughly 43.5%. No recent matched news was found for this ticker/date. Relative strength versus the benchmark looked weak. 1-month excess return 2.07%; 3-month excess return -15.38%; 6-month excess return -20.74%."
2024-05-10,KSS,7.563725210445993,-13.734700022407953,,miss,linear_regression,target_5d_return,"Technical state is soft, with price below the 50-day and 200-day averages. MACD remains on the bullish side. Volatility is elevated at roughly 40.7%.",No recent matched news was found for this ticker/date.,Relative strength versus the benchmark looked weak. 1-month excess return 0.49%; 3-month excess return -15.10%; 6-month excess return -18.98%.,"Model view: the forward return estimate was mildly negative at about -13.73%. Confidence was not explicitly available for this prediction. Technical state is soft, with price below the 50-day and 200-day averages. MACD remains on the bullish side. Volatility is elevated at roughly 40.7%. No recent matched news was found for this ticker/date. Relative strength versus the benchmark looked weak. 1-month excess return 0.49%; 3-month excess return -15.10%; 6-month excess return -18.98%."
2024-05-13,KSS,0.9259250401687513,-13.509049746266708,,miss,linear_regression,target_5d_return,"Technical state is constructive, with price above the 50-day and 200-day averages. RSI is in a steady zone near 59.2. MACD remains on the bullish side. Volatility is elevated at roughly 48.5%.",No recent matched news was found for this ticker/date.,Relative strength versus the benchmark looked mixed. 1-month excess return 12.08%; 3-month excess return -10.60%; 6-month excess return -4.75%.,"Model view: the forward return estimate was mildly negative at about -13.51%. Confidence was not explicitly available for this prediction. Technical state is constructive, with price above the 50-day and 200-day averages. RSI is in a steady zone near 59.2. MACD remains on the bullish side. Volatility is elevated at roughly 48.5%. No recent matched news was found for this ticker/date. Relative strength versus the benchmark looked mixed. 1-month excess return 12.08%; 3-month excess return -10.60%; 6-month excess return -4.75%."
2024-05-14,KSS,-2.7684241817845234,-11.087137928250224,,hit,linear_regression,target_5d_return,"Technical state is constructive, with price above the 50-day and 200-day averages. RSI is in a steady zone near 63.2. MACD remains on the bullish side. Volatility is elevated at roughly 48.7%.",No recent matched news was found for this ticker/date.,Relative strength versus the benchmark looked favorable. 1-month excess return 16.48%; 3-month excess return -4.71%; 6-month excess return 3.97%.,"Model view: the forward return estimate was mildly negative at about -11.09%. Confidence was not explicitly available for this prediction. Technical state is constructive, with price above the 50-day and 200-day averages. RSI is in a steady zone near 63.2. MACD remains on the bullish side. Volatility is elevated at roughly 48.7%. No recent matched news was found for this ticker/date. Relative strength versus the benchmark looked favorable. 1-month excess return 16.48%; 3-month excess return -4.71%; 6-month excess return 3.97%."
2024-05-15,KSS,-0.2338248881495364,-10.582687012933722,,hit,linear_regression,target_5d_return,"Technical state is constructive, with price above the 50-day and 200-day averages. RSI is in a steady zone near 55.5. MACD remains on the bullish side. Volatility is elevated at roughly 51.6%.",No recent matched news was found for this ticker/date.,Relative strength versus the benchmark looked mixed. 1-month excess return 11.32%; 3-month excess return -12.70%; 6-month excess return 2.62%.,"Model view: the forward return estimate was mildly negative at about -10.58%. Confidence was not explicitly available for this prediction. Technical state is constructive, with price above the 50-day and 200-day averages. RSI is in a steady zone near 55.5. MACD remains on the bullish side. Volatility is elevated at roughly 51.6%. No recent matched news was found for this ticker/date. Relative strength versus the benchmark looked mixed. 1-month excess return 11.32%; 3-month excess return -12.70%; 6-month excess return 2.62%."
2024-05-16,KSS,3.441451377587801,-14.08275467645397,,miss,linear_regression,target_5d_return,"Technical state is constructive, with price above the 50-day and 200-day averages. RSI is in a steady zone near 53.0. MACD remains on the bullish side. Volatility is elevated at roughly 50.3%.",No recent matched news was found for this ticker/date.,Relative strength versus the benchmark looked mixed. 1-month excess return 10.00%; 3-month excess return -15.87%; 6-month excess return -6.38%.,"Model view: the forward return estimate was mildly negative at about -14.08%. Confidence was not explicitly available for this prediction. Technical state is constructive, with price above the 50-day and 200-day averages. RSI is in a steady zone near 53.0. MACD remains on the bullish side. Volatility is elevated at roughly 50.3%. No recent matched news was found for this ticker/date. Relative strength versus the benchmark looked mixed. 1-month excess return 10.00%; 3-month excess return -15.87%; 6-month excess return -6.38%."
2024-05-17,KSS,2.9137529396622064,-18.63738741310948,,miss,linear_regression,target_5d_return,"Technical state is constructive, with price above the 50-day and 200-day averages. RSI is in a steady zone near 55.6. MACD remains on the bullish side. Volatility is elevated at roughly 50.4%.",No recent matched news was found for this ticker/date.,Relative strength versus the benchmark looked weak. 1-month excess return 6.60%; 3-month excess return -12.63%; 6-month excess return -13.64%.,"Model view: the forward return estimate was mildly negative at about -18.64%. Confidence was not explicitly available for this prediction. Technical state is constructive, with price above the 50-day and 200-day averages. RSI is in a steady zone near 55.6. MACD remains on the bullish side. Volatility is elevated at roughly 50.4%. No recent matched news was found for this ticker/date. Relative strength versus the benchmark looked weak. 1-month excess return 6.60%; 3-month excess return -12.63%; 6-month excess return -13.64%."
2024-05-20,KSS,3.7844028168681376,-17.252401725910264,,miss,linear_regression,target_5d_return,"Technical state is constructive, with price above the 50-day and 200-day averages. RSI is in a steady zone near 57.9. MACD remains on the bullish side. Volatility is elevated at roughly 45.5%.",No recent matched news was found for this ticker/date.,Relative strength versus the benchmark looked mixed. 1-month excess return 5.76%; 3-month excess return -12.95%; 6-month excess return -7.89%.,"Model view: the forward return estimate was mildly negative at about -17.25%. Confidence was not explicitly available for this prediction. Technical state is constructive, with price above the 50-day and 200-day averages. RSI is in a steady zone near 57.9. MACD remains on the bullish side. Volatility is elevated at roughly 45.5%. No recent matched news was found for this ticker/date. Relative strength versus the benchmark looked mixed. 1-month excess return 5.76%; 3-month excess return -12.95%; 6-month excess return -7.89%."
2024-05-21,KSS,4.848019391989511,-21.29458592714802,,miss,linear_regression,target_5d_return,"Technical state is constructive, with price above the 50-day and 200-day averages. RSI is in a steady zone near 56.6. MACD remains on the bullish side. Volatility is elevated at roughly 44.6%.",No recent matched news was found for this ticker/date.,Relative strength versus the benchmark looked weak. 1-month excess return -1.19%; 3-month excess return -12.15%; 6-month excess return -16.22%.,"Model view: the forward return estimate was mildly negative at about -21.29%. Confidence was not explicitly available for this prediction. Technical state is constructive, with price above the 50-day and 200-day averages. RSI is in a steady zone near 56.6. MACD remains on the bullish side. Volatility is elevated at roughly 44.6%. No recent matched news was found for this ticker/date. Relative strength versus the benchmark looked weak. 1-month excess return -1.19%; 3-month excess return -12.15%; 6-month excess return -16.22%."
2024-05-22,KSS,-17.890624435385693,-18.342941850458132,,hit,linear_regression,target_5d_return,"Technical state is constructive, with price above the 50-day and 200-day averages. RSI is in a steady zone near 53.7. MACD remains on the bullish side. Volatility is elevated at roughly 44.4%.",No recent matched news was found for this ticker/date.,Relative strength versus the benchmark looked weak. 1-month excess return -3.99%; 3-month excess return -10.89%; 6-month excess return -13.70%.,"Model view: the forward return estimate was mildly negative at about -18.34%. Confidence was not explicitly available for this prediction. Technical state is constructive, with price above the 50-day and 200-day averages. RSI is in a steady zone near 53.7. MACD remains on the bullish side. Volatility is elevated at roughly 44.4%. No recent matched news was found for this ticker/date. Relative strength versus the benchmark looked weak. 1-month excess return -3.99%; 3-month excess return -10.89%; 6-month excess return -13.70%."
2024-05-23,KSS,-14.378586171058473,-14.609502310432429,,hit,linear_regression,target_5d_return,"Technical state is constructive, with price above the 50-day and 200-day averages. RSI is in a steady zone near 57.1. MACD remains on the bullish side. Volatility is elevated at roughly 43.7%.",No recent matched news was found for this ticker/date.,Relative strength versus the benchmark looked mixed. 1-month excess return 0.98%; 3-month excess return -8.58%; 6-month excess return -1.07%.,"Model view: the forward return estimate was mildly negative at about -14.61%. Confidence was not explicitly available for this prediction. Technical state is constructive, with price above the 50-day and 200-day averages. RSI is in a steady zone near 57.1. MACD remains on the bullish side. Volatility is elevated at roughly 43.7%. No recent matched news was found for this ticker/date. Relative strength versus the benchmark looked mixed. 1-month excess return 0.98%; 3-month excess return -8.58%; 6-month excess return -1.07%."
2024-05-24,KSS,-9.966022697088917,-18.904552097765915,,hit,linear_regression,target_5d_return,"Technical state is constructive, with price above the 50-day and 200-day averages. RSI is in a steady zone near 59.0. MACD remains on the bullish side. Volatility is elevated at roughly 43.8%.",No recent matched news was found for this ticker/date.,Relative strength versus the benchmark looked weak. 1-month excess return 3.88%; 3-month excess return -7.98%; 6-month excess return -2.07%.,"Model view: the forward return estimate was mildly negative at about -18.90%. Confidence was not explicitly available for this prediction. Technical state is constructive, with price above the 50-day and 200-day averages. RSI is in a steady zone near 59.0. MACD remains on the bullish side. Volatility is elevated at roughly 43.8%. No recent matched news was found for this ticker/date. Relative strength versus the benchmark looked weak. 1-month excess return 3.88%; 3-month excess return -7.98%; 6-month excess return -2.07%."
2024-05-28,KSS,-17.23757042700513,-15.369223357557098,,hit,linear_regression,target_5d_return,"Technical state is constructive, with price above the 50-day and 200-day averages. RSI is in a steady zone near 62.6. MACD remains on the bullish side. Volatility is elevated at roughly 44.3%.",No recent matched news was found for this ticker/date.,Relative strength versus the benchmark looked favorable. 1-month excess return 6.42%; 3-month excess return -9.62%; 6-month excess return 0.85%.,"Model view: the forward return estimate was mildly negative at about -15.37%. Confidence was not explicitly available for this prediction. Technical state is constructive, with price above the 50-day and 200-day averages. RSI is in a steady zone near 62.6. MACD remains on the bullish side. Volatility is elevated at roughly 44.3%. No recent matched news was found for this ticker/date. Relative strength versus the benchmark looked favorable. 1-month excess return 6.42%; 3-month excess return -9.62%; 6-month excess return 0.85%."
2024-05-29,KSS,-17.57798501110952,-13.755293578534031,,hit,linear_regression,target_5d_return,"Technical state is constructive, with price above the 50-day and 200-day averages. RSI is in a steady zone near 63.1. MACD remains on the bullish side. Volatility is elevated at roughly 43.2%.",No recent matched news was found for this ticker/date.,Relative strength versus the benchmark looked favorable. 1-month excess return 8.28%; 3-month excess return -6.79%; 6-month excess return 2.41%.,"Model view: the forward return estimate was mildly negative at about -13.76%. Confidence was not explicitly available for this prediction. Technical state is constructive, with price above the 50-day and 200-day averages. RSI is in a steady zone near 63.1. MACD remains on the bullish side. Volatility is elevated at roughly 43.2%. No recent matched news was found for this ticker/date. Relative strength versus the benchmark looked favorable. 1-month excess return 8.28%; 3-month excess return -6.79%; 6-month excess return 2.41%."
2024-05-30,KSS,6.850611776162574,-13.278606499821013,,miss,linear_regression,target_5d_return,"Technical state is soft, with price below the 50-day and 200-day averages. RSI is weak near 32.5. MACD remains on the bearish side. Volatility is elevated at roughly 94.1%.",No recent matched news was found for this ticker/date.,Relative strength versus the benchmark looked weak. 1-month excess return -16.32%; 3-month excess return -27.47%; 6-month excess return -25.59%.,"Model view: the forward return estimate was mildly negative at about -13.28%. Confidence was not explicitly available for this prediction. Technical state is soft, with price below the 50-day and 200-day averages. RSI is weak near 32.5. MACD remains on the bearish side. Volatility is elevated at roughly 94.1%. No recent matched news was found for this ticker/date. Relative strength versus the benchmark looked weak. 1-month excess return -16.32%; 3-month excess return -27.47%; 6-month excess return -25.59%."
2024-05-31,KSS,1.920501638667238,-20.28768758652581,,miss,linear_regression,target_5d_return,"Technical state is soft, with price below the 50-day and 200-day averages. RSI is weak near 39.4. MACD remains on the bearish side. Volatility is elevated at roughly 95.6%.",No recent matched news was found for this ticker/date.,Relative strength versus the benchmark looked weak. 1-month excess return -10.29%; 3-month excess return -22.08%; 6-month excess return -22.12%.,"Model view: the forward return estimate was mildly negative at about -20.29%. Confidence was not explicitly available for this prediction. Technical state is soft, with price below the 50-day and 200-day averages. RSI is weak near 39.4. MACD remains on the bearish side. Volatility is elevated at roughly 95.6%. No recent matched news was found for this ticker/date. Relative strength versus the benchmark looked weak. 1-month excess return -10.29%; 3-month excess return -22.08%; 6-month excess return -22.12%."
2024-06-03,KSS,-3.6058725224161425,-21.436221262468642,,hit,linear_regression,target_5d_return,"Technical state is soft, with price below the 50-day and 200-day averages. MACD remains on the bearish side. Volatility is elevated at roughly 98.3%.",No recent matched news was found for this ticker/date.,Relative strength versus the benchmark looked weak. 1-month excess return -7.75%; 3-month excess return -16.93%; 6-month excess return -13.97%.,"Model view: the forward return estimate was mildly negative at about -21.44%. Confidence was not explicitly available for this prediction. Technical state is soft, with price below the 50-day and 200-day averages. MACD remains on the bearish side. Volatility is elevated at roughly 98.3%. No recent matched news was found for this ticker/date. Relative strength versus the benchmark looked weak. 1-month excess return -7.75%; 3-month excess return -16.93%; 6-month excess return -13.97%."
2024-06-04,KSS,1.3796234212912317,-20.175746188031713,,miss,linear_regression,target_5d_return,"Technical state is soft, with price below the 50-day and 200-day averages. MACD remains on the bearish side. Volatility is elevated at roughly 100.5%.",No recent matched news was found for this ticker/date.,Relative strength versus the benchmark looked weak. 1-month excess return -10.43%; 3-month excess return -24.18%; 6-month excess return -22.44%.,"Model view: the forward return estimate was mildly negative at about -20.18%. Confidence was not explicitly available for this prediction. Technical state is soft, with price below the 50-day and 200-day averages. MACD remains on the bearish side. Volatility is elevated at roughly 100.5%. No recent matched news was found for this ticker/date. Relative strength versus the benchmark looked weak. 1-month excess return -10.43%; 3-month excess return -24.18%; 6-month excess return -22.44%."
2024-06-05,KSS,0.2671477103153519,-21.419095601123633,,miss,linear_regression,target_5d_return,"Technical state is soft, with price below the 50-day and 200-day averages. MACD remains on the bearish side. Volatility is elevated at roughly 100.4%.",No recent matched news was found for this ticker/date.,Relative strength versus the benchmark looked weak. 1-month excess return -11.57%; 3-month excess return -22.17%; 6-month excess return -29.27%.,"Model view: the forward return estimate was mildly negative at about -21.42%. Confidence was not explicitly available for this prediction. Technical state is soft, with price below the 50-day and 200-day averages. MACD remains on the bearish side. Volatility is elevated at roughly 100.4%. No recent matched news was found for this ticker/date. Relative strength versus the benchmark looked weak. 1-month excess return -11.57%; 3-month excess return -22.17%; 6-month excess return -29.27%."
2024-06-06,KSS,-0.2671392181127108,-18.51816373306163,,hit,linear_regression,target_5d_return,"Technical state is soft, with price below the 50-day and 200-day averages. MACD remains on the bearish side. Volatility is elevated at roughly 100.4%.",No recent matched news was found for this ticker/date.,Relative strength versus the benchmark looked weak. 1-month excess return -9.99%; 3-month excess return -20.13%; 6-month excess return -21.34%.,"Model view: the forward return estimate was mildly negative at about -18.52%. Confidence was not explicitly available for this prediction. Technical state is soft, with price below the 50-day and 200-day averages. MACD remains on the bearish side. Volatility is elevated at roughly 100.4%. No recent matched news was found for this ticker/date. Relative strength versus the benchmark looked weak. 1-month excess return -9.99%; 3-month excess return -20.13%; 6-month excess return -21.34%."
2024-06-07,KSS,-5.433829043386917,-18.78380300120701,,hit,linear_regression,target_5d_return,"Technical state is soft, with price below the 50-day and 200-day averages. MACD remains on the bearish side. Volatility is elevated at roughly 100.5%.",No recent matched news was found for this ticker/date.,Relative strength versus the benchmark looked weak. 1-month excess return -7.91%; 3-month excess return -20.66%; 6-month excess return -16.66%.,"Model view: the forward return estimate was mildly negative at about -18.78%. Confidence was not explicitly available for this prediction. Technical state is soft, with price below the 50-day and 200-day averages. MACD remains on the bearish side. Volatility is elevated at roughly 100.5%. No recent matched news was found for this ticker/date. Relative strength versus the benchmark looked weak. 1-month excess return -7.91%; 3-month excess return -20.66%; 6-month excess return -16.66%."
2024-06-10,KSS,-5.567641145666935,-20.288233301396776,,hit,linear_regression,target_5d_return,"Technical state is soft, with price below the 50-day and 200-day averages. MACD remains on the bearish side. Volatility is elevated at roughly 100.6%.",No recent matched news was found for this ticker/date.,Relative strength versus the benchmark looked weak. 1-month excess return -7.03%; 3-month excess return -20.21%; 6-month excess return -20.73%.,"Model view: the forward return estimate was mildly negative at about -20.29%. Confidence was not explicitly available for this prediction. Technical state is soft, with price below the 50-day and 200-day averages. MACD remains on the bearish side. Volatility is elevated at roughly 100.6%. No recent matched news was found for this ticker/date. Relative strength versus the benchmark looked weak. 1-month excess return -7.03%; 3-month excess return -20.21%; 6-month excess return -20.73%."
2024-06-11,KSS,-6.1457483919201135,-18.616781098488612,,hit,linear_regression,target_5d_return,"Technical state is soft, with price below the 50-day and 200-day averages. MACD remains on the bearish side. Volatility is elevated at roughly 95.7%.",No recent matched news was found for this ticker/date.,Relative strength versus the benchmark looked weak. 1-month excess return -7.90%; 3-month excess return -14.07%; 6-month excess return -24.28%.,"Model view: the forward return estimate was mildly negative at about -18.62%. Confidence was not explicitly available for this prediction. Technical state is soft, with price below the 50-day and 200-day averages. MACD remains on the bearish side. Volatility is elevated at roughly 95.7%. No recent matched news was found for this ticker/date. Relative strength versus the benchmark looked weak. 1-month excess return -7.90%; 3-month excess return -14.07%; 6-month excess return -24.28%."
2024-06-12,KSS,-1.1101243113599168,-26.000811308801875,,hit,linear_regression,target_5d_return,"Technical state is soft, with price below the 50-day and 200-day averages. MACD remains on the bearish side. Volatility is elevated at roughly 94.8%.",No recent matched news was found for this ticker/date.,Relative strength versus the benchmark looked weak. 1-month excess return -17.06%; 3-month excess return -15.87%; 6-month excess return -31.85%.,"Model view: the forward return estimate was mildly negative at about -26.00%. Confidence was not explicitly available for this prediction. Technical state is soft, with price below the 50-day and 200-day averages. MACD remains on the bearish side. Volatility is elevated at roughly 94.8%. No recent matched news was found for this ticker/date. Relative strength versus the benchmark looked weak. 1-month excess return -17.06%; 3-month excess return -15.87%; 6-month excess return -31.85%."
2024-06-13,KSS,2.098219771014276,-25.427677873247337,,miss,linear_regression,target_5d_return,"Technical state is soft, with price below the 50-day and 200-day averages. MACD remains on the bearish side. Volatility is elevated at roughly 93.9%.",No recent matched news was found for this ticker/date.,Relative strength versus the benchmark looked weak. 1-month excess return -19.85%; 3-month excess return -16.21%; 6-month excess return -27.61%.,"Model view: the forward return estimate was mildly negative at about -25.43%. Confidence was not explicitly available for this prediction. Technical state is soft, with price below the 50-day and 200-day averages. MACD remains on the bearish side. Volatility is elevated at roughly 93.9%. No recent matched news was found for this ticker/date. Relative strength versus the benchmark looked weak. 1-month excess return -19.85%; 3-month excess return -16.21%; 6-month excess return -27.61%."
2024-06-14,KSS,13.53104766736477,-24.17768897622553,,miss,linear_regression,target_5d_return,"Technical state is soft, with price below the 50-day and 200-day averages. RSI is weak near 37.9. MACD remains on the bearish side. Volatility is elevated at roughly 94.6%.",No recent matched news was found for this ticker/date.,Relative strength versus the benchmark looked weak. 1-month excess return -18.38%; 3-month excess return -19.18%; 6-month excess return -35.92%.,"Model view: the forward return estimate was mildly negative at about -24.18%. Confidence was not explicitly available for this prediction. Technical state is soft, with price below the 50-day and 200-day averages. RSI is weak near 37.9. MACD remains on the bearish side. Volatility is elevated at roughly 94.6%. No recent matched news was found for this ticker/date. Relative strength versus the benchmark looked weak. 1-month excess return -18.38%; 3-month excess return -19.18%; 6-month excess return -35.92%."
2024-06-17,KSS,10.456013604289893,-25.656615746210367,,miss,linear_regression,target_5d_return,"Technical state is soft, with price below the 50-day and 200-day averages. RSI is weak near 38.8. MACD remains on the bearish side. Volatility is elevated at roughly 94.3%.",No recent matched news was found for this ticker/date.,Relative strength versus the benchmark looked weak. 1-month excess return -17.61%; 3-month excess return -19.64%; 6-month excess return -39.64%.,"Model view: the forward return estimate was mildly negative at about -25.66%. Confidence was not explicitly available for this prediction. Technical state is soft, with price below the 50-day and 200-day averages. RSI is weak near 38.8. MACD remains on the bearish side. Volatility is elevated at roughly 94.3%. No recent matched news was found for this ticker/date. Relative strength versus the benchmark looked weak. 1-month excess return -17.61%; 3-month excess return -19.64%; 6-month excess return -39.64%."
2024-06-18,KSS,8.933591345811154,-25.327331448454277,,miss,linear_regression,target_5d_return,"Technical state is soft, with price below the 50-day and 200-day averages. RSI is weak near 37.3. MACD remains on the bearish side. Volatility is elevated at roughly 93.9%.",No recent matched news was found for this ticker/date.,Relative strength versus the benchmark looked weak. 1-month excess return -20.55%; 3-month excess return -22.19%; 6-month excess return -40.76%.,"Model view: the forward return estimate was mildly negative at about -25.33%. Confidence was not explicitly available for this prediction. Technical state is soft, with price below the 50-day and 200-day averages. RSI is weak near 37.3. MACD remains on the bearish side. Volatility is elevated at roughly 93.9%. No recent matched news was found for this ticker/date. Relative strength versus the benchmark looked weak. 1-month excess return -20.55%; 3-month excess return -22.19%; 6-month excess return -40.76%."
2024-06-20,KSS,4.220918757912662,-27.654734531053027,,miss,linear_regression,target_5d_return,"Technical state is soft, with price below the 50-day and 200-day averages. MACD remains on the bearish side. Volatility is elevated at roughly 95.6%.",No recent matched news was found for this ticker/date.,Relative strength versus the benchmark looked weak. 1-month excess return -18.09%; 3-month excess return -19.63%; 6-month excess return -37.59%.,"Model view: the forward return estimate was mildly negative at about -27.65%. Confidence was not explicitly available for this prediction. Technical state is soft, with price below the 50-day and 200-day averages. MACD remains on the bearish side. Volatility is elevated at roughly 95.6%. No recent matched news was found for this ticker/date. Relative strength versus the benchmark looked weak. 1-month excess return -18.09%; 3-month excess return -19.63%; 6-month excess return -37.59%."
2024-06-21,KSS,0.5247001638885251,-29.644513146245476,,miss,linear_regression,target_5d_return,"Technical state is soft, with price below the 50-day and 200-day averages. MACD remains on the bearish side. Volatility is elevated at roughly 96.2%.",No recent matched news was found for this ticker/date.,Relative strength versus the benchmark looked weak. 1-month excess return -14.73%; 3-month excess return -21.08%; 6-month excess return -35.16%.,"Model view: the forward return estimate was mildly negative at about -29.64%. Confidence was not explicitly available for this prediction. Technical state is soft, with price below the 50-day and 200-day averages. MACD remains on the bearish side. Volatility is elevated at roughly 96.2%. No recent matched news was found for this ticker/date. Relative strength versus the benchmark looked weak. 1-month excess return -14.73%; 3-month excess return -21.08%; 6-month excess return -35.16%."
2024-06-24,KSS,-10.653063715720668,-30.273557901634355,,hit,linear_regression,target_5d_return,"Technical state is mixed, with price not fully aligned across the major moving averages. RSI is in a steady zone near 56.0. MACD remains on the bullish side. Volatility is elevated at roughly 99.5%.",No recent matched news was found for this ticker/date.,Relative strength versus the benchmark looked weak. 1-month excess return -7.04%; 3-month excess return -11.53%; 6-month excess return -26.28%.,"Model view: the forward return estimate was mildly negative at about -30.27%. Confidence was not explicitly available for this prediction. Technical state is mixed, with price not fully aligned across the major moving averages. RSI is in a steady zone near 56.0. MACD remains on the bullish side. Volatility is elevated at roughly 99.5%. No recent matched news was found for this ticker/date. Relative strength versus the benchmark looked weak. 1-month excess return -7.04%; 3-month excess return -11.53%; 6-month excess return -26.28%."
2024-06-25,KSS,-11.259378261602016,-29.276579554519447,,hit,linear_regression,target_5d_return,"Technical state is mixed, with price not fully aligned across the major moving averages. RSI is in a steady zone near 53.0. MACD remains on the bullish side. Volatility is elevated at roughly 99.6%.",No recent matched news was found for this ticker/date.,Relative strength versus the benchmark looked weak. 1-month excess return -12.24%; 3-month excess return -14.58%; 6-month excess return -29.02%.,"Model view: the forward return estimate was mildly negative at about -29.28%. Confidence was not explicitly available for this prediction. Technical state is mixed, with price not fully aligned across the major moving averages. RSI is in a steady zone near 53.0. MACD remains on the bullish side. Volatility is elevated at roughly 99.6%. No recent matched news was found for this ticker/date. Relative strength versus the benchmark looked weak. 1-month excess return -12.24%; 3-month excess return -14.58%; 6-month excess return -29.02%."
2024-06-26,KSS,-7.8574571022649975,-26.390144814689652,,hit,linear_regression,target_5d_return,"Technical state is soft, with price below the 50-day and 200-day averages. MACD remains on the bullish side. Volatility is elevated at roughly 99.4%.",No recent matched news was found for this ticker/date.,Relative strength versus the benchmark looked weak. 1-month excess return -15.44%; 3-month excess return -17.00%; 6-month excess return -31.40%.,"Model view: the forward return estimate was mildly negative at about -26.39%. Confidence was not explicitly available for this prediction. Technical state is soft, with price below the 50-day and 200-day averages. MACD remains on the bullish side. Volatility is elevated at roughly 99.4%. No recent matched news was found for this ticker/date. Relative strength versus the benchmark looked weak. 1-month excess return -15.44%; 3-month excess return -17.00%; 6-month excess return -31.40%."
2024-06-27,KSS,-3.9638009704222044,-28.016867760993893,,hit,linear_regression,target_5d_return,"Technical state is soft, with price below the 50-day and 200-day averages. MACD remains on the bullish side. Volatility is elevated at roughly 99.3%.",No recent matched news was found for this ticker/date.,Relative strength versus the benchmark looked weak. 1-month excess return -17.95%; 3-month excess return -23.19%; 6-month excess return -35.15%.,"Model view: the forward return estimate was mildly negative at about -28.02%. Confidence was not explicitly available for this prediction. Technical state is soft, with price below the 50-day and 200-day averages. MACD remains on the bullish side. Volatility is elevated at roughly 99.3%. No recent matched news was found for this ticker/date. Relative strength versus the benchmark looked weak. 1-month excess return -17.95%; 3-month excess return -23.19%; 6-month excess return -35.15%."
2024-06-28,KSS,-2.6533302149828297,-26.2614194456222,,hit,linear_regression,target_5d_return,"Technical state is soft, with price below the 50-day and 200-day averages. MACD remains on the bullish side. Volatility is elevated at roughly 54.5%.",No recent matched news was found for this ticker/date.,Relative strength versus the benchmark looked weak. 1-month excess return -19.03%; 3-month excess return -25.17%; 6-month excess return -35.91%.,"Model view: the forward return estimate was mildly negative at about -26.26%. Confidence was not explicitly available for this prediction. Technical state is soft, with price below the 50-day and 200-day averages. MACD remains on the bullish side. Volatility is elevated at roughly 54.5%. No recent matched news was found for this ticker/date. Relative strength versus the benchmark looked weak. 1-month excess return -19.03%; 3-month excess return -25.17%; 6-month excess return -35.91%."
2024-07-01,KSS,2.2841480764793642,-25.383901588889916,,miss,linear_regression,target_5d_return,"Technical state is soft, with price below the 50-day and 200-day averages. MACD remains on the bullish side. Volatility is elevated at roughly 52.7%.",No recent matched news was found for this ticker/date.,Relative strength versus the benchmark looked weak. 1-month excess return -0.20%; 3-month excess return -29.84%; 6-month excess return -39.80%.,"Model view: the forward return estimate was mildly negative at about -25.38%. Confidence was not explicitly available for this prediction. Technical state is soft, with price below the 50-day and 200-day averages. MACD remains on the bullish side. Volatility is elevated at roughly 52.7%. No recent matched news was found for this ticker/date. Relative strength versus the benchmark looked weak. 1-month excess return -0.20%; 3-month excess return -29.84%; 6-month excess return -39.80%."
2024-07-02,KSS,3.336461755465181,-22.433122588388773,,miss,linear_regression,target_5d_return,"Technical state is soft, with price below the 50-day and 200-day averages. RSI is weak near 39.1. MACD remains on the bearish side. Volatility is elevated at roughly 47.4%.",No recent matched news was found for this ticker/date.,Relative strength versus the benchmark looked weak. 1-month excess return -9.07%; 3-month excess return -28.66%; 6-month excess return -41.31%.,"Model view: the forward return estimate was mildly negative at about -22.43%. Confidence was not explicitly available for this prediction. Technical state is soft, with price below the 50-day and 200-day averages. RSI is weak near 39.1. MACD remains on the bearish side. Volatility is elevated at roughly 47.4%. No recent matched news was found for this ticker/date. Relative strength versus the benchmark looked weak. 1-month excess return -9.07%; 3-month excess return -28.66%; 6-month excess return -41.31%."
2024-07-03,KSS,6.1975856840413845,-21.69292547383124,,miss,linear_regression,target_5d_return,"Technical state is soft, with price below the 50-day and 200-day averages. MACD remains on the bearish side. Volatility is elevated at roughly 43.3%.",No recent matched news was found for this ticker/date.,Relative strength versus the benchmark looked weak. 1-month excess return -14.49%; 3-month excess return -26.42%; 6-month excess return -40.24%.,"Model view: the forward return estimate was mildly negative at about -21.69%. Confidence was not explicitly available for this prediction. Technical state is soft, with price below the 50-day and 200-day averages. MACD remains on the bearish side. Volatility is elevated at roughly 43.3%. No recent matched news was found for this ticker/date. Relative strength versus the benchmark looked weak. 1-month excess return -14.49%; 3-month excess return -26.42%; 6-month excess return -40.24%."
2024-07-05,KSS,2.108565697846543,-23.025237630883243,,miss,linear_regression,target_5d_return,"Technical state is soft, with price below the 50-day and 200-day averages. MACD remains on the bearish side. Volatility is elevated at roughly 45.7%.",No recent matched news was found for this ticker/date.,Relative strength versus the benchmark looked weak. 1-month excess return -5.76%; 3-month excess return -21.37%; 6-month excess return -33.98%.,"Model view: the forward return estimate was mildly negative at about -23.03%. Confidence was not explicitly available for this prediction. Technical state is soft, with price below the 50-day and 200-day averages. MACD remains on the bearish side. Volatility is elevated at roughly 45.7%. No recent matched news was found for this ticker/date. Relative strength versus the benchmark looked weak. 1-month excess return -5.76%; 3-month excess return -21.37%; 6-month excess return -33.98%."
2024-07-08,KSS,-2.278812960937282,-22.84447977495707,,hit,linear_regression,target_5d_return,"Technical state is soft, with price below the 50-day and 200-day averages. MACD remains on the bullish side. Volatility is elevated at roughly 45.7%.",No recent matched news was found for this ticker/date.,Relative strength versus the benchmark looked weak. 1-month excess return -4.18%; 3-month excess return -19.34%; 6-month excess return -34.45%.,"Model view: the forward return estimate was mildly negative at about -22.84%. Confidence was not explicitly available for this prediction. Technical state is soft, with price below the 50-day and 200-day averages. MACD remains on the bullish side. Volatility is elevated at roughly 45.7%. No recent matched news was found for this ticker/date. Relative strength versus the benchmark looked weak. 1-month excess return -4.18%; 3-month excess return -19.34%; 6-month excess return -34.45%."
2024-07-09,KSS,0.044663819358836676,-21.78360472352556,,miss,linear_regression,target_5d_return,"Technical state is soft, with price below the 50-day and 200-day averages. MACD remains on the bullish side. Volatility is elevated at roughly 45.3%.",No recent matched news was found for this ticker/date.,Relative strength versus the benchmark looked weak. 1-month excess return -4.27%; 3-month excess return -17.55%; 6-month excess return -34.13%.,"Model view: the forward return estimate was mildly negative at about -21.78%. Confidence was not explicitly available for this prediction. Technical state is soft, with price below the 50-day and 200-day averages. MACD remains on the bullish side. Volatility is elevated at roughly 45.3%. No recent matched news was found for this ticker/date. Relative strength versus the benchmark looked weak. 1-month excess return -4.27%; 3-month excess return -17.55%; 6-month excess return -34.13%."
2024-07-10,KSS,3.2742124640680714,-21.101815436437466,,miss,linear_regression,target_5d_return,"Technical state is soft, with price below the 50-day and 200-day averages. MACD remains on the bullish side. Volatility is elevated at roughly 45.6%.",No recent matched news was found for this ticker/date.,Relative strength versus the benchmark looked weak. 1-month excess return -8.73%; 3-month excess return -18.87%; 6-month excess return -37.33%.,"Model view: the forward return estimate was mildly negative at about -21.10%. Confidence was not explicitly available for this prediction. Technical state is soft, with price below the 50-day and 200-day averages. MACD remains on the bullish side. Volatility is elevated at roughly 45.6%. No recent matched news was found for this ticker/date. Relative strength versus the benchmark looked weak. 1-month excess return -8.73%; 3-month excess return -18.87%; 6-month excess return -37.33%."
2024-07-11,KSS,-3.5103164206725435,-22.6623479108699,,hit,linear_regression,target_5d_return,"Technical state is soft, with price below the 50-day and 200-day averages. MACD remains on the bullish side. Volatility is elevated at roughly 47.4%.",No recent matched news was found for this ticker/date.,Relative strength versus the benchmark looked weak. 1-month excess return -4.72%; 3-month excess return -10.01%; 6-month excess return -35.59%.,"Model view: the forward return estimate was mildly negative at about -22.66%. Confidence was not explicitly available for this prediction. Technical state is soft, with price below the 50-day and 200-day averages. MACD remains on the bullish side. Volatility is elevated at roughly 47.4%. No recent matched news was found for this ticker/date. Relative strength versus the benchmark looked weak. 1-month excess return -4.72%; 3-month excess return -10.01%; 6-month excess return -35.59%."
2024-07-12,KSS,-7.6010523938440215,-22.87847648266254,,hit,linear_regression,target_5d_return,"Technical state is soft, with price below the 50-day and 200-day averages. MACD remains on the bullish side. Volatility is elevated at roughly 47.2%.",No recent matched news was found for this ticker/date.,Relative strength versus the benchmark looked weak. 1-month excess return -4.35%; 3-month excess return -11.97%; 6-month excess return -35.71%.,"Model view: the forward return estimate was mildly negative at about -22.88%. Confidence was not explicitly available for this prediction. Technical state is soft, with price below the 50-day and 200-day averages. MACD remains on the bullish side. Volatility is elevated at roughly 47.2%. No recent matched news was found for this ticker/date. Relative strength versus the benchmark looked weak. 1-month excess return -4.35%; 3-month excess return -11.97%; 6-month excess return -35.71%."
2024-07-15,KSS,-5.807043479785201,-19.316083758540575,,hit,linear_regression,target_5d_return,"Technical state is soft, with price below the 50-day and 200-day averages. MACD remains on the bullish side. Volatility is elevated at roughly 49.3%.",No recent matched news was found for this ticker/date.,Relative strength versus the benchmark looked weak. 1-month excess return -6.60%; 3-month excess return -13.69%; 6-month excess return -36.07%.,"Model view: the forward return estimate was mildly negative at about -19.32%. Confidence was not explicitly available for this prediction. Technical state is soft, with price below the 50-day and 200-day averages. MACD remains on the bullish side. Volatility is elevated at roughly 49.3%. No recent matched news was found for this ticker/date. Relative strength versus the benchmark looked weak. 1-month excess return -6.60%; 3-month excess return -13.69%; 6-month excess return -36.07%."
2024-07-16,KSS,-8.348209659511863,-19.821720910253863,,hit,linear_regression,target_5d_return,"Technical state is soft, with price below the 50-day and 200-day averages. MACD remains on the bullish side. Volatility is elevated at roughly 48.2%.",No recent matched news was found for this ticker/date.,Relative strength versus the benchmark looked weak. 1-month excess return -4.10%; 3-month excess return -11.19%; 6-month excess return -32.75%.,"Model view: the forward return estimate was mildly negative at about -19.82%. Confidence was not explicitly available for this prediction. Technical state is soft, with price below the 50-day and 200-day averages. MACD remains on the bullish side. Volatility is elevated at roughly 48.2%. No recent matched news was found for this ticker/date. Relative strength versus the benchmark looked weak. 1-month excess return -4.10%; 3-month excess return -11.19%; 6-month excess return -32.75%."
2024-07-17,KSS,-12.593565910614135,-17.039423040660324,,hit,linear_regression,target_5d_return,"Technical state is soft, with price below the 50-day and 200-day averages. MACD remains on the bullish side. Volatility is elevated at roughly 48.3%.",No recent matched news was found for this ticker/date.,Relative strength versus the benchmark looked weak. 1-month excess return 2.67%; 3-month excess return -7.46%; 6-month excess return -28.54%.,"Model view: the forward return estimate was mildly negative at about -17.04%. Confidence was not explicitly available for this prediction. Technical state is soft, with price below the 50-day and 200-day averages. MACD remains on the bullish side. Volatility is elevated at roughly 48.3%. No recent matched news was found for this ticker/date. Relative strength versus the benchmark looked weak. 1-month excess return 2.67%; 3-month excess return -7.46%; 6-month excess return -28.54%."
2024-07-18,KSS,-8.822194425875473,-14.575022039033556,,hit,linear_regression,target_5d_return,"Technical state is soft, with price below the 50-day and 200-day averages. MACD remains on the bullish side. Volatility is elevated at roughly 49.5%.",No recent matched news was found for this ticker/date.,Relative strength versus the benchmark looked weak. 1-month excess return 0.30%; 3-month excess return -9.83%; 6-month excess return -28.88%.,"Model view: the forward return estimate was mildly negative at about -14.58%. Confidence was not explicitly available for this prediction. Technical state is soft, with price below the 50-day and 200-day averages. MACD remains on the bullish side. Volatility is elevated at roughly 49.5%. No recent matched news was found for this ticker/date. Relative strength versus the benchmark looked weak. 1-month excess return 0.30%; 3-month excess return -9.83%; 6-month excess return -28.88%."
2024-07-19,KSS,-2.4726602034486955,-15.341802171637699,,hit,linear_regression,target_5d_return,"Technical state is soft, with price below the 50-day and 200-day averages. RSI is weak near 39.8. MACD remains on the bearish side. Volatility is elevated at roughly 49.6%.",No recent matched news was found for this ticker/date.,Relative strength versus the benchmark looked weak. 1-month excess return -1.69%; 3-month excess return -17.90%; 6-month excess return -29.69%.,"Model view: the forward return estimate was mildly negative at about -15.34%. Confidence was not explicitly available for this prediction. Technical state is soft, with price below the 50-day and 200-day averages. RSI is weak near 39.8. MACD remains on the bearish side. Volatility is elevated at roughly 49.6%. No recent matched news was found for this ticker/date. Relative strength versus the benchmark looked weak. 1-month excess return -1.69%; 3-month excess return -17.90%; 6-month excess return -29.69%."
2024-07-22,KSS,2.4271844210729476,-14.79754925584469,,miss,linear_regression,target_5d_return,"Technical state is soft, with price below the 50-day and 200-day averages. RSI is weak near 37.6. MACD remains on the bearish side. Volatility is elevated at roughly 48.8%.",No recent matched news was found for this ticker/date.,Relative strength versus the benchmark looked weak. 1-month excess return -8.87%; 3-month excess return -23.19%; 6-month excess return -32.27%.,"Model view: the forward return estimate was mildly negative at about -14.80%. Confidence was not explicitly available for this prediction. Technical state is soft, with price below the 50-day and 200-day averages. RSI is weak near 37.6. MACD remains on the bearish side. Volatility is elevated at roughly 48.8%. No recent matched news was found for this ticker/date. Relative strength versus the benchmark looked weak. 1-month excess return -8.87%; 3-month excess return -23.19%; 6-month excess return -32.27%."
2024-07-23,KSS,2.5328715685493997,-16.250420959611024,,miss,linear_regression,target_5d_return,"Technical state is soft, with price below the 50-day and 200-day averages. RSI is weak near 37.3. MACD remains on the bearish side. Volatility is elevated at roughly 39.7%.",No recent matched news was found for this ticker/date.,Relative strength versus the benchmark looked weak. 1-month excess return -11.66%; 3-month excess return -27.75%; 6-month excess return -35.77%.,"Model view: the forward return estimate was mildly negative at about -16.25%. Confidence was not explicitly available for this prediction. Technical state is soft, with price below the 50-day and 200-day averages. RSI is weak near 37.3. MACD remains on the bearish side. Volatility is elevated at roughly 39.7%. No recent matched news was found for this ticker/date. Relative strength versus the benchmark looked weak. 1-month excess return -11.66%; 3-month excess return -27.75%; 6-month excess return -35.77%."
2024-07-24,KSS,9.118385043619659,-15.915760061845067,,miss,linear_regression,target_5d_return,"Technical state is soft, with price below the 50-day and 200-day averages. RSI is weak near 33.9. MACD remains on the bearish side. Volatility is elevated at roughly 40.4%.",No recent matched news was found for this ticker/date.,Relative strength versus the benchmark looked weak. 1-month excess return -18.35%; 3-month excess return -28.83%; 6-month excess return -34.81%.,"Model view: the forward return estimate was mildly negative at about -15.92%. Confidence was not explicitly available for this prediction. Technical state is soft, with price below the 50-day and 200-day averages. RSI is weak near 33.9. MACD remains on the bearish side. Volatility is elevated at roughly 40.4%. No recent matched news was found for this ticker/date. Relative strength versus the benchmark looked weak. 1-month excess return -18.35%; 3-month excess return -28.83%; 6-month excess return -34.81%."
2024-07-25,KSS,4.788035054120177,-17.000317430851073,,miss,linear_regression,target_5d_return,"Technical state is soft, with price below the 50-day and 200-day averages. RSI is weak near 35.8. MACD remains on the bearish side. Volatility is elevated at roughly 40.3%.",No recent matched news was found for this ticker/date.,Relative strength versus the benchmark looked weak. 1-month excess return -14.85%; 3-month excess return -25.96%; 6-month excess return -35.93%.,"Model view: the forward return estimate was mildly negative at about -17.00%. Confidence was not explicitly available for this prediction. Technical state is soft, with price below the 50-day and 200-day averages. RSI is weak near 35.8. MACD remains on the bearish side. Volatility is elevated at roughly 40.3%. No recent matched news was found for this ticker/date. Relative strength versus the benchmark looked weak. 1-month excess return -14.85%; 3-month excess return -25.96%; 6-month excess return -35.93%."
2024-07-26,KSS,-1.4627066848430514,-17.93535575793148,,hit,linear_regression,target_5d_return,"Technical state is soft, with price below the 50-day and 200-day averages. RSI is weak near 39.9. MACD remains on the bearish side. Volatility is elevated at roughly 41.6%.",No recent matched news was found for this ticker/date.,Relative strength versus the benchmark looked weak. 1-month excess return -11.39%; 3-month excess return -23.69%; 6-month excess return -36.97%.,"Model view: the forward return estimate was mildly negative at about -17.94%. Confidence was not explicitly available for this prediction. Technical state is soft, with price below the 50-day and 200-day averages. RSI is weak near 39.9. MACD remains on the bearish side. Volatility is elevated at roughly 41.6%. No recent matched news was found for this ticker/date. Relative strength versus the benchmark looked weak. 1-month excess return -11.39%; 3-month excess return -23.69%; 6-month excess return -36.97%."
2024-07-29,KSS,-7.156399059631946,-18.679211775151703,,hit,linear_regression,target_5d_return,"Technical state is soft, with price below the 50-day and 200-day averages. MACD remains on the bearish side. Volatility is elevated at roughly 43.4%.",No recent matched news was found for this ticker/date.,Relative strength versus the benchmark looked weak. 1-month excess return -8.47%; 3-month excess return -21.15%; 6-month excess return -38.16%.,"Model view: the forward return estimate was mildly negative at about -18.68%. Confidence was not explicitly available for this prediction. Technical state is soft, with price below the 50-day and 200-day averages. MACD remains on the bearish side. Volatility is elevated at roughly 43.4%. No recent matched news was found for this ticker/date. Relative strength versus the benchmark looked weak. 1-month excess return -8.47%; 3-month excess return -21.15%; 6-month excess return -38.16%."
2024-07-30,KSS,-5.225646147219054,-18.53551406357845,,hit,linear_regression,target_5d_return,"Technical state is soft, with price below the 50-day and 200-day averages. MACD remains on the bearish side. Volatility is elevated at roughly 40.2%.",No recent matched news was found for this ticker/date.,Relative strength versus the benchmark looked weak. 1-month excess return -8.03%; 3-month excess return -20.14%; 6-month excess return -35.33%.,"Model view: the forward return estimate was mildly negative at about -18.54%. Confidence was not explicitly available for this prediction. Technical state is soft, with price below the 50-day and 200-day averages. MACD remains on the bearish side. Volatility is elevated at roughly 40.2%. No recent matched news was found for this ticker/date. Relative strength versus the benchmark looked weak. 1-month excess return -8.03%; 3-month excess return -20.14%; 6-month excess return -35.33%."
2024-07-31,KSS,-8.910435451394394,-20.02763771522915,,hit,linear_regression,target_5d_return,"Technical state is soft, with price below the 50-day and 200-day averages. MACD remains on the bullish side. Volatility is elevated at roughly 40.3%.",No recent matched news was found for this ticker/date.,Relative strength versus the benchmark looked weak. 1-month excess return -1.98%; 3-month excess return -19.17%; 6-month excess return -31.41%.,"Model view: the forward return estimate was mildly negative at about -20.03%. Confidence was not explicitly available for this prediction. Technical state is soft, with price below the 50-day and 200-day averages. MACD remains on the bullish side. Volatility is elevated at roughly 40.3%. No recent matched news was found for this ticker/date. Relative strength versus the benchmark looked weak. 1-month excess return -1.98%; 3-month excess return -19.17%; 6-month excess return -31.41%."
2024-08-01,KSS,-3.3793478538152066,-17.126755483355698,,hit,linear_regression,target_5d_return,"Technical state is soft, with price below the 50-day and 200-day averages. MACD remains on the bullish side. Volatility is elevated at roughly 41.7%.",No recent matched news was found for this ticker/date.,Relative strength versus the benchmark looked weak. 1-month excess return -0.18%; 3-month excess return -19.29%; 6-month excess return -30.88%.,"Model view: the forward return estimate was mildly negative at about -17.13%. Confidence was not explicitly available for this prediction. Technical state is soft, with price below the 50-day and 200-day averages. MACD remains on the bullish side. Volatility is elevated at roughly 41.7%. No recent matched news was found for this ticker/date. Relative strength versus the benchmark looked weak. 1-month excess return -0.18%; 3-month excess return -19.29%; 6-month excess return -30.88%."
2024-08-02,KSS,-0.04947215233119806,-15.906122240497684,,hit,linear_regression,target_5d_return,"Technical state is soft, with price below the 50-day and 200-day averages. RSI is weak near 39.9. MACD remains on the bullish side. Volatility is elevated at roughly 40.9%.",No recent matched news was found for this ticker/date.,Relative strength versus the benchmark looked weak. 1-month excess return -2.49%; 3-month excess return -23.55%; 6-month excess return -31.96%.,"Model view: the forward return estimate was mildly negative at about -15.91%. Confidence was not explicitly available for this prediction. Technical state is soft, with price below the 50-day and 200-day averages. RSI is weak near 39.9. MACD remains on the bullish side. Volatility is elevated at roughly 40.9%. No recent matched news was found for this ticker/date. Relative strength versus the benchmark looked weak. 1-month excess return -2.49%; 3-month excess return -23.55%; 6-month excess return -31.96%."
2024-08-05,KSS,-1.582437281918203,-13.683904502782969,,hit,linear_regression,target_5d_return,"Technical state is soft, with price below the 50-day and 200-day averages. RSI is weak near 36.6. MACD remains on the bearish side. Volatility is elevated at roughly 41.8%.",No recent matched news was found for this ticker/date.,Relative strength versus the benchmark looked weak. 1-month excess return -5.32%; 3-month excess return -20.09%; 6-month excess return -30.40%.,"Model view: the forward return estimate was mildly negative at about -13.68%. Confidence was not explicitly available for this prediction. Technical state is soft, with price below the 50-day and 200-day averages. RSI is weak near 36.6. MACD remains on the bearish side. Volatility is elevated at roughly 41.8%. No recent matched news was found for this ticker/date. Relative strength versus the benchmark looked weak. 1-month excess return -5.32%; 3-month excess return -20.09%; 6-month excess return -30.40%."
2024-08-06,KSS,-2.105263459809825,-14.175349638909143,,hit,linear_regression,target_5d_return,"Technical state is soft, with price below the 50-day and 200-day averages. RSI is weak near 39.8. MACD remains on the bearish side. Volatility is elevated at roughly 42.7%.",No recent matched news was found for this ticker/date.,Relative strength versus the benchmark looked weak. 1-month excess return -4.90%; 3-month excess return -19.40%; 6-month excess return -27.95%.,"Model view: the forward return estimate was mildly negative at about -14.18%. Confidence was not explicitly available for this prediction. Technical state is soft, with price below the 50-day and 200-day averages. RSI is weak near 39.8. MACD remains on the bearish side. Volatility is elevated at roughly 42.7%. No recent matched news was found for this ticker/date. Relative strength versus the benchmark looked weak. 1-month excess return -4.90%; 3-month excess return -19.40%; 6-month excess return -27.95%."
2024-08-07,KSS,-2.736943845450812,-14.419748153254222,,hit,linear_regression,target_5d_return,"Technical state is soft, with price below the 50-day and 200-day averages. RSI is weak near 38.5. MACD remains on the bearish side. Volatility is elevated at roughly 42.5%.",No recent matched news was found for this ticker/date.,Relative strength versus the benchmark looked weak. 1-month excess return -5.17%; 3-month excess return -18.22%; 6-month excess return -31.35%.,"Model view: the forward return estimate was mildly negative at about -14.42%. Confidence was not explicitly available for this prediction. Technical state is soft, with price below the 50-day and 200-day averages. RSI is weak near 38.5. MACD remains on the bearish side. Volatility is elevated at roughly 42.5%. No recent matched news was found for this ticker/date. Relative strength versus the benchmark looked weak. 1-month excess return -5.17%; 3-month excess return -18.22%; 6-month excess return -31.35%."
2024-08-08,KSS,-1.9704415446480272,-15.060597294279905,,hit,linear_regression,target_5d_return,"Technical state is soft, with price below the 50-day and 200-day averages. MACD remains on the bearish side. Volatility is elevated at roughly 41.6%.",No recent matched news was found for this ticker/date.,Relative strength versus the benchmark looked weak. 1-month excess return -2.24%; 3-month excess return -17.79%; 6-month excess return -28.65%.,"Model view: the forward return estimate was mildly negative at about -15.06%. Confidence was not explicitly available for this prediction. Technical state is soft, with price below the 50-day and 200-day averages. MACD remains on the bearish side. Volatility is elevated at roughly 41.6%. No recent matched news was found for this ticker/date. Relative strength versus the benchmark looked weak. 1-month excess return -2.24%; 3-month excess return -17.79%; 6-month excess return -28.65%."
2024-08-09,KSS,1.2376237156320746,-17.37666965741248,,miss,linear_regression,target_5d_return,"Technical state is soft, with price below the 50-day and 200-day averages. MACD remains on the bearish side. Volatility is elevated at roughly 41.6%.",No recent matched news was found for this ticker/date.,Relative strength versus the benchmark looked weak. 1-month excess return -7.15%; 3-month excess return -18.13%; 6-month excess return -31.89%.,"Model view: the forward return estimate was mildly negative at about -17.38%. Confidence was not explicitly available for this prediction. Technical state is soft, with price below the 50-day and 200-day averages. MACD remains on the bearish side. Volatility is elevated at roughly 41.6%. No recent matched news was found for this ticker/date. Relative strength versus the benchmark looked weak. 1-month excess return -7.15%; 3-month excess return -18.13%; 6-month excess return -31.89%."
2024-08-12,KSS,3.5788309239372484,-16.303141629528586,,miss,linear_regression,target_5d_return,"Technical state is soft, with price below the 50-day and 200-day averages. RSI is weak near 37.3. MACD remains on the bearish side. Volatility is elevated at roughly 42.3%.",No recent matched news was found for this ticker/date.,Relative strength versus the benchmark looked weak. 1-month excess return -10.53%; 3-month excess return -21.80%; 6-month excess return -34.82%.,"Model view: the forward return estimate was mildly negative at about -16.30%. Confidence was not explicitly available for this prediction. Technical state is soft, with price below the 50-day and 200-day averages. RSI is weak near 37.3. MACD remains on the bearish side. Volatility is elevated at roughly 42.3%. No recent matched news was found for this ticker/date. Relative strength versus the benchmark looked weak. 1-month excess return -10.53%; 3-month excess return -21.80%; 6-month excess return -34.82%."
2024-08-13,KSS,1.024059644440145,-18.589242350317267,,miss,linear_regression,target_5d_return,"Technical state is soft, with price below the 50-day and 200-day averages. RSI is weak near 39.6. MACD remains on the bearish side. Volatility is elevated at roughly 41.4%.",No recent matched news was found for this ticker/date.,Relative strength versus the benchmark looked weak. 1-month excess return -7.23%; 3-month excess return -28.71%; 6-month excess return -37.85%.,"Model view: the forward return estimate was mildly negative at about -18.59%. Confidence was not explicitly available for this prediction. Technical state is soft, with price below the 50-day and 200-day averages. RSI is weak near 39.6. MACD remains on the bearish side. Volatility is elevated at roughly 41.4%. No recent matched news was found for this ticker/date. Relative strength versus the benchmark looked weak. 1-month excess return -7.23%; 3-month excess return -28.71%; 6-month excess return -37.85%."
2024-08-14,KSS,1.7717568688154772,-1.5830292406718915,,miss,linear_regression,target_5d_return,"Technical state is soft, with price below the 50-day and 200-day averages. RSI is weak near 37.5. MACD remains on the bearish side. Volatility is elevated at roughly 40.9%.",No recent matched news was found for this ticker/date.,Relative strength versus the benchmark looked weak. 1-month excess return -10.62%; 3-month excess return -32.11%; 6-month excess return -37.41%.,"Model view: the forward return estimate was mildly negative at about -1.58%. Confidence was not explicitly available for this prediction. Technical state is soft, with price below the 50-day and 200-day averages. RSI is weak near 37.5. MACD remains on the bearish side. Volatility is elevated at roughly 40.9%. No recent matched news was found for this ticker/date. Relative strength versus the benchmark looked weak. 1-month excess return -10.62%; 3-month excess return -32.11%; 6-month excess return -37.41%."
2024-08-15,KSS,-4.723620864707545,-1.9418770508839178,,hit,linear_regression,target_5d_return,"Technical state is soft, with price below the 50-day and 200-day averages. MACD remains on the bearish side. Volatility is elevated at roughly 42.8%.",No recent matched news was found for this ticker/date.,Relative strength versus the benchmark looked weak. 1-month excess return -11.71%; 3-month excess return -26.86%; 6-month excess return -38.38%.,"Model view: the forward return estimate was mildly negative at about -1.94%. Confidence was not explicitly available for this prediction. Technical state is soft, with price below the 50-day and 200-day averages. MACD remains on the bearish side. Volatility is elevated at roughly 42.8%. No recent matched news was found for this ticker/date. Relative strength versus the benchmark looked weak. 1-month excess return -11.71%; 3-month excess return -26.86%; 6-month excess return -38.38%."
2024-08-16,KSS,-3.471887361041026,-2.682482678726416,,hit,linear_regression,target_5d_return,"Technical state is soft, with price below the 50-day and 200-day averages. MACD remains on the bullish side. Volatility is elevated at roughly 41.7%.",No recent matched news was found for this ticker/date.,Relative strength versus the benchmark looked weak. 1-month excess return -7.30%; 3-month excess return -23.94%; 6-month excess return -38.05%.,"Model view: the forward return estimate was mildly negative at about -2.68%. Confidence was not explicitly available for this prediction. Technical state is soft, with price below the 50-day and 200-day averages. MACD remains on the bullish side. Volatility is elevated at roughly 41.7%. No recent matched news was found for this ticker/date. Relative strength versus the benchmark looked weak. 1-month excess return -7.30%; 3-month excess return -23.94%; 6-month excess return -38.05%."
2024-08-19,KSS,-0.5007435030517149,-2.276186558444096,,hit,linear_regression,target_5d_return,"Technical state is soft, with price below the 50-day and 200-day averages. MACD remains on the bullish side. Volatility is elevated at roughly 41.9%.",No recent matched news was found for this ticker/date.,Relative strength versus the benchmark looked weak. 1-month excess return -6.98%; 3-month excess return -28.10%; 6-month excess return -39.59%.,"Model view: the forward return estimate was mildly negative at about -2.28%. Confidence was not explicitly available for this prediction. Technical state is soft, with price below the 50-day and 200-day averages. MACD remains on the bullish side. Volatility is elevated at roughly 41.9%. No recent matched news was found for this ticker/date. Relative strength versus the benchmark looked weak. 1-month excess return -6.98%; 3-month excess return -28.10%; 6-month excess return -39.59%."
2024-08-20,KSS,-0.6588908453257214,-1.7765965200584053,,hit,linear_regression,target_5d_return,"Technical state is soft, with price below the 50-day and 200-day averages. MACD remains on the bullish side. Volatility is elevated at roughly 42.0%.",No recent matched news was found for this ticker/date.,Relative strength versus the benchmark looked weak. 1-month excess return -4.95%; 3-month excess return -29.98%; 6-month excess return -41.77%.,"Model view: the forward return estimate was mildly negative at about -1.78%. Confidence was not explicitly available for this prediction. Technical state is soft, with price below the 50-day and 200-day averages. MACD remains on the bullish side. Volatility is elevated at roughly 42.0%. No recent matched news was found for this ticker/date. Relative strength versus the benchmark looked weak. 1-month excess return -4.95%; 3-month excess return -29.98%; 6-month excess return -41.77%."
2024-08-21,KSS,0.6144338334141519,0.3761412933602907,,hit,linear_regression,target_5d_return,"Technical state is soft, with price below the 50-day and 200-day averages. MACD remains on the bullish side. Volatility is elevated at roughly 40.5%.",No recent matched news was found for this ticker/date.,Relative strength versus the benchmark looked weak. 1-month excess return -6.12%; 3-month excess return -30.35%; 6-month excess return -41.57%.,"Model view: the forward return estimate was mildly positive at about 0.38%. Confidence was not explicitly available for this prediction. Technical state is soft, with price below the 50-day and 200-day averages. MACD remains on the bullish side. Volatility is elevated at roughly 40.5%. No recent matched news was found for this ticker/date. Relative strength versus the benchmark looked weak. 1-month excess return -6.12%; 3-month excess return -30.35%; 6-month excess return -41.57%."
2024-08-22,KSS,4.272159348121329,1.5057735569144337,,hit,linear_regression,target_5d_return,"Technical state is soft, with price below the 50-day and 200-day averages. RSI is weak near 38.4. MACD remains on the bullish side. Volatility is elevated at roughly 41.5%.",No recent matched news was found for this ticker/date.,Relative strength versus the benchmark looked weak. 1-month excess return -7.27%; 3-month excess return -30.88%; 6-month excess return -40.30%.,"Model view: the forward return estimate was mildly positive at about 1.51%. Confidence was not explicitly available for this prediction. Technical state is soft, with price below the 50-day and 200-day averages. RSI is weak near 38.4. MACD remains on the bullish side. Volatility is elevated at roughly 41.5%. No recent matched news was found for this ticker/date. Relative strength versus the benchmark looked weak. 1-month excess return -7.27%; 3-month excess return -30.88%; 6-month excess return -40.30%."
2024-08-23,KSS,-1.773051598419051,-0.7040398961478905,,hit,linear_regression,target_5d_return,"Technical state is soft, with price below the 50-day and 200-day averages. MACD remains on the bullish side. Volatility is elevated at roughly 43.5%.",No recent matched news was found for this ticker/date.,Relative strength versus the benchmark looked weak. 1-month excess return -5.97%; 3-month excess return -31.38%; 6-month excess return -38.98%.,"Model view: the forward return estimate was mildly negative at about -0.70%. Confidence was not explicitly available for this prediction. Technical state is soft, with price below the 50-day and 200-day averages. MACD remains on the bullish side. Volatility is elevated at roughly 43.5%. No recent matched news was found for this ticker/date. Relative strength versus the benchmark looked weak. 1-month excess return -5.97%; 3-month excess return -31.38%; 6-month excess return -38.98%."
2024-08-26,KSS,2.164058277129577,0.035560131624222335,,hit,linear_regression,target_5d_return,"Technical state is soft, with price below the 50-day and 200-day averages. MACD remains on the bullish side. Volatility is elevated at roughly 42.1%.",No recent matched news was found for this ticker/date.,Relative strength versus the benchmark looked weak. 1-month excess return -6.13%; 3-month excess return -30.88%; 6-month excess return -38.30%.,"Model view: the forward return estimate was mildly positive at about 0.04%. Confidence was not explicitly available for this prediction. Technical state is soft, with price below the 50-day and 200-day averages. MACD remains on the bullish side. Volatility is elevated at roughly 42.1%. No recent matched news was found for this ticker/date. Relative strength versus the benchmark looked weak. 1-month excess return -6.13%; 3-month excess return -30.88%; 6-month excess return -38.30%."
2024-08-27,KSS,4.99999756715741,0.3856218894536164,,hit,linear_regression,target_5d_return,"Technical state is soft, with price below the 50-day and 200-day averages. MACD remains on the bullish side. Volatility is elevated at roughly 42.3%.",No recent matched news was found for this ticker/date.,Relative strength versus the benchmark looked weak. 1-month excess return -10.18%; 3-month excess return -33.75%; 6-month excess return -42.23%.,"Model view: the forward return estimate was mildly positive at about 0.39%. Confidence was not explicitly available for this prediction. Technical state is soft, with price below the 50-day and 200-day averages. MACD remains on the bullish side. Volatility is elevated at roughly 42.3%. No recent matched news was found for this ticker/date. Relative strength versus the benchmark looked weak. 1-month excess return -10.18%; 3-month excess return -33.75%; 6-month excess return -42.23%."
2024-08-28,KSS,4.274810019821862,-0.3286102739129083,,miss,linear_regression,target_5d_return,"Technical state is soft, with price below the 50-day and 200-day averages. MACD remains on the bullish side. Volatility is elevated at roughly 40.6%.",No recent matched news was found for this ticker/date.,Relative strength versus the benchmark looked weak. 1-month excess return -9.67%; 3-month excess return -33.98%; 6-month excess return -40.22%.,"Model view: the forward return estimate was mildly negative at about -0.33%. Confidence was not explicitly available for this prediction. Technical state is soft, with price below the 50-day and 200-day averages. MACD remains on the bullish side. Volatility is elevated at roughly 40.6%. No recent matched news was found for this ticker/date. Relative strength versus the benchmark looked weak. 1-month excess return -9.67%; 3-month excess return -33.98%; 6-month excess return -40.22%."
2024-08-29,KSS,0.7081405483400527,2.35556000465462,,hit,linear_regression,target_5d_return,"Technical state is soft, with price below the 50-day and 200-day averages. MACD remains on the bullish side. Volatility is elevated at roughly 39.6%.",No recent matched news was found for this ticker/date.,Relative strength versus the benchmark looked weak. 1-month excess return -10.16%; 3-month excess return -12.77%; 6-month excess return -38.98%.,"Model view: the forward return estimate was mildly positive at about 2.36%. Confidence was not explicitly available for this prediction. Technical state is soft, with price below the 50-day and 200-day averages. MACD remains on the bullish side. Volatility is elevated at roughly 39.6%. No recent matched news was found for this ticker/date. Relative strength versus the benchmark looked weak. 1-month excess return -10.16%; 3-month excess return -12.77%; 6-month excess return -38.98%."
2024-08-30,KSS,2.475510390377922,4.319643325537527,,hit,linear_regression,target_5d_return,"Technical state is soft, with price below the 50-day and 200-day averages. MACD remains on the bullish side. Volatility is elevated at roughly 37.9%.",No recent matched news was found for this ticker/date.,Relative strength versus the benchmark looked weak. 1-month excess return -11.52%; 3-month excess return -20.29%; 6-month excess return -39.99%.,"Model view: the forward return estimate was mildly positive at about 4.32%. Confidence was not explicitly available for this prediction. Technical state is soft, with price below the 50-day and 200-day averages. MACD remains on the bullish side. Volatility is elevated at roughly 37.9%. No recent matched news was found for this ticker/date. Relative strength versus the benchmark looked weak. 1-month excess return -11.52%; 3-month excess return -20.29%; 6-month excess return -39.99%."
2024-09-03,KSS,-2.0689659708320374,1.9328951632391376,,miss,linear_regression,target_5d_return,"Technical state is soft, with price below the 50-day and 200-day averages. RSI is in a steady zone near 51.5. MACD remains on the bullish side. Volatility is elevated at roughly 40.1%.",No recent matched news was found for this ticker/date.,Relative strength versus the benchmark looked weak. 1-month excess return -3.16%; 3-month excess return -19.50%; 6-month excess return -34.51%.,"Model view: the forward return estimate was mildly positive at about 1.93%. Confidence was not explicitly available for this prediction. Technical state is soft, with price below the 50-day and 200-day averages. RSI is in a steady zone near 51.5. MACD remains on the bullish side. Volatility is elevated at roughly 40.1%. No recent matched news was found for this ticker/date. Relative strength versus the benchmark looked weak. 1-month excess return -3.16%; 3-month excess return -19.50%; 6-month excess return -34.51%."
2024-09-04,KSS,-7.2886297646296505,1.000075703963574,,miss,linear_regression,target_5d_return,"Technical state is soft, with price below the 50-day and 200-day averages. RSI is in a steady zone near 53.8. MACD remains on the bullish side. Volatility is elevated at roughly 39.8%.",No recent matched news was found for this ticker/date.,Relative strength versus the benchmark looked weak. 1-month excess return -1.49%; 3-month excess return -12.64%; 6-month excess return -35.32%.,"Model view: the forward return estimate was mildly positive at about 1.00%. Confidence was not explicitly available for this prediction. Technical state is soft, with price below the 50-day and 200-day averages. RSI is in a steady zone near 53.8. MACD remains on the bullish side. Volatility is elevated at roughly 39.8%. No recent matched news was found for this ticker/date. Relative strength versus the benchmark looked weak. 1-month excess return -1.49%; 3-month excess return -12.64%; 6-month excess return -35.32%."
2024-09-05,KSS,-5.026845769404808,2.4458183878073068,,miss,linear_regression,target_5d_return,"Technical state is soft, with price below the 50-day and 200-day averages. RSI is in a steady zone near 53.0. MACD remains on the bullish side. Volatility is elevated at roughly 39.6%.",No recent matched news was found for this ticker/date.,Relative strength versus the benchmark looked weak. 1-month excess return -2.53%; 3-month excess return -11.52%; 6-month excess return -32.30%.,"Model view: the forward return estimate was mildly positive at about 2.45%. Confidence was not explicitly available for this prediction. Technical state is soft, with price below the 50-day and 200-day averages. RSI is in a steady zone near 53.0. MACD remains on the bullish side. Volatility is elevated at roughly 39.6%. No recent matched news was found for this ticker/date. Relative strength versus the benchmark looked weak. 1-month excess return -2.53%; 3-month excess return -11.52%; 6-month excess return -32.30%."
2024-09-06,KSS,-0.9542970141323881,2.3327471723911226,,miss,linear_regression,target_5d_return,"Technical state is soft, with price below the 50-day and 200-day averages. MACD remains on the bullish side. Volatility is elevated at roughly 39.7%.",No recent matched news was found for this ticker/date.,Relative strength versus the benchmark looked weak. 1-month excess return -3.29%; 3-month excess return -12.41%; 6-month excess return -30.73%.,"Model view: the forward return estimate was mildly positive at about 2.33%. Confidence was not explicitly available for this prediction. Technical state is soft, with price below the 50-day and 200-day averages. MACD remains on the bullish side. Volatility is elevated at roughly 39.7%. No recent matched news was found for this ticker/date. Relative strength versus the benchmark looked weak. 1-month excess return -3.29%; 3-month excess return -12.41%; 6-month excess return -30.73%."
2024-09-09,KSS,-4.881737190407431,3.3406541101431837,,miss,linear_regression,target_5d_return,"Technical state is soft, with price below the 50-day and 200-day averages. MACD remains on the bullish side. Volatility is elevated at roughly 39.7%.",No recent matched news was found for this ticker/date.,Relative strength versus the benchmark looked weak. 1-month excess return -5.09%; 3-month excess return -15.26%; 6-month excess return -33.90%.,"Model view: the forward return estimate was mildly positive at about 3.34%. Confidence was not explicitly available for this prediction. Technical state is soft, with price below the 50-day and 200-day averages. MACD remains on the bullish side. Volatility is elevated at roughly 39.7%. No recent matched news was found for this ticker/date. Relative strength versus the benchmark looked weak. 1-month excess return -5.09%; 3-month excess return -15.26%; 6-month excess return -33.90%."
2024-09-10,KSS,-5.7847065748363296,2.265807152829225,,miss,linear_regression,target_5d_return,"Technical state is soft, with price below the 50-day and 200-day averages. MACD remains on the bullish side. Volatility is elevated at roughly 35.9%.",No recent matched news was found for this ticker/date.,Relative strength versus the benchmark looked weak. 1-month excess return -4.54%; 3-month excess return -15.94%; 6-month excess return -34.18%.,"Model view: the forward return estimate was mildly positive at about 2.27%. Confidence was not explicitly available for this prediction. Technical state is soft, with price below the 50-day and 200-day averages. MACD remains on the bullish side. Volatility is elevated at roughly 35.9%. No recent matched news was found for this ticker/date. Relative strength versus the benchmark looked weak. 1-month excess return -4.54%; 3-month excess return -15.94%; 6-month excess return -34.18%."
2024-09-11,KSS,-0.5765231173554208,1.3248872473223225,,miss,linear_regression,target_5d_return,"Technical state is soft, with price below the 50-day and 200-day averages. MACD remains on the bullish side. Volatility is elevated at roughly 38.6%.",No recent matched news was found for this ticker/date.,Relative strength versus the benchmark looked weak. 1-month excess return -4.99%; 3-month excess return -19.47%; 6-month excess return -32.01%.,"Model view: the forward return estimate was mildly positive at about 1.32%. Confidence was not explicitly available for this prediction. Technical state is soft, with price below the 50-day and 200-day averages. MACD remains on the bullish side. Volatility is elevated at roughly 38.6%. No recent matched news was found for this ticker/date. Relative strength versus the benchmark looked weak. 1-month excess return -4.99%; 3-month excess return -19.47%; 6-month excess return -32.01%."
2024-09-12,KSS,-4.316537948398469,-0.40101107939003156,,hit,linear_regression,target_5d_return,"Technical state is soft, with price below the 50-day and 200-day averages. MACD remains on the bullish side. Volatility is elevated at roughly 38.8%.",No recent matched news was found for this ticker/date.,Relative strength versus the benchmark looked weak. 1-month excess return -3.50%; 3-month excess return -16.84%; 6-month excess return -31.39%.,"Model view: the forward return estimate was mildly negative at about -0.40%. Confidence was not explicitly available for this prediction. Technical state is soft, with price below the 50-day and 200-day averages. MACD remains on the bullish side. Volatility is elevated at roughly 38.8%. No recent matched news was found for this ticker/date. Relative strength versus the benchmark looked weak. 1-month excess return -3.50%; 3-month excess return -16.84%; 6-month excess return -31.39%."
2024-09-13,KSS,-5.273828825513283,-2.518597865779061,,hit,linear_regression,target_5d_return,"Technical state is soft, with price below the 50-day and 200-day averages. MACD remains on the bullish side. Volatility is elevated at roughly 36.7%.",No recent matched news was found for this ticker/date.,Relative strength versus the benchmark looked weak. 1-month excess return -0.59%; 3-month excess return -15.57%; 6-month excess return -30.68%.,"Model view: the forward return estimate was mildly negative at about -2.52%. Confidence was not explicitly available for this prediction. Technical state is soft, with price below the 50-day and 200-day averages. MACD remains on the bullish side. Volatility is elevated at roughly 36.7%. No recent matched news was found for this ticker/date. Relative strength versus the benchmark looked weak. 1-month excess return -0.59%; 3-month excess return -15.57%; 6-month excess return -30.68%."
2024-09-16,KSS,0.21164505997197658,0.7137883945805891,,hit,linear_regression,target_5d_return,"Technical state is soft, with price below the 50-day and 200-day averages. MACD remains on the bearish side. Volatility is elevated at roughly 37.9%.",No recent matched news was found for this ticker/date.,Relative strength versus the benchmark looked weak. 1-month excess return -6.79%; 3-month excess return -16.10%; 6-month excess return -33.89%.,"Model view: the forward return estimate was mildly positive at about 0.71%. Confidence was not explicitly available for this prediction. Technical state is soft, with price below the 50-day and 200-day averages. MACD remains on the bearish side. Volatility is elevated at roughly 37.9%. No recent matched news was found for this ticker/date. Relative strength versus the benchmark looked weak. 1-month excess return -6.79%; 3-month excess return -16.10%; 6-month excess return -33.89%."
2024-09-17,KSS,5.499202946176518,0.2449463016494201,,hit,linear_regression,target_5d_return,"Technical state is soft, with price below the 50-day and 200-day averages. RSI is weak near 39.3. MACD remains on the bearish side. Volatility is elevated at roughly 37.3%.",No recent matched news was found for this ticker/date.,Relative strength versus the benchmark looked weak. 1-month excess return -10.01%; 3-month excess return -16.64%; 6-month excess return -34.64%.,"Model view: the forward return estimate was mildly positive at about 0.24%. Confidence was not explicitly available for this prediction. Technical state is soft, with price below the 50-day and 200-day averages. RSI is weak near 39.3. MACD remains on the bearish side. Volatility is elevated at roughly 37.3%. No recent matched news was found for this ticker/date. Relative strength versus the benchmark looked weak. 1-month excess return -10.01%; 3-month excess return -16.64%; 6-month excess return -34.64%."
2024-09-18,KSS,3.900895086470668,0.11629430087478398,,hit,linear_regression,target_5d_return,"Technical state is soft, with price below the 50-day and 200-day averages. MACD remains on the bearish side. Volatility is elevated at roughly 37.5%.",No recent matched news was found for this ticker/date.,Relative strength versus the benchmark looked weak. 1-month excess return -5.31%; 3-month excess return -13.58%; 6-month excess return -34.08%.,"Model view: the forward return estimate was mildly positive at about 0.12%. Confidence was not explicitly available for this prediction. Technical state is soft, with price below the 50-day and 200-day averages. MACD remains on the bearish side. Volatility is elevated at roughly 37.5%. No recent matched news was found for this ticker/date. Relative strength versus the benchmark looked weak. 1-month excess return -5.31%; 3-month excess return -13.58%; 6-month excess return -34.08%."
2024-09-19,KSS,8.75402302524122,1.5560064857602636,,hit,linear_regression,target_5d_return,"Technical state is soft, with price below the 50-day and 200-day averages. RSI is weak near 39.3. MACD remains on the bearish side. Volatility is elevated at roughly 37.9%.",No recent matched news was found for this ticker/date.,Relative strength versus the benchmark looked weak. 1-month excess return -7.85%; 3-month excess return -20.77%; 6-month excess return -38.18%.,"Model view: the forward return estimate was mildly positive at about 1.56%. Confidence was not explicitly available for this prediction. Technical state is soft, with price below the 50-day and 200-day averages. RSI is weak near 39.3. MACD remains on the bearish side. Volatility is elevated at roughly 37.9%. No recent matched news was found for this ticker/date. Relative strength versus the benchmark looked weak. 1-month excess return -7.85%; 3-month excess return -20.77%; 6-month excess return -38.18%."
2024-09-20,KSS,11.884364438363448,0.4006521632629413,,hit,linear_regression,target_5d_return,"Technical state is soft, with price below the 50-day and 200-day averages. MACD remains on the bearish side. Volatility is elevated at roughly 36.5%.",No recent matched news was found for this ticker/date.,Relative strength versus the benchmark looked weak. 1-month excess return -6.02%; 3-month excess return -22.73%; 6-month excess return -40.91%.,"Model view: the forward return estimate was mildly positive at about 0.40%. Confidence was not explicitly available for this prediction. Technical state is soft, with price below the 50-day and 200-day averages. MACD remains on the bearish side. Volatility is elevated at roughly 36.5%. No recent matched news was found for this ticker/date. Relative strength versus the benchmark looked weak. 1-month excess return -6.02%; 3-month excess return -22.73%; 6-month excess return -40.91%."
2024-09-23,KSS,11.404433930865165,1.3471913730235054,,hit,linear_regression,target_5d_return,"Technical state is soft, with price below the 50-day and 200-day averages. MACD remains on the bearish side. Volatility is elevated at roughly 33.6%.",No recent matched news was found for this ticker/date.,Relative strength versus the benchmark looked weak. 1-month excess return -2.85%; 3-month excess return -27.64%; 6-month excess return -37.77%.,"Model view: the forward return estimate was mildly positive at about 1.35%. Confidence was not explicitly available for this prediction. Technical state is soft, with price below the 50-day and 200-day averages. MACD remains on the bearish side. Volatility is elevated at roughly 33.6%. No recent matched news was found for this ticker/date. Relative strength versus the benchmark looked weak. 1-month excess return -2.85%; 3-month excess return -27.64%; 6-month excess return -37.77%."
2024-09-24,KSS,4.8076864604600145,-0.25525803365685873,,miss,linear_regression,target_5d_return,"Technical state is soft, with price below the 50-day and 200-day averages. RSI is in a steady zone near 51.8. MACD remains on the bullish side. Volatility is elevated at roughly 37.1%.",No recent matched news was found for this ticker/date.,Relative strength versus the benchmark looked weak. 1-month excess return -1.84%; 3-month excess return -22.41%; 6-month excess return -35.58%.,"Model view: the forward return estimate was mildly negative at about -0.26%. Confidence was not explicitly available for this prediction. Technical state is soft, with price below the 50-day and 200-day averages. RSI is in a steady zone near 51.8. MACD remains on the bullish side. Volatility is elevated at roughly 37.1%. No recent matched news was found for this ticker/date. Relative strength versus the benchmark looked weak. 1-month excess return -1.84%; 3-month excess return -22.41%; 6-month excess return -35.58%."
2024-09-25,KSS,-1.0654444151552034,-0.3640977215997486,,hit,linear_regression,target_5d_return,"Technical state is soft, with price below the 50-day and 200-day averages. RSI is in a steady zone near 51.3. MACD remains on the bullish side. Volatility is elevated at roughly 36.8%.",No recent matched news was found for this ticker/date.,Relative strength versus the benchmark looked weak. 1-month excess return -2.79%; 3-month excess return -19.85%; 6-month excess return -35.34%.,"Model view: the forward return estimate was mildly negative at about -0.36%. Confidence was not explicitly available for this prediction. Technical state is soft, with price below the 50-day and 200-day averages. RSI is in a steady zone near 51.3. MACD remains on the bullish side. Volatility is elevated at roughly 36.8%. No recent matched news was found for this ticker/date. Relative strength versus the benchmark looked weak. 1-month excess return -2.79%; 3-month excess return -19.85%; 6-month excess return -35.34%."
2024-09-26,KSS,-3.950613516348378,0.7486660728560158,,miss,linear_regression,target_5d_return,"Technical state is mixed, with price not fully aligned across the major moving averages. RSI is in a steady zone near 56.4. MACD remains on the bullish side. Volatility is elevated at roughly 38.0%.",No recent matched news was found for this ticker/date.,Relative strength versus the benchmark looked weak. 1-month excess return 1.06%; 3-month excess return -17.49%; 6-month excess return -38.56%.,"Model view: the forward return estimate was mildly positive at about 0.75%. Confidence was not explicitly available for this prediction. Technical state is mixed, with price not fully aligned across the major moving averages. RSI is in a steady zone near 56.4. MACD remains on the bullish side. Volatility is elevated at roughly 38.0%. No recent matched news was found for this ticker/date. Relative strength versus the benchmark looked weak. 1-month excess return 1.06%; 3-month excess return -17.49%; 6-month excess return -38.56%."
2024-09-27,KSS,-6.124396184974124,-0.8581830274541341,,hit,linear_regression,target_5d_return,"Technical state is mixed, with price not fully aligned across the major moving averages. RSI is in a steady zone near 61.5. MACD remains on the bullish side. Volatility is elevated at roughly 39.5%.",No recent matched news was found for this ticker/date.,Relative strength versus the benchmark looked weak. 1-month excess return 3.97%; 3-month excess return -14.14%; 6-month excess return -37.60%.,"Model view: the forward return estimate was mildly negative at about -0.86%. Confidence was not explicitly available for this prediction. Technical state is mixed, with price not fully aligned across the major moving averages. RSI is in a steady zone near 61.5. MACD remains on the bullish side. Volatility is elevated at roughly 39.5%. No recent matched news was found for this ticker/date. Relative strength versus the benchmark looked weak. 1-month excess return 3.97%; 3-month excess return -14.14%; 6-month excess return -37.60%."
2024-09-30,KSS,-9.905213814229851,-1.381079866064527,,hit,linear_regression,target_5d_return,"Technical state is mixed, with price not fully aligned across the major moving averages. RSI is in a steady zone near 63.0. MACD remains on the bullish side. Volatility is elevated at roughly 38.7%.",No recent matched news was found for this ticker/date.,Relative strength versus the benchmark looked weak. 1-month excess return 3.91%; 3-month excess return -8.87%; 6-month excess return -38.02%.,"Model view: the forward return estimate was mildly negative at about -1.38%. Confidence was not explicitly available for this prediction. Technical state is mixed, with price not fully aligned across the major moving averages. RSI is in a steady zone near 63.0. MACD remains on the bullish side. Volatility is elevated at roughly 38.7%. No recent matched news was found for this ticker/date. Relative strength versus the benchmark looked weak. 1-month excess return 3.91%; 3-month excess return -8.87%; 6-month excess return -38.02%."
2024-10-01,KSS,-7.580877664071595,1.8665864058294708,,miss,linear_regression,target_5d_return,"Technical state is mixed, with price not fully aligned across the major moving averages. RSI is in a steady zone near 58.3. MACD remains on the bullish side. Volatility is elevated at roughly 36.0%.",No recent matched news was found for this ticker/date.,Relative strength versus the benchmark looked weak. 1-month excess return 5.90%; 3-month excess return -6.29%; 6-month excess return -34.54%.,"Model view: the forward return estimate was mildly positive at about 1.87%. Confidence was not explicitly available for this prediction. Technical state is mixed, with price not fully aligned across the major moving averages. RSI is in a steady zone near 58.3. MACD remains on the bullish side. Volatility is elevated at roughly 36.0%. No recent matched news was found for this ticker/date. Relative strength versus the benchmark looked weak. 1-month excess return 5.90%; 3-month excess return -6.29%; 6-month excess return -34.54%."
2024-10-02,KSS,-2.923075358072913,2.291647349575697,,miss,linear_regression,target_5d_return,"Technical state is soft, with price below the 50-day and 200-day averages. MACD remains on the bullish side. Volatility is elevated at roughly 41.4%.",No recent matched news was found for this ticker/date.,Relative strength versus the benchmark looked weak. 1-month excess return -6.95%; 3-month excess return -12.29%; 6-month excess return -37.06%.,"Model view: the forward return estimate was mildly positive at about 2.29%. Confidence was not explicitly available for this prediction. Technical state is soft, with price below the 50-day and 200-day averages. MACD remains on the bullish side. Volatility is elevated at roughly 41.4%. No recent matched news was found for this ticker/date. Relative strength versus the benchmark looked weak. 1-month excess return -6.95%; 3-month excess return -12.29%; 6-month excess return -37.06%."
2024-10-03,KSS,-3.393315277754083,1.6507292898423027,,miss,linear_regression,target_5d_return,"Technical state is soft, with price below the 50-day and 200-day averages. MACD remains on the bullish side. Volatility is elevated at roughly 41.4%.",No recent matched news was found for this ticker/date.,Relative strength versus the benchmark looked weak. 1-month excess return -8.56%; 3-month excess return -15.09%; 6-month excess return -34.97%.,"Model view: the forward return estimate was mildly positive at about 1.65%. Confidence was not explicitly available for this prediction. Technical state is soft, with price below the 50-day and 200-day averages. MACD remains on the bullish side. Volatility is elevated at roughly 41.4%. No recent matched news was found for this ticker/date. Relative strength versus the benchmark looked weak. 1-month excess return -8.56%; 3-month excess return -15.09%; 6-month excess return -34.97%."
2024-10-04,KSS,-0.40774679043887874,1.8297340152945725,,miss,linear_regression,target_5d_return,"Technical state is soft, with price below the 50-day and 200-day averages. MACD remains on the bullish side. Volatility is elevated at roughly 40.4%.",No recent matched news was found for this ticker/date.,Relative strength versus the benchmark looked weak. 1-month excess return -8.52%; 3-month excess return -15.53%; 6-month excess return -33.59%.,"Model view: the forward return estimate was mildly positive at about 1.83%. Confidence was not explicitly available for this prediction. Technical state is soft, with price below the 50-day and 200-day averages. MACD remains on the bullish side. Volatility is elevated at roughly 40.4%. No recent matched news was found for this ticker/date. Relative strength versus the benchmark looked weak. 1-month excess return -8.52%; 3-month excess return -15.53%; 6-month excess return -33.59%."
2024-10-07,KSS,1.5255076522204147,2.0774997420462564,,hit,linear_regression,target_5d_return,"Technical state is soft, with price below the 50-day and 200-day averages. MACD remains on the bearish side. Volatility is elevated at roughly 41.8%.",No recent matched news was found for this ticker/date.,Relative strength versus the benchmark looked weak. 1-month excess return -9.61%; 3-month excess return -17.25%; 6-month excess return -33.39%.,"Model view: the forward return estimate was mildly positive at about 2.08%. Confidence was not explicitly available for this prediction. Technical state is soft, with price below the 50-day and 200-day averages. MACD remains on the bearish side. Volatility is elevated at roughly 41.8%. No recent matched news was found for this ticker/date. Relative strength versus the benchmark looked weak. 1-month excess return -9.61%; 3-month excess return -17.25%; 6-month excess return -33.39%."
2024-10-08,KSS,4.284220067779643,1.0715874666724967,,hit,linear_regression,target_5d_return,"Technical state is soft, with price below the 50-day and 200-day averages. MACD remains on the bearish side. Volatility is elevated at roughly 42.0%.",No recent matched news was found for this ticker/date.,Relative strength versus the benchmark looked weak. 1-month excess return -8.58%; 3-month excess return -15.10%; 6-month excess return -32.74%.,"Model view: the forward return estimate was mildly positive at about 1.07%. Confidence was not explicitly available for this prediction. Technical state is soft, with price below the 50-day and 200-day averages. MACD remains on the bearish side. Volatility is elevated at roughly 42.0%. No recent matched news was found for this ticker/date. Relative strength versus the benchmark looked weak. 1-month excess return -8.58%; 3-month excess return -15.10%; 6-month excess return -32.74%."
2024-10-09,KSS,4.595873839721465,0.5614637316119223,,hit,linear_regression,target_5d_return,"Technical state is soft, with price below the 50-day and 200-day averages. MACD remains on the bearish side. Volatility is elevated at roughly 39.6%.",No recent matched news was found for this ticker/date.,Relative strength versus the benchmark looked weak. 1-month excess return -9.96%; 3-month excess return -20.66%; 6-month excess return -30.67%.,"Model view: the forward return estimate was mildly positive at about 0.56%. Confidence was not explicitly available for this prediction. Technical state is soft, with price below the 50-day and 200-day averages. MACD remains on the bearish side. Volatility is elevated at roughly 39.6%. No recent matched news was found for this ticker/date. Relative strength versus the benchmark looked weak. 1-month excess return -9.96%; 3-month excess return -20.66%; 6-month excess return -30.67%."
2024-10-10,KSS,6.59925338318359,-0.14425898294395323,,miss,linear_regression,target_5d_return,"Technical state is soft, with price below the 50-day and 200-day averages. MACD remains on the bearish side. Volatility is elevated at roughly 38.9%.",No recent matched news was found for this ticker/date.,Relative strength versus the benchmark looked weak. 1-month excess return -5.47%; 3-month excess return -20.36%; 6-month excess return -31.89%.,"Model view: the forward return estimate was mildly negative at about -0.14%. Confidence was not explicitly available for this prediction. Technical state is soft, with price below the 50-day and 200-day averages. MACD remains on the bearish side. Volatility is elevated at roughly 38.9%. No recent matched news was found for this ticker/date. Relative strength versus the benchmark looked weak. 1-month excess return -5.47%; 3-month excess return -20.36%; 6-month excess return -31.89%."
2024-10-11,KSS,6.448302264571293,-0.6561953903008805,,miss,linear_regression,target_5d_return,"Technical state is soft, with price below the 50-day and 200-day averages. MACD remains on the bearish side. Volatility is elevated at roughly 41.4%.",No recent matched news was found for this ticker/date.,Relative strength versus the benchmark looked weak. 1-month excess return -3.26%; 3-month excess return -13.87%; 6-month excess return -27.48%.,"Model view: the forward return estimate was mildly negative at about -0.66%. Confidence was not explicitly available for this prediction. Technical state is soft, with price below the 50-day and 200-day averages. MACD remains on the bearish side. Volatility is elevated at roughly 41.4%. No recent matched news was found for this ticker/date. Relative strength versus the benchmark looked weak. 1-month excess return -3.26%; 3-month excess return -13.87%; 6-month excess return -27.48%."
2024-10-14,KSS,8.549231041991522,-0.3833996974854307,,miss,linear_regression,target_5d_return,"Technical state is soft, with price below the 50-day and 200-day averages. MACD remains on the bearish side. Volatility is elevated at roughly 38.7%.",No recent matched news was found for this ticker/date.,Relative strength versus the benchmark looked weak. 1-month excess return -6.10%; 3-month excess return -17.31%; 6-month excess return -29.03%.,"Model view: the forward return estimate was mildly negative at about -0.38%. Confidence was not explicitly available for this prediction. Technical state is soft, with price below the 50-day and 200-day averages. MACD remains on the bearish side. Volatility is elevated at roughly 38.7%. No recent matched news was found for this ticker/date. Relative strength versus the benchmark looked weak. 1-month excess return -6.10%; 3-month excess return -17.31%; 6-month excess return -29.03%."
2024-10-15,KSS,2.0040157526363567,-0.19772660433324293,,miss,linear_regression,target_5d_return,"Technical state is mixed, with price not fully aligned across the major moving averages. RSI is in a steady zone near 53.5. MACD remains on the bullish side. Volatility is elevated at roughly 40.2%.",No recent matched news was found for this ticker/date.,Relative strength versus the benchmark looked weak. 1-month excess return 2.59%; 3-month excess return -16.25%; 6-month excess return -24.52%.,"Model view: the forward return estimate was mildly negative at about -0.20%. Confidence was not explicitly available for this prediction. Technical state is mixed, with price not fully aligned across the major moving averages. RSI is in a steady zone near 53.5. MACD remains on the bullish side. Volatility is elevated at roughly 40.2%. No recent matched news was found for this ticker/date. Relative strength versus the benchmark looked weak. 1-month excess return 2.59%; 3-month excess return -16.25%; 6-month excess return -24.52%."
2024-10-16,KSS,-2.070706379850229,0.8334383703465539,,miss,linear_regression,target_5d_return,"Technical state is mixed, with price not fully aligned across the major moving averages. RSI is in a steady zone near 51.9. MACD remains on the bullish side. Volatility is elevated at roughly 40.2%.",No recent matched news was found for this ticker/date.,Relative strength versus the benchmark looked weak. 1-month excess return 2.31%; 3-month excess return -15.33%; 6-month excess return -25.78%.,"Model view: the forward return estimate was mildly positive at about 0.83%. Confidence was not explicitly available for this prediction. Technical state is mixed, with price not fully aligned across the major moving averages. RSI is in a steady zone near 51.9. MACD remains on the bullish side. Volatility is elevated at roughly 40.2%. No recent matched news was found for this ticker/date. Relative strength versus the benchmark looked weak. 1-month excess return 2.31%; 3-month excess return -15.33%; 6-month excess return -25.78%."
2024-10-17,KSS,-4.692963064571131,-0.9140593717543221,,hit,linear_regression,target_5d_return,"Technical state is mixed, with price not fully aligned across the major moving averages. RSI is in a steady zone near 54.0. MACD remains on the bullish side. Volatility is elevated at roughly 39.5%.",No recent matched news was found for this ticker/date.,Relative strength versus the benchmark looked weak. 1-month excess return 1.83%; 3-month excess return -10.85%; 6-month excess return -28.98%.,"Model view: the forward return estimate was mildly negative at about -0.91%. Confidence was not explicitly available for this prediction. Technical state is mixed, with price not fully aligned across the major moving averages. RSI is in a steady zone near 54.0. MACD remains on the bullish side. Volatility is elevated at roughly 39.5%. No recent matched news was found for this ticker/date. Relative strength versus the benchmark looked weak. 1-month excess return 1.83%; 3-month excess return -10.85%; 6-month excess return -28.98%."
2024-10-18,KSS,-8.461530702353649,-1.6662079637067984,,hit,linear_regression,target_5d_return,"Technical state is mixed, with price not fully aligned across the major moving averages. RSI is in a steady zone near 60.4. MACD remains on the bullish side. Volatility is elevated at roughly 41.4%.",No recent matched news was found for this ticker/date.,Relative strength versus the benchmark looked weak. 1-month excess return 9.34%; 3-month excess return -4.44%; 6-month excess return -28.38%.,"Model view: the forward return estimate was mildly negative at about -1.67%. Confidence was not explicitly available for this prediction. Technical state is mixed, with price not fully aligned across the major moving averages. RSI is in a steady zone near 60.4. MACD remains on the bullish side. Volatility is elevated at roughly 41.4%. No recent matched news was found for this ticker/date. Relative strength versus the benchmark looked weak. 1-month excess return 9.34%; 3-month excess return -4.44%; 6-month excess return -28.38%."
2024-10-21,KSS,-9.069219363657533,-1.504293537828874,,hit,linear_regression,target_5d_return,"Technical state is mixed, with price not fully aligned across the major moving averages. RSI is in a steady zone near 61.5. MACD remains on the bullish side. Volatility is elevated at roughly 41.3%.",No recent matched news was found for this ticker/date.,Relative strength versus the benchmark looked weak. 1-month excess return 9.74%; 3-month excess return -3.38%; 6-month excess return -32.06%.,"Model view: the forward return estimate was mildly negative at about -1.50%. Confidence was not explicitly available for this prediction. Technical state is mixed, with price not fully aligned across the major moving averages. RSI is in a steady zone near 61.5. MACD remains on the bullish side. Volatility is elevated at roughly 41.3%. No recent matched news was found for this ticker/date. Relative strength versus the benchmark looked weak. 1-month excess return 9.74%; 3-month excess return -3.38%; 6-month excess return -32.06%."
2024-10-22,KSS,-7.269162108141048,0.40765203494441715,,miss,linear_regression,target_5d_return,"Technical state is mixed, with price not fully aligned across the major moving averages. RSI is in a steady zone near 54.9. MACD remains on the bullish side. Volatility is elevated at roughly 40.4%.",No recent matched news was found for this ticker/date.,Relative strength versus the benchmark looked weak. 1-month excess return 5.40%; 3-month excess return -5.25%; 6-month excess return -35.19%.,"Model view: the forward return estimate was mildly positive at about 0.41%. Confidence was not explicitly available for this prediction. Technical state is mixed, with price not fully aligned across the major moving averages. RSI is in a steady zone near 54.9. MACD remains on the bullish side. Volatility is elevated at roughly 40.4%. No recent matched news was found for this ticker/date. Relative strength versus the benchmark looked weak. 1-month excess return 5.40%; 3-month excess return -5.25%; 6-month excess return -35.19%."
2024-10-23,KSS,-3.5069640360009813,0.555066693538833,,miss,linear_regression,target_5d_return,"Technical state is soft, with price below the 50-day and 200-day averages. MACD remains on the bullish side. Volatility is elevated at roughly 44.0%.",No recent matched news was found for this ticker/date.,Relative strength versus the benchmark looked weak. 1-month excess return -2.74%; 3-month excess return -10.67%; 6-month excess return -36.47%.,"Model view: the forward return estimate was mildly positive at about 0.56%. Confidence was not explicitly available for this prediction. Technical state is soft, with price below the 50-day and 200-day averages. MACD remains on the bullish side. Volatility is elevated at roughly 44.0%. No recent matched news was found for this ticker/date. Relative strength versus the benchmark looked weak. 1-month excess return -2.74%; 3-month excess return -10.67%; 6-month excess return -36.47%."
2024-10-24,KSS,-3.1953934283697194,0.11512550406260347,,miss,linear_regression,target_5d_return,"Technical state is soft, with price below the 50-day and 200-day averages. MACD remains on the bearish side. Volatility is elevated at roughly 43.0%.",No recent matched news was found for this ticker/date.,Relative strength versus the benchmark looked weak. 1-month excess return -4.45%; 3-month excess return -13.35%; 6-month excess return -36.48%.,"Model view: the forward return estimate was mildly positive at about 0.12%. Confidence was not explicitly available for this prediction. Technical state is soft, with price below the 50-day and 200-day averages. MACD remains on the bearish side. Volatility is elevated at roughly 43.0%. No recent matched news was found for this ticker/date. Relative strength versus the benchmark looked weak. 1-month excess return -4.45%; 3-month excess return -13.35%; 6-month excess return -36.48%."
2024-10-25,KSS,-4.936977357448735,0.34107223471238457,,miss,linear_regression,target_5d_return,"Technical state is soft, with price below the 50-day and 200-day averages. MACD remains on the bearish side. Volatility is elevated at roughly 41.0%.",No recent matched news was found for this ticker/date.,Relative strength versus the benchmark looked weak. 1-month excess return -6.84%; 3-month excess return -16.07%; 6-month excess return -36.30%.,"Model view: the forward return estimate was mildly positive at about 0.34%. Confidence was not explicitly available for this prediction. Technical state is soft, with price below the 50-day and 200-day averages. MACD remains on the bearish side. Volatility is elevated at roughly 41.0%. No recent matched news was found for this ticker/date. Relative strength versus the benchmark looked weak. 1-month excess return -6.84%; 3-month excess return -16.07%; 6-month excess return -36.30%."
2024-10-28,KSS,-5.406817955630561,-0.019661126185810063,,hit,linear_regression,target_5d_return,"Technical state is soft, with price below the 50-day and 200-day averages. MACD remains on the bearish side. Volatility is elevated at roughly 40.8%.",No recent matched news was found for this ticker/date.,Relative strength versus the benchmark looked weak. 1-month excess return -10.48%; 3-month excess return -16.70%; 6-month excess return -35.97%.,"Model view: the forward return estimate was mildly negative at about -0.02%. Confidence was not explicitly available for this prediction. Technical state is soft, with price below the 50-day and 200-day averages. MACD remains on the bearish side. Volatility is elevated at roughly 40.8%. No recent matched news was found for this ticker/date. Relative strength versus the benchmark looked weak. 1-month excess return -10.48%; 3-month excess return -16.70%; 6-month excess return -35.97%."
2024-10-29,KSS,-1.6949137131806236,0.42528897420251555,,miss,linear_regression,target_5d_return,"Technical state is soft, with price below the 50-day and 200-day averages. MACD remains on the bearish side. Volatility is elevated at roughly 40.5%.",No recent matched news was found for this ticker/date.,Relative strength versus the benchmark looked weak. 1-month excess return -11.87%; 3-month excess return -18.54%; 6-month excess return -37.03%.,"Model view: the forward return estimate was mildly positive at about 0.43%. Confidence was not explicitly available for this prediction. Technical state is soft, with price below the 50-day and 200-day averages. MACD remains on the bearish side. Volatility is elevated at roughly 40.5%. No recent matched news was found for this ticker/date. Relative strength versus the benchmark looked weak. 1-month excess return -11.87%; 3-month excess return -18.54%; 6-month excess return -37.03%."
2024-10-30,KSS,-5.077492795706339,0.058781970231847835,,miss,linear_regression,target_5d_return,"Technical state is soft, with price below the 50-day and 200-day averages. MACD remains on the bearish side. Volatility is elevated at roughly 35.2%.",No recent matched news was found for this ticker/date.,Relative strength versus the benchmark looked weak. 1-month excess return -11.65%; 3-month excess return -17.79%; 6-month excess return -36.47%.,"Model view: the forward return estimate was mildly positive at about 0.06%. Confidence was not explicitly available for this prediction. Technical state is soft, with price below the 50-day and 200-day averages. MACD remains on the bearish side. Volatility is elevated at roughly 35.2%. No recent matched news was found for this ticker/date. Relative strength versus the benchmark looked weak. 1-month excess return -11.65%; 3-month excess return -17.79%; 6-month excess return -36.47%."
2024-10-31,KSS,-0.6493448855910744,0.4273222692605708,,miss,linear_regression,target_5d_return,"Technical state is soft, with price below the 50-day and 200-day averages. RSI is weak near 38.7. MACD remains on the bearish side. Volatility is elevated at roughly 35.3%.",No recent matched news was found for this ticker/date.,Relative strength versus the benchmark looked weak. 1-month excess return -5.20%; 3-month excess return -15.25%; 6-month excess return -37.62%.,"Model view: the forward return estimate was mildly positive at about 0.43%. Confidence was not explicitly available for this prediction. Technical state is soft, with price below the 50-day and 200-day averages. RSI is weak near 38.7. MACD remains on the bearish side. Volatility is elevated at roughly 35.3%. No recent matched news was found for this ticker/date. Relative strength versus the benchmark looked weak. 1-month excess return -5.20%; 3-month excess return -15.25%; 6-month excess return -37.62%."
2024-11-01,KSS,-3.2596692826145857,1.6560843170286712,,miss,linear_regression,target_5d_return,"Technical state is soft, with price below the 50-day and 200-day averages. RSI is weak near 35.6. MACD remains on the bearish side. Volatility is elevated at roughly 35.7%.",No recent matched news was found for this ticker/date.,Relative strength versus the benchmark looked weak. 1-month excess return -7.53%; 3-month excess return -18.07%; 6-month excess return -36.84%.,"Model view: the forward return estimate was mildly positive at about 1.66%. Confidence was not explicitly available for this prediction. Technical state is soft, with price below the 50-day and 200-day averages. RSI is weak near 35.6. MACD remains on the bearish side. Volatility is elevated at roughly 35.7%. No recent matched news was found for this ticker/date. Relative strength versus the benchmark looked weak. 1-month excess return -7.53%; 3-month excess return -18.07%; 6-month excess return -36.84%."
2024-11-04,KSS,3.7180913389227133,1.6961174022014514,,hit,linear_regression,target_5d_return,"Technical state is soft, with price below the 50-day and 200-day averages. RSI is weak near 34.9. MACD remains on the bearish side. Volatility is elevated at roughly 34.2%.",No recent matched news was found for this ticker/date.,Relative strength versus the benchmark looked weak. 1-month excess return -7.61%; 3-month excess return -18.81%; 6-month excess return -36.55%.,"Model view: the forward return estimate was mildly positive at about 1.70%. Confidence was not explicitly available for this prediction. Technical state is soft, with price below the 50-day and 200-day averages. RSI is weak near 34.9. MACD remains on the bearish side. Volatility is elevated at roughly 34.2%. No recent matched news was found for this ticker/date. Relative strength versus the benchmark looked weak. 1-month excess return -7.61%; 3-month excess return -18.81%; 6-month excess return -36.55%."
2024-11-05,KSS,-1.6163752461903158,0.6771801668742791,,miss,linear_regression,target_5d_return,"Technical state is soft, with price below the 50-day and 200-day averages. MACD remains on the bearish side. Volatility is elevated at roughly 36.0%.",No recent matched news was found for this ticker/date.,Relative strength versus the benchmark looked weak. 1-month excess return -3.94%; 3-month excess return -17.15%; 6-month excess return -34.33%.,"Model view: the forward return estimate was mildly positive at about 0.68%. Confidence was not explicitly available for this prediction. Technical state is soft, with price below the 50-day and 200-day averages. MACD remains on the bearish side. Volatility is elevated at roughly 36.0%. No recent matched news was found for this ticker/date. Relative strength versus the benchmark looked weak. 1-month excess return -3.94%; 3-month excess return -17.15%; 6-month excess return -34.33%."
2024-11-06,KSS,1.8581076545787445,2.1968869363806216,,hit,linear_regression,target_5d_return,"Technical state is soft, with price below the 50-day and 200-day averages. RSI is weak near 35.8. MACD remains on the bearish side. Volatility is elevated at roughly 38.8%.",No recent matched news was found for this ticker/date.,Relative strength versus the benchmark looked weak. 1-month excess return -10.33%; 3-month excess return -23.91%; 6-month excess return -40.09%.,"Model view: the forward return estimate was mildly positive at about 2.20%. Confidence was not explicitly available for this prediction. Technical state is soft, with price below the 50-day and 200-day averages. RSI is weak near 35.8. MACD remains on the bearish side. Volatility is elevated at roughly 38.8%. No recent matched news was found for this ticker/date. Relative strength versus the benchmark looked weak. 1-month excess return -10.33%; 3-month excess return -23.91%; 6-month excess return -40.09%."
2024-11-07,KSS,1.416123203913422,-0.673325844556644,,miss,linear_regression,target_5d_return,"Technical state is soft, with price below the 50-day and 200-day averages. MACD remains on the bearish side. Volatility is elevated at roughly 40.9%.",No recent matched news was found for this ticker/date.,Relative strength versus the benchmark looked weak. 1-month excess return -6.23%; 3-month excess return -20.89%; 6-month excess return -37.88%.,"Model view: the forward return estimate was mildly negative at about -0.67%. Confidence was not explicitly available for this prediction. Technical state is soft, with price below the 50-day and 200-day averages. MACD remains on the bearish side. Volatility is elevated at roughly 40.9%. No recent matched news was found for this ticker/date. Relative strength versus the benchmark looked weak. 1-month excess return -6.23%; 3-month excess return -20.89%; 6-month excess return -37.88%."
2024-11-08,KSS,2.7983995700350484,1.6981645369215808,,hit,linear_regression,target_5d_return,"Technical state is soft, with price below the 50-day and 200-day averages. RSI is weak near 36.7. MACD remains on the bearish side. Volatility is elevated at roughly 40.9%.",No recent matched news was found for this ticker/date.,Relative strength versus the benchmark looked weak. 1-month excess return -10.66%; 3-month excess return -21.40%; 6-month excess return -41.70%.,"Model view: the forward return estimate was mildly positive at about 1.70%. Confidence was not explicitly available for this prediction. Technical state is soft, with price below the 50-day and 200-day averages. RSI is weak near 36.7. MACD remains on the bearish side. Volatility is elevated at roughly 40.9%. No recent matched news was found for this ticker/date. Relative strength versus the benchmark looked weak. 1-month excess return -10.66%; 3-month excess return -21.40%; 6-month excess return -41.70%."
2024-11-11,KSS,-6.955597149610937,-1.8800757332345488,,hit,linear_regression,target_5d_return,"Technical state is soft, with price below the 50-day and 200-day averages. MACD remains on the bearish side. Volatility is elevated at roughly 48.2%.",No recent matched news was found for this ticker/date.,Relative strength versus the benchmark looked weak. 1-month excess return -7.67%; 3-month excess return -14.78%; 6-month excess return -42.85%.,"Model view: the forward return estimate was mildly negative at about -1.88%. Confidence was not explicitly available for this prediction. Technical state is soft, with price below the 50-day and 200-day averages. MACD remains on the bearish side. Volatility is elevated at roughly 48.2%. No recent matched news was found for this ticker/date. Relative strength versus the benchmark looked weak. 1-month excess return -7.67%; 3-month excess return -14.78%; 6-month excess return -42.85%."
2024-11-12,KSS,-6.8455639886733195,0.4975189672539949,,miss,linear_regression,target_5d_return,"Technical state is soft, with price below the 50-day and 200-day averages. MACD remains on the bearish side. Volatility is elevated at roughly 46.9%.",No recent matched news was found for this ticker/date.,Relative strength versus the benchmark looked weak. 1-month excess return -7.56%; 3-month excess return -14.64%; 6-month excess return -45.76%.,"Model view: the forward return estimate was mildly positive at about 0.50%. Confidence was not explicitly available for this prediction. Technical state is soft, with price below the 50-day and 200-day averages. MACD remains on the bearish side. Volatility is elevated at roughly 46.9%. No recent matched news was found for this ticker/date. Relative strength versus the benchmark looked weak. 1-month excess return -7.56%; 3-month excess return -14.64%; 6-month excess return -45.76%."
2024-11-13,KSS,-9.839694149426903,1.4381404480540705,,miss,linear_regression,target_5d_return,"Technical state is soft, with price below the 50-day and 200-day averages. MACD remains on the bearish side. Volatility is elevated at roughly 46.9%.",No recent matched news was found for this ticker/date.,Relative strength versus the benchmark looked weak. 1-month excess return -12.38%; 3-month excess return -17.09%; 6-month excess return -42.26%.,"Model view: the forward return estimate was mildly positive at about 1.44%. Confidence was not explicitly available for this prediction. Technical state is soft, with price below the 50-day and 200-day averages. MACD remains on the bearish side. Volatility is elevated at roughly 46.9%. No recent matched news was found for this ticker/date. Relative strength versus the benchmark looked weak. 1-month excess return -12.38%; 3-month excess return -17.09%; 6-month excess return -42.26%."
2024-11-14,KSS,-11.922669820859822,0.09953274210772578,,miss,linear_regression,target_5d_return,"Technical state is soft, with price below the 50-day and 200-day averages. MACD remains on the bullish side. Volatility is elevated at roughly 48.1%.",No recent matched news was found for this ticker/date.,Relative strength versus the benchmark looked weak. 1-month excess return -7.89%; 3-month excess return -16.03%; 6-month excess return -38.60%.,"Model view: the forward return estimate was mildly positive at about 0.10%. Confidence was not explicitly available for this prediction. Technical state is soft, with price below the 50-day and 200-day averages. MACD remains on the bullish side. Volatility is elevated at roughly 48.1%. No recent matched news was found for this ticker/date. Relative strength versus the benchmark looked weak. 1-month excess return -7.89%; 3-month excess return -16.03%; 6-month excess return -38.60%."
2024-11-15,KSS,-5.388885074191618,1.3807263784493098,,miss,linear_regression,target_5d_return,"Technical state is soft, with price below the 50-day and 200-day averages. MACD remains on the bearish side. Volatility is elevated at roughly 46.6%.",No recent matched news was found for this ticker/date.,Relative strength versus the benchmark looked weak. 1-month excess return -10.73%; 3-month excess return -14.56%; 6-month excess return -40.72%.,"Model view: the forward return estimate was mildly positive at about 1.38%. Confidence was not explicitly available for this prediction. Technical state is soft, with price below the 50-day and 200-day averages. MACD remains on the bearish side. Volatility is elevated at roughly 46.6%. No recent matched news was found for this ticker/date. Relative strength versus the benchmark looked weak. 1-month excess return -10.73%; 3-month excess return -14.56%; 6-month excess return -40.72%."
2024-11-18,KSS,5.462914297196297,3.5221157709042923,,hit,linear_regression,target_5d_return,"Technical state is soft, with price below the 50-day and 200-day averages. RSI is weak near 39.8. MACD remains on the bearish side. Volatility is elevated at roughly 47.2%.",No recent matched news was found for this ticker/date.,Relative strength versus the benchmark looked weak. 1-month excess return -17.02%; 3-month excess return -17.16%; 6-month excess return -44.52%.,"Model view: the forward return estimate was mildly positive at about 3.52%. Confidence was not explicitly available for this prediction. Technical state is soft, with price below the 50-day and 200-day averages. RSI is weak near 39.8. MACD remains on the bearish side. Volatility is elevated at roughly 47.2%. No recent matched news was found for this ticker/date. Relative strength versus the benchmark looked weak. 1-month excess return -17.02%; 3-month excess return -17.16%; 6-month excess return -44.52%."
2024-11-19,KSS,-10.52322126847316,3.020514078352107,,miss,linear_regression,target_5d_return,"Technical state is soft, with price below the 50-day and 200-day averages. RSI is weak near 37.5. MACD remains on the bearish side. Volatility is elevated at roughly 46.9%.",No recent matched news was found for this ticker/date.,Relative strength versus the benchmark looked weak. 1-month excess return -19.96%; 3-month excess return -18.22%; 6-month excess return -45.65%.,"Model view: the forward return estimate was mildly positive at about 3.02%. Confidence was not explicitly available for this prediction. Technical state is soft, with price below the 50-day and 200-day averages. RSI is weak near 37.5. MACD remains on the bearish side. Volatility is elevated at roughly 46.9%. No recent matched news was found for this ticker/date. Relative strength versus the benchmark looked weak. 1-month excess return -19.96%; 3-month excess return -18.22%; 6-month excess return -45.65%."
2024-11-20,KSS,-9.564681281565246,5.109504255044612,,miss,linear_regression,target_5d_return,"Technical state is soft, with price below the 50-day and 200-day averages. RSI is weak near 33.6. MACD remains on the bearish side. Volatility is elevated at roughly 46.3%.",No recent matched news was found for this ticker/date.,Relative strength versus the benchmark looked weak. 1-month excess return -21.15%; 3-month excess return -20.19%; 6-month excess return -47.75%.,"Model view: the forward return estimate was mildly positive at about 5.11%. Confidence was not explicitly available for this prediction. Technical state is soft, with price below the 50-day and 200-day averages. RSI is weak near 33.6. MACD remains on the bearish side. Volatility is elevated at roughly 46.3%. No recent matched news was found for this ticker/date. Relative strength versus the benchmark looked weak. 1-month excess return -21.15%; 3-month excess return -20.19%; 6-month excess return -47.75%."
2024-11-21,KSS,-8.7195084436814,3.3776452241022805,,miss,linear_regression,target_5d_return,"Technical state is soft, with price below the 50-day and 200-day averages. RSI is weak near 34.5. MACD remains on the bearish side. Volatility is elevated at roughly 46.4%.",No recent matched news was found for this ticker/date.,Relative strength versus the benchmark looked weak. 1-month excess return -18.13%; 3-month excess return -22.53%; 6-month excess return -50.15%.,"Model view: the forward return estimate was mildly positive at about 3.38%. Confidence was not explicitly available for this prediction. Technical state is soft, with price below the 50-day and 200-day averages. RSI is weak near 34.5. MACD remains on the bearish side. Volatility is elevated at roughly 46.4%. No recent matched news was found for this ticker/date. Relative strength versus the benchmark looked weak. 1-month excess return -18.13%; 3-month excess return -22.53%; 6-month excess return -50.15%."
2024-11-22,KSS,-9.395186828879032,1.2415828929881623,,miss,linear_regression,target_5d_return,"Technical state is soft, with price below the 50-day and 200-day averages. MACD remains on the bearish side. Volatility is elevated at roughly 49.2%.",No recent matched news was found for this ticker/date.,Relative strength versus the benchmark looked weak. 1-month excess return -13.61%; 3-month excess return -20.52%; 6-month excess return -48.19%.,"Model view: the forward return estimate was mildly positive at about 1.24%. Confidence was not explicitly available for this prediction. Technical state is soft, with price below the 50-day and 200-day averages. MACD remains on the bearish side. Volatility is elevated at roughly 49.2%. No recent matched news was found for this ticker/date. Relative strength versus the benchmark looked weak. 1-month excess return -13.61%; 3-month excess return -20.52%; 6-month excess return -48.19%."
2024-11-25,KSS,-16.848419448632733,-1.3844960740370884,,hit,linear_regression,target_5d_return,"Technical state is soft, with price below the 50-day and 200-day averages. RSI is in a steady zone near 51.3. MACD remains on the bearish side. Volatility is elevated at roughly 57.2%.",No recent matched news was found for this ticker/date.,Relative strength versus the benchmark looked weak. 1-month excess return -6.86%; 3-month excess return -12.85%; 6-month excess return -45.20%.,"Model view: the forward return estimate was mildly negative at about -1.38%. Confidence was not explicitly available for this prediction. Technical state is soft, with price below the 50-day and 200-day averages. RSI is in a steady zone near 51.3. MACD remains on the bearish side. Volatility is elevated at roughly 57.2%. No recent matched news was found for this ticker/date. Relative strength versus the benchmark looked weak. 1-month excess return -6.86%; 3-month excess return -12.85%; 6-month excess return -45.20%."
2024-11-26,KSS,0.5256236682160909,3.7325465812523926,,hit,linear_regression,target_5d_return,"Technical state is soft, with price below the 50-day and 200-day averages. RSI is weak near 35.3. MACD remains on the bearish side. Volatility is elevated at roughly 82.9%.",No recent matched news was found for this ticker/date.,Relative strength versus the benchmark looked weak. 1-month excess return -23.55%; 3-month excess return -30.18%; 6-month excess return -58.33%.,"Model view: the forward return estimate was mildly positive at about 3.73%. Confidence was not explicitly available for this prediction. Technical state is soft, with price below the 50-day and 200-day averages. RSI is weak near 35.3. MACD remains on the bearish side. Volatility is elevated at roughly 82.9%. No recent matched news was found for this ticker/date. Relative strength versus the benchmark looked weak. 1-month excess return -23.55%; 3-month excess return -30.18%; 6-month excess return -58.33%."
2024-11-27,KSS,4.338985378459359,6.500192289325838,,hit,linear_regression,target_5d_return,"Technical state is soft, with price below the 50-day and 200-day averages. RSI is weak near 33.6. MACD remains on the bearish side. Volatility is elevated at roughly 83.2%.",No recent matched news was found for this ticker/date.,Relative strength versus the benchmark looked weak. 1-month excess return -24.83%; 3-month excess return -32.67%; 6-month excess return -44.42%.,"Model view: the forward return estimate was mildly positive at about 6.50%. Confidence was not explicitly available for this prediction. Technical state is soft, with price below the 50-day and 200-day averages. RSI is weak near 33.6. MACD remains on the bearish side. Volatility is elevated at roughly 83.2%. No recent matched news was found for this ticker/date. Relative strength versus the benchmark looked weak. 1-month excess return -24.83%; 3-month excess return -32.67%; 6-month excess return -44.42%."
2024-11-29,KSS,2.2712100636145927,7.583276223437622,,hit,linear_regression,target_5d_return,"Technical state is soft, with price below the 50-day and 200-day averages. RSI is weak near 35.2. MACD remains on the bearish side. Volatility is elevated at roughly 83.7%.",No recent matched news was found for this ticker/date.,Relative strength versus the benchmark looked weak. 1-month excess return -23.79%; 3-month excess return -29.63%; 6-month excess return -47.34%.,"Model view: the forward return estimate was mildly positive at about 7.58%. Confidence was not explicitly available for this prediction. Technical state is soft, with price below the 50-day and 200-day averages. RSI is weak near 35.2. MACD remains on the bearish side. Volatility is elevated at roughly 83.7%. No recent matched news was found for this ticker/date. Relative strength versus the benchmark looked weak. 1-month excess return -23.79%; 3-month excess return -29.63%; 6-month excess return -47.34%."
2024-12-02,KSS,-1.101750310639471,5.488046990653146,,miss,linear_regression,target_5d_return,"Technical state is soft, with price below the 50-day and 200-day averages. RSI is weak near 38.4. MACD remains on the bearish side. Volatility is elevated at roughly 84.7%.",No recent matched news was found for this ticker/date.,Relative strength versus the benchmark looked weak. 1-month excess return -22.69%; 3-month excess return -33.34%; 6-month excess return -49.70%.,"Model view: the forward return estimate was mildly positive at about 5.49%. Confidence was not explicitly available for this prediction. Technical state is soft, with price below the 50-day and 200-day averages. RSI is weak near 38.4. MACD remains on the bearish side. Volatility is elevated at roughly 84.7%. No recent matched news was found for this ticker/date. Relative strength versus the benchmark looked weak. 1-month excess return -22.69%; 3-month excess return -33.34%; 6-month excess return -49.70%."
2024-12-03,KSS,-0.19671956046682926,7.563527916892809,,miss,linear_regression,target_5d_return,"Technical state is soft, with price below the 50-day and 200-day averages. RSI is weak near 37.6. MACD remains on the bearish side. Volatility is elevated at roughly 84.8%.",No recent matched news was found for this ticker/date.,Relative strength versus the benchmark looked weak. 1-month excess return -21.50%; 3-month excess return -35.55%; 6-month excess return -46.42%.,"Model view: the forward return estimate was mildly positive at about 7.56%. Confidence was not explicitly available for this prediction. Technical state is soft, with price below the 50-day and 200-day averages. RSI is weak near 37.6. MACD remains on the bearish side. Volatility is elevated at roughly 84.8%. No recent matched news was found for this ticker/date. Relative strength versus the benchmark looked weak. 1-month excess return -21.50%; 3-month excess return -35.55%; 6-month excess return -46.42%."
2024-12-04,KSS,-3.4640504991113708,6.974027963889682,,miss,linear_regression,target_5d_return,"Technical state is soft, with price below the 50-day and 200-day averages. RSI is weak near 38.0. MACD remains on the bearish side. Volatility is elevated at roughly 83.7%.",No recent matched news was found for this ticker/date.,Relative strength versus the benchmark looked weak. 1-month excess return -21.75%; 3-month excess return -35.94%; 6-month excess return -45.53%.,"Model view: the forward return estimate was mildly positive at about 6.97%. Confidence was not explicitly available for this prediction. Technical state is soft, with price below the 50-day and 200-day averages. RSI is weak near 38.0. MACD remains on the bearish side. Volatility is elevated at roughly 83.7%. No recent matched news was found for this ticker/date. Relative strength versus the benchmark looked weak. 1-month excess return -21.75%; 3-month excess return -35.94%; 6-month excess return -45.53%."
2024-12-05,KSS,-8.057184516766291,5.9613529131639496,,miss,linear_regression,target_5d_return,"Technical state is soft, with price below the 50-day and 200-day averages. RSI is weak near 38.8. MACD remains on the bearish side. Volatility is elevated at roughly 82.8%.",No recent matched news was found for this ticker/date.,Relative strength versus the benchmark looked weak. 1-month excess return -22.29%; 3-month excess return -35.00%; 6-month excess return -44.96%.,"Model view: the forward return estimate was mildly positive at about 5.96%. Confidence was not explicitly available for this prediction. Technical state is soft, with price below the 50-day and 200-day averages. RSI is weak near 38.8. MACD remains on the bearish side. Volatility is elevated at roughly 82.8%. No recent matched news was found for this ticker/date. Relative strength versus the benchmark looked weak. 1-month excess return -22.29%; 3-month excess return -35.00%; 6-month excess return -44.96%."
2024-12-06,KSS,-6.270411573058643,6.940176951972319,,miss,linear_regression,target_5d_return,"Technical state is soft, with price below the 50-day and 200-day averages. RSI is weak near 38.3. MACD remains on the bearish side. Volatility is elevated at roughly 81.5%.",No recent matched news was found for this ticker/date.,Relative strength versus the benchmark looked weak. 1-month excess return -16.65%; 3-month excess return -34.22%; 6-month excess return -46.77%.,"Model view: the forward return estimate was mildly positive at about 6.94%. Confidence was not explicitly available for this prediction. Technical state is soft, with price below the 50-day and 200-day averages. RSI is weak near 38.3. MACD remains on the bearish side. Volatility is elevated at roughly 81.5%. No recent matched news was found for this ticker/date. Relative strength versus the benchmark looked weak. 1-month excess return -16.65%; 3-month excess return -34.22%; 6-month excess return -46.77%."
2024-12-09,KSS,-6.225424606921825,6.815784623624552,,miss,linear_regression,target_5d_return,"Technical state is soft, with price below the 50-day and 200-day averages. RSI is weak near 38.0. MACD remains on the bearish side. Volatility is elevated at roughly 80.2%.",No recent matched news was found for this ticker/date.,Relative strength versus the benchmark looked weak. 1-month excess return -18.42%; 3-month excess return -33.47%; 6-month excess return -46.52%.,"Model view: the forward return estimate was mildly positive at about 6.82%. Confidence was not explicitly available for this prediction. Technical state is soft, with price below the 50-day and 200-day averages. RSI is weak near 38.0. MACD remains on the bearish side. Volatility is elevated at roughly 80.2%. No recent matched news was found for this ticker/date. Relative strength versus the benchmark looked weak. 1-month excess return -18.42%; 3-month excess return -33.47%; 6-month excess return -46.52%."
2024-12-10,KSS,-6.373194809530503,7.448774299477691,,miss,linear_regression,target_5d_return,"Technical state is soft, with price below the 50-day and 200-day averages. RSI is weak near 37.8. MACD remains on the bearish side. Volatility is elevated at roughly 75.5%.",No recent matched news was found for this ticker/date.,Relative strength versus the benchmark looked weak. 1-month excess return -13.87%; 3-month excess return -29.04%; 6-month excess return -45.51%.,"Model view: the forward return estimate was mildly positive at about 7.45%. Confidence was not explicitly available for this prediction. Technical state is soft, with price below the 50-day and 200-day averages. RSI is weak near 37.8. MACD remains on the bearish side. Volatility is elevated at roughly 75.5%. No recent matched news was found for this ticker/date. Relative strength versus the benchmark looked weak. 1-month excess return -13.87%; 3-month excess return -29.04%; 6-month excess return -45.51%."
2024-12-11,KSS,-6.093436318964473,6.836324308408621,,miss,linear_regression,target_5d_return,"Technical state is soft, with price below the 50-day and 200-day averages. RSI is weak near 35.1. MACD remains on the bearish side. Volatility is elevated at roughly 75.7%.",No recent matched news was found for this ticker/date.,Relative strength versus the benchmark looked weak. 1-month excess return -22.45%; 3-month excess return -32.80%; 6-month excess return -46.65%.,"Model view: the forward return estimate was mildly positive at about 6.84%. Confidence was not explicitly available for this prediction. Technical state is soft, with price below the 50-day and 200-day averages. RSI is weak near 35.1. MACD remains on the bearish side. Volatility is elevated at roughly 75.7%. No recent matched news was found for this ticker/date. Relative strength versus the benchmark looked weak. 1-month excess return -22.45%; 3-month excess return -32.80%; 6-month excess return -46.65%."
2024-12-12,KSS,-2.0494697503260384,7.6421550270612215,,miss,linear_regression,target_5d_return,"Technical state is soft, with price below the 50-day and 200-day averages. RSI is weak near 31.7. MACD remains on the bearish side. Volatility is elevated at roughly 76.6%.",No recent matched news was found for this ticker/date.,Relative strength versus the benchmark looked weak. 1-month excess return -23.77%; 3-month excess return -35.81%; 6-month excess return -48.28%.,"Model view: the forward return estimate was mildly positive at about 7.64%. Confidence was not explicitly available for this prediction. Technical state is soft, with price below the 50-day and 200-day averages. RSI is weak near 31.7. MACD remains on the bearish side. Volatility is elevated at roughly 76.6%. No recent matched news was found for this ticker/date. Relative strength versus the benchmark looked weak. 1-month excess return -23.77%; 3-month excess return -35.81%; 6-month excess return -48.28%."
2024-12-13,KSS,-1.254357494012459,7.687963706840434,,miss,linear_regression,target_5d_return,"Technical state is soft, with price below the 50-day and 200-day averages. RSI is weak near 33.9. MACD remains on the bearish side. Volatility is elevated at roughly 75.7%.",No recent matched news was found for this ticker/date.,Relative strength versus the benchmark looked weak. 1-month excess return -21.87%; 3-month excess return -31.47%; 6-month excess return -44.85%.,"Model view: the forward return estimate was mildly positive at about 7.69%. Confidence was not explicitly available for this prediction. Technical state is soft, with price below the 50-day and 200-day averages. RSI is weak near 33.9. MACD remains on the bearish side. Volatility is elevated at roughly 75.7%. No recent matched news was found for this ticker/date. Relative strength versus the benchmark looked weak. 1-month excess return -21.87%; 3-month excess return -31.47%; 6-month excess return -44.85%."
2024-12-16,KSS,-0.1397655987225188,8.123395457102786,,miss,linear_regression,target_5d_return,"Technical state is soft, with price below the 50-day and 200-day averages. RSI is weak near 33.6. MACD remains on the bearish side. Volatility is elevated at roughly 75.3%.",No recent matched news was found for this ticker/date.,Relative strength versus the benchmark looked weak. 1-month excess return -25.39%; 3-month excess return -31.37%; 6-month excess return -44.99%.,"Model view: the forward return estimate was mildly positive at about 8.12%. Confidence was not explicitly available for this prediction. Technical state is soft, with price below the 50-day and 200-day averages. RSI is weak near 33.6. MACD remains on the bearish side. Volatility is elevated at roughly 75.3%. No recent matched news was found for this ticker/date. Relative strength versus the benchmark looked weak. 1-month excess return -25.39%; 3-month excess return -31.37%; 6-month excess return -44.99%."
2024-12-17,KSS,0.9824585496333693,7.264059355790948,,hit,linear_regression,target_5d_return,"Technical state is soft, with price below the 50-day and 200-day averages. RSI is weak near 33.3. MACD remains on the bearish side. Volatility is elevated at roughly 74.8%.",No recent matched news was found for this ticker/date.,Relative strength versus the benchmark looked weak. 1-month excess return -23.98%; 3-month excess return -32.55%; 6-month excess return -43.50%.,"Model view: the forward return estimate was mildly positive at about 7.26%. Confidence was not explicitly available for this prediction. Technical state is soft, with price below the 50-day and 200-day averages. RSI is weak near 33.3. MACD remains on the bearish side. Volatility is elevated at roughly 74.8%. No recent matched news was found for this ticker/date. Relative strength versus the benchmark looked weak. 1-month excess return -23.98%; 3-month excess return -32.55%; 6-month excess return -43.50%."
2024-12-18,KSS,7.065612862268189,7.418381405605601,,hit,linear_regression,target_5d_return,"Technical state is soft, with price below the 50-day and 200-day averages. RSI is weak near 30.9. MACD remains on the bearish side. Volatility is elevated at roughly 74.9%.",No recent matched news was found for this ticker/date.,Relative strength versus the benchmark looked weak. 1-month excess return -19.95%; 3-month excess return -28.22%; 6-month excess return -44.93%.,"Model view: the forward return estimate was mildly positive at about 7.42%. Confidence was not explicitly available for this prediction. Technical state is soft, with price below the 50-day and 200-day averages. RSI is weak near 30.9. MACD remains on the bearish side. Volatility is elevated at roughly 74.9%. No recent matched news was found for this ticker/date. Relative strength versus the benchmark looked weak. 1-month excess return -19.95%; 3-month excess return -28.22%; 6-month excess return -44.93%."
2024-12-19,KSS,3.6075036968642227,7.1869843947934555,,hit,linear_regression,target_5d_return,"Technical state is soft, with price below the 50-day and 200-day averages. RSI is weak near 30.9. MACD remains on the bearish side. Volatility is elevated at roughly 74.0%.",No recent matched news was found for this ticker/date.,Relative strength versus the benchmark looked weak. 1-month excess return -17.83%; 3-month excess return -28.68%; 6-month excess return -46.80%.,"Model view: the forward return estimate was mildly positive at about 7.19%. Confidence was not explicitly available for this prediction. Technical state is soft, with price below the 50-day and 200-day averages. RSI is weak near 30.9. MACD remains on the bearish side. Volatility is elevated at roughly 74.0%. No recent matched news was found for this ticker/date. Relative strength versus the benchmark looked weak. 1-month excess return -17.83%; 3-month excess return -28.68%; 6-month excess return -46.80%."
2024-12-20,KSS,-2.187723485868731,5.263365557994007,,miss,linear_regression,target_5d_return,"Technical state is soft, with price below the 50-day and 200-day averages. RSI is weak near 35.2. MACD remains on the bullish side. Volatility is elevated at roughly 74.6%.",No recent matched news was found for this ticker/date.,Relative strength versus the benchmark looked weak. 1-month excess return -13.51%; 3-month excess return -28.97%; 6-month excess return -51.08%.,"Model view: the forward return estimate was mildly positive at about 5.26%. Confidence was not explicitly available for this prediction. Technical state is soft, with price below the 50-day and 200-day averages. RSI is weak near 35.2. MACD remains on the bullish side. Volatility is elevated at roughly 74.6%. No recent matched news was found for this ticker/date. Relative strength versus the benchmark looked weak. 1-month excess return -13.51%; 3-month excess return -28.97%; 6-month excess return -51.08%."
2024-12-23,KSS,-1.749475162122971,7.145259148635489,,miss,linear_regression,target_5d_return,"Technical state is soft, with price below the 50-day and 200-day averages. RSI is weak near 36.8. MACD remains on the bullish side. Volatility is elevated at roughly 73.0%.",No recent matched news was found for this ticker/date.,Relative strength versus the benchmark looked weak. 1-month excess return -13.15%; 3-month excess return -31.58%; 6-month excess return -49.30%.,"Model view: the forward return estimate was mildly positive at about 7.15%. Confidence was not explicitly available for this prediction. Technical state is soft, with price below the 50-day and 200-day averages. RSI is weak near 36.8. MACD remains on the bullish side. Volatility is elevated at roughly 73.0%. No recent matched news was found for this ticker/date. Relative strength versus the benchmark looked weak. 1-month excess return -13.15%; 3-month excess return -31.58%; 6-month excess return -49.30%."
2024-12-24,KSS,-2.5017414993920406,7.357502475121237,,miss,linear_regression,target_5d_return,"Technical state is soft, with price below the 50-day and 200-day averages. RSI is weak near 38.2. MACD remains on the bullish side. Volatility is elevated at roughly 66.2%.",No recent matched news was found for this ticker/date.,Relative strength versus the benchmark looked weak. 1-month excess return -16.48%; 3-month excess return -32.17%; 6-month excess return -48.10%.,"Model view: the forward return estimate was mildly positive at about 7.36%. Confidence was not explicitly available for this prediction. Technical state is soft, with price below the 50-day and 200-day averages. RSI is weak near 38.2. MACD remains on the bullish side. Volatility is elevated at roughly 66.2%. No recent matched news was found for this ticker/date. Relative strength versus the benchmark looked weak. 1-month excess return -16.48%; 3-month excess return -32.17%; 6-month excess return -48.10%."
2024-12-26,KSS,-4.9158281290117785,4.085348040713882,,miss,linear_regression,target_5d_return,"Technical state is soft, with price below the 50-day and 200-day averages. MACD remains on the bullish side. Volatility is elevated at roughly 31.6%.",No recent matched news was found for this ticker/date.,Relative strength versus the benchmark looked weak. 1-month excess return -19.68%; 3-month excess return -31.43%; 6-month excess return -45.74%.,"Model view: the forward return estimate was mildly positive at about 4.09%. Confidence was not explicitly available for this prediction. Technical state is soft, with price below the 50-day and 200-day averages. MACD remains on the bullish side. Volatility is elevated at roughly 31.6%. No recent matched news was found for this ticker/date. Relative strength versus the benchmark looked weak. 1-month excess return -19.68%; 3-month excess return -31.43%; 6-month excess return -45.74%."
2024-12-27,KSS,-2.506961457410972,4.256889778999664,,miss,linear_regression,target_5d_return,"Technical state is soft, with price below the 50-day and 200-day averages. RSI is weak near 39.8. MACD remains on the bullish side. Volatility is elevated at roughly 31.9%.",No recent matched news was found for this ticker/date.,Relative strength versus the benchmark looked weak. 1-month excess return -4.70%; 3-month excess return -35.42%; 6-month excess return -46.93%.,"Model view: the forward return estimate was mildly positive at about 4.26%. Confidence was not explicitly available for this prediction. Technical state is soft, with price below the 50-day and 200-day averages. RSI is weak near 39.8. MACD remains on the bullish side. Volatility is elevated at roughly 31.9%. No recent matched news was found for this ticker/date. Relative strength versus the benchmark looked weak. 1-month excess return -4.70%; 3-month excess return -35.42%; 6-month excess return -46.93%."
2024-12-30,KSS,-0.288600020518448,5.110963869159264,,miss,linear_regression,target_5d_return,"Technical state is soft, with price below the 50-day and 200-day averages. RSI is weak near 35.8. MACD remains on the bullish side. Volatility is elevated at roughly 33.4%.",No recent matched news was found for this ticker/date.,Relative strength versus the benchmark looked weak. 1-month excess return -4.30%; 3-month excess return -36.84%; 6-month excess return -44.61%.,"Model view: the forward return estimate was mildly positive at about 5.11%. Confidence was not explicitly available for this prediction. Technical state is soft, with price below the 50-day and 200-day averages. RSI is weak near 35.8. MACD remains on the bullish side. Volatility is elevated at roughly 33.4%. No recent matched news was found for this ticker/date. Relative strength versus the benchmark looked weak. 1-month excess return -4.30%; 3-month excess return -36.84%; 6-month excess return -44.61%."
2024-12-31,KSS,-3.9173802865329455,4.897774702605659,,miss,linear_regression,target_5d_return,"Technical state is soft, with price below the 50-day and 200-day averages. RSI is weak near 38.2. MACD remains on the bullish side. Volatility is elevated at roughly 31.5%.",No recent matched news was found for this ticker/date.,Relative strength versus the benchmark looked weak. 1-month excess return -3.57%; 3-month excess return -35.28%; 6-month excess return -40.82%.,"Model view: the forward return estimate was mildly positive at about 4.90%. Confidence was not explicitly available for this prediction. Technical state is soft, with price below the 50-day and 200-day averages. RSI is weak near 38.2. MACD remains on the bullish side. Volatility is elevated at roughly 31.5%. No recent matched news was found for this ticker/date. Relative strength versus the benchmark looked weak. 1-month excess return -3.57%; 3-month excess return -35.28%; 6-month excess return -40.82%."
2025-01-02,KSS,-2.4946502812319693,6.047429524678591,,miss,linear_regression,target_5d_return,"Technical state is soft, with price below the 50-day and 200-day averages. RSI is weak near 38.1. MACD remains on the bullish side. Volatility is elevated at roughly 31.5%.",No recent matched news was found for this ticker/date.,Relative strength versus the benchmark looked weak. 1-month excess return -5.91%; 3-month excess return -30.85%; 6-month excess return -40.67%.,"Model view: the forward return estimate was mildly positive at about 6.05%. Confidence was not explicitly available for this prediction. Technical state is soft, with price below the 50-day and 200-day averages. RSI is weak near 38.1. MACD remains on the bullish side. Volatility is elevated at roughly 31.5%. No recent matched news was found for this ticker/date. Relative strength versus the benchmark looked weak. 1-month excess return -5.91%; 3-month excess return -30.85%; 6-month excess return -40.67%."
2025-01-03,KSS,-7.648724734131196,5.953731254135334,,miss,linear_regression,target_5d_return,"Technical state is soft, with price below the 50-day and 200-day averages. RSI is weak near 39.5. MACD remains on the bullish side. Volatility is elevated at roughly 31.6%.",No recent matched news was found for this ticker/date.,Relative strength versus the benchmark looked weak. 1-month excess return -5.48%; 3-month excess return -31.73%; 6-month excess return -43.43%.,"Model view: the forward return estimate was mildly positive at about 5.95%. Confidence was not explicitly available for this prediction. Technical state is soft, with price below the 50-day and 200-day averages. RSI is weak near 39.5. MACD remains on the bullish side. Volatility is elevated at roughly 31.6%. No recent matched news was found for this ticker/date. Relative strength versus the benchmark looked weak. 1-month excess return -5.48%; 3-month excess return -31.73%; 6-month excess return -43.43%."
2025-01-06,KSS,-9.285715648106162,5.350053151962413,,miss,linear_regression,target_5d_return,"Technical state is soft, with price below the 50-day and 200-day averages. RSI is weak near 38.3. MACD remains on the bullish side. Volatility is elevated at roughly 31.4%.",No recent matched news was found for this ticker/date.,Relative strength versus the benchmark looked weak. 1-month excess return -6.52%; 3-month excess return -32.62%; 6-month excess return -44.74%.,"Model view: the forward return estimate was mildly positive at about 5.35%. Confidence was not explicitly available for this prediction. Technical state is soft, with price below the 50-day and 200-day averages. RSI is weak near 38.3. MACD remains on the bullish side. Volatility is elevated at roughly 31.4%. No recent matched news was found for this ticker/date. Relative strength versus the benchmark looked weak. 1-month excess return -6.52%; 3-month excess return -32.62%; 6-month excess return -44.74%."
2025-01-07,KSS,-7.235890174256032,4.748281567151025,,miss,linear_regression,target_5d_return,"Technical state is soft, with price below the 50-day and 200-day averages. RSI is weak near 36.5. MACD remains on the bullish side. Volatility is elevated at roughly 31.5%.",No recent matched news was found for this ticker/date.,Relative strength versus the benchmark looked weak. 1-month excess return -7.28%; 3-month excess return -31.04%; 6-month excess return -44.25%.,"Model view: the forward return estimate was mildly positive at about 4.75%. Confidence was not explicitly available for this prediction. Technical state is soft, with price below the 50-day and 200-day averages. RSI is weak near 36.5. MACD remains on the bullish side. Volatility is elevated at roughly 31.5%. No recent matched news was found for this ticker/date. Relative strength versus the benchmark looked weak. 1-month excess return -7.28%; 3-month excess return -31.04%; 6-month excess return -44.25%."
2025-01-08,KSS,-4.744250559726948,5.727737149391487,,miss,linear_regression,target_5d_return,"Technical state is soft, with price below the 50-day and 200-day averages. RSI is weak near 33.5. MACD remains on the bullish side. Volatility is elevated at roughly 32.2%.",No recent matched news was found for this ticker/date.,Relative strength versus the benchmark looked weak. 1-month excess return -8.90%; 3-month excess return -32.42%; 6-month excess return -43.76%.,"Model view: the forward return estimate was mildly positive at about 5.73%. Confidence was not explicitly available for this prediction. Technical state is soft, with price below the 50-day and 200-day averages. RSI is weak near 33.5. MACD remains on the bullish side. Volatility is elevated at roughly 32.2%. No recent matched news was found for this ticker/date. Relative strength versus the benchmark looked weak. 1-month excess return -8.90%; 3-month excess return -32.42%; 6-month excess return -43.76%."
2025-01-10,KSS,-4.9707623538466255,3.8595644435214918,,miss,linear_regression,target_5d_return,"Technical state is soft, with price below the 50-day and 200-day averages. RSI is weak near 36.8. MACD remains on the bullish side. Volatility is elevated at roughly 33.0%.",No recent matched news was found for this ticker/date.,Relative strength versus the benchmark looked weak. 1-month excess return -6.39%; 3-month excess return -28.38%; 6-month excess return -44.37%.,"Model view: the forward return estimate was mildly positive at about 3.86%. Confidence was not explicitly available for this prediction. Technical state is soft, with price below the 50-day and 200-day averages. RSI is weak near 36.8. MACD remains on the bullish side. Volatility is elevated at roughly 33.0%. No recent matched news was found for this ticker/date. Relative strength versus the benchmark looked weak. 1-month excess return -6.39%; 3-month excess return -28.38%; 6-month excess return -44.37%."
2025-01-13,KSS,1.226992698467555,5.749598397212367,,hit,linear_regression,target_5d_return,"Technical state is soft, with price below the 50-day and 200-day averages. RSI is weak near 31.2. MACD remains on the bullish side. Volatility is elevated at roughly 35.2%.",No recent matched news was found for this ticker/date.,Relative strength versus the benchmark looked weak. 1-month excess return -10.76%; 3-month excess return -31.55%; 6-month excess return -46.60%.,"Model view: the forward return estimate was mildly positive at about 5.75%. Confidence was not explicitly available for this prediction. Technical state is soft, with price below the 50-day and 200-day averages. RSI is weak near 31.2. MACD remains on the bullish side. Volatility is elevated at roughly 35.2%. No recent matched news was found for this ticker/date. Relative strength versus the benchmark looked weak. 1-month excess return -10.76%; 3-month excess return -31.55%; 6-month excess return -46.60%."
2025-01-14,KSS,5.275591231152266,6.391687275671245,,hit,linear_regression,target_5d_return,"Technical state is soft, with price below the 50-day and 200-day averages. RSI is weak near 28.7. MACD remains on the bearish side. Volatility is elevated at roughly 33.4%.",No recent matched news was found for this ticker/date.,Relative strength versus the benchmark looked weak. 1-month excess return -9.85%; 3-month excess return -35.48%; 6-month excess return -45.64%.,"Model view: the forward return estimate was mildly positive at about 6.39%. Confidence was not explicitly available for this prediction. Technical state is soft, with price below the 50-day and 200-day averages. RSI is weak near 28.7. MACD remains on the bearish side. Volatility is elevated at roughly 33.4%. No recent matched news was found for this ticker/date. Relative strength versus the benchmark looked weak. 1-month excess return -9.85%; 3-month excess return -35.48%; 6-month excess return -45.64%."
2025-01-15,KSS,7.176287817427762,5.466339258762559,,hit,linear_regression,target_5d_return,"Technical state is soft, with price below the 50-day and 200-day averages. RSI is weak near 30.8. MACD remains on the bearish side. Volatility is elevated at roughly 33.1%.",No recent matched news was found for this ticker/date.,Relative strength versus the benchmark looked weak. 1-month excess return -7.49%; 3-month excess return -35.06%; 6-month excess return -47.78%.,"Model view: the forward return estimate was mildly positive at about 5.47%. Confidence was not explicitly available for this prediction. Technical state is soft, with price below the 50-day and 200-day averages. RSI is weak near 30.8. MACD remains on the bearish side. Volatility is elevated at roughly 33.1%. No recent matched news was found for this ticker/date. Relative strength versus the benchmark looked weak. 1-month excess return -7.49%; 3-month excess return -35.06%; 6-month excess return -47.78%."
2025-01-16,KSS,5.836575702219693,4.308444267362802,,hit,linear_regression,target_5d_return,"Technical state is soft, with price below the 50-day and 200-day averages. RSI is weak near 31.4. MACD remains on the bearish side. Volatility is elevated at roughly 33.2%.",No recent matched news was found for this ticker/date.,Relative strength versus the benchmark looked weak. 1-month excess return -8.41%; 3-month excess return -37.73%; 6-month excess return -49.76%.,"Model view: the forward return estimate was mildly positive at about 4.31%. Confidence was not explicitly available for this prediction. Technical state is soft, with price below the 50-day and 200-day averages. RSI is weak near 31.4. MACD remains on the bearish side. Volatility is elevated at roughly 33.2%. No recent matched news was found for this ticker/date. Relative strength versus the benchmark looked weak. 1-month excess return -8.41%; 3-month excess return -37.73%; 6-month excess return -49.76%."
2025-01-17,KSS,4.230770697960495,4.00534082968602,,hit,linear_regression,target_5d_return,"Technical state is soft, with price below the 50-day and 200-day averages. RSI is weak near 34.1. MACD remains on the bearish side. Volatility is elevated at roughly 33.8%.",No recent matched news was found for this ticker/date.,Relative strength versus the benchmark looked weak. 1-month excess return -7.66%; 3-month excess return -37.00%; 6-month excess return -49.06%.,"Model view: the forward return estimate was mildly positive at about 4.01%. Confidence was not explicitly available for this prediction. Technical state is soft, with price below the 50-day and 200-day averages. RSI is weak near 34.1. MACD remains on the bearish side. Volatility is elevated at roughly 33.8%. No recent matched news was found for this ticker/date. Relative strength versus the benchmark looked weak. 1-month excess return -7.66%; 3-month excess return -37.00%; 6-month excess return -49.06%."
2025-01-21,KSS,2.727277390556293,4.468841895943257,,hit,linear_regression,target_5d_return,"Technical state is soft, with price below the 50-day and 200-day averages. RSI is weak near 37.8. MACD remains on the bullish side. Volatility is elevated at roughly 33.4%.",No recent matched news was found for this ticker/date.,Relative strength versus the benchmark looked weak. 1-month excess return -7.19%; 3-month excess return -37.68%; 6-month excess return -47.12%.,"Model view: the forward return estimate was mildly positive at about 4.47%. Confidence was not explicitly available for this prediction. Technical state is soft, with price below the 50-day and 200-day averages. RSI is weak near 37.8. MACD remains on the bullish side. Volatility is elevated at roughly 33.4%. No recent matched news was found for this ticker/date. Relative strength versus the benchmark looked weak. 1-month excess return -7.19%; 3-month excess return -37.68%; 6-month excess return -47.12%."
2025-01-22,KSS,-1.2715039472630196,3.346384163265554,,miss,linear_regression,target_5d_return,"Technical state is soft, with price below the 50-day and 200-day averages. MACD remains on the bullish side. Volatility is elevated at roughly 33.8%.",No recent matched news was found for this ticker/date.,Relative strength versus the benchmark looked weak. 1-month excess return -7.03%; 3-month excess return -39.49%; 6-month excess return -44.48%.,"Model view: the forward return estimate was mildly positive at about 3.35%. Confidence was not explicitly available for this prediction. Technical state is soft, with price below the 50-day and 200-day averages. MACD remains on the bullish side. Volatility is elevated at roughly 33.8%. No recent matched news was found for this ticker/date. Relative strength versus the benchmark looked weak. 1-month excess return -7.03%; 3-month excess return -39.49%; 6-month excess return -44.48%."
2025-01-23,KSS,-2.2561824680231046,1.7652924730780621,,miss,linear_regression,target_5d_return,"Technical state is soft, with price below the 50-day and 200-day averages. MACD remains on the bullish side. Volatility is elevated at roughly 34.3%.",No recent matched news was found for this ticker/date.,Relative strength versus the benchmark looked weak. 1-month excess return -4.90%; 3-month excess return -38.92%; 6-month excess return -43.24%.,"Model view: the forward return estimate was mildly positive at about 1.77%. Confidence was not explicitly available for this prediction. Technical state is soft, with price below the 50-day and 200-day averages. MACD remains on the bullish side. Volatility is elevated at roughly 34.3%. No recent matched news was found for this ticker/date. Relative strength versus the benchmark looked weak. 1-month excess return -4.90%; 3-month excess return -38.92%; 6-month excess return -43.24%."
2025-01-24,KSS,-2.8676495028201465,2.247142586547738,,miss,linear_regression,target_5d_return,"Technical state is soft, with price below the 50-day and 200-day averages. MACD remains on the bullish side. Volatility is elevated at roughly 34.3%.",No recent matched news was found for this ticker/date.,Relative strength versus the benchmark looked weak. 1-month excess return -6.59%; 3-month excess return -37.46%; 6-month excess return -43.90%.,"Model view: the forward return estimate was mildly positive at about 2.25%. Confidence was not explicitly available for this prediction. Technical state is soft, with price below the 50-day and 200-day averages. MACD remains on the bullish side. Volatility is elevated at roughly 34.3%. No recent matched news was found for this ticker/date. Relative strength versus the benchmark looked weak. 1-month excess return -6.59%; 3-month excess return -37.46%; 6-month excess return -43.90%."
2025-01-27,KSS,-4.206646793173386,2.6454133767049366,,miss,linear_regression,target_5d_return,"Technical state is soft, with price below the 50-day and 200-day averages. MACD remains on the bullish side. Volatility is elevated at roughly 34.1%.",No recent matched news was found for this ticker/date.,Relative strength versus the benchmark looked weak. 1-month excess return -5.92%; 3-month excess return -33.88%; 6-month excess return -43.83%.,"Model view: the forward return estimate was mildly positive at about 2.65%. Confidence was not explicitly available for this prediction. Technical state is soft, with price below the 50-day and 200-day averages. MACD remains on the bullish side. Volatility is elevated at roughly 34.1%. No recent matched news was found for this ticker/date. Relative strength versus the benchmark looked weak. 1-month excess return -5.92%; 3-month excess return -33.88%; 6-month excess return -43.83%."
2025-01-28,KSS,-2.507375678956658,3.761167262577089,,miss,linear_regression,target_5d_return,"Technical state is soft, with price below the 50-day and 200-day averages. MACD remains on the bullish side. Volatility is elevated at roughly 31.6%.",No recent matched news was found for this ticker/date.,Relative strength versus the benchmark looked weak. 1-month excess return -6.32%; 3-month excess return -33.36%; 6-month excess return -44.98%.,"Model view: the forward return estimate was mildly positive at about 3.76%. Confidence was not explicitly available for this prediction. Technical state is soft, with price below the 50-day and 200-day averages. MACD remains on the bullish side. Volatility is elevated at roughly 31.6%. No recent matched news was found for this ticker/date. Relative strength versus the benchmark looked weak. 1-month excess return -6.32%; 3-month excess return -33.36%; 6-month excess return -44.98%."
2025-01-29,KSS,-1.590909402889329,5.366920518719667,,miss,linear_regression,target_5d_return,"Technical state is soft, with price below the 50-day and 200-day averages. RSI is weak near 39.5. MACD remains on the bullish side. Volatility is elevated at roughly 30.9%.",No recent matched news was found for this ticker/date.,Relative strength versus the benchmark looked weak. 1-month excess return -11.22%; 3-month excess return -34.65%; 6-month excess return -47.97%.,"Model view: the forward return estimate was mildly positive at about 5.37%. Confidence was not explicitly available for this prediction. Technical state is soft, with price below the 50-day and 200-day averages. RSI is weak near 39.5. MACD remains on the bullish side. Volatility is elevated at roughly 30.9%. No recent matched news was found for this ticker/date. Relative strength versus the benchmark looked weak. 1-month excess return -11.22%; 3-month excess return -34.65%; 6-month excess return -47.97%."
2025-01-30,KSS,-4.988831430150709,4.577149290072043,,miss,linear_regression,target_5d_return,"Technical state is soft, with price below the 50-day and 200-day averages. MACD remains on the bullish side.",No recent matched news was found for this ticker/date.,Relative strength versus the benchmark looked weak. 1-month excess return -8.16%; 3-month excess return -33.69%; 6-month excess return -47.89%.,"Model view: the forward return estimate was mildly positive at about 4.58%. Confidence was not explicitly available for this prediction. Technical state is soft, with price below the 50-day and 200-day averages. MACD remains on the bullish side. No recent matched news was found for this ticker/date. Relative strength versus the benchmark looked weak. 1-month excess return -8.16%; 3-month excess return -33.69%; 6-month excess return -47.89%."
2025-01-31,KSS,-8.554126503995285,4.781715853050571,,miss,linear_regression,target_5d_return,"Technical state is soft, with price below the 50-day and 200-day averages. MACD remains on the bullish side.",No recent matched news was found for this ticker/date.,Relative strength versus the benchmark looked weak. 1-month excess return -6.97%; 3-month excess return -33.50%; 6-month excess return -48.38%.,"Model view: the forward return estimate was mildly positive at about 4.78%. Confidence was not explicitly available for this prediction. Technical state is soft, with price below the 50-day and 200-day averages. MACD remains on the bullish side. No recent matched news was found for this ticker/date. Relative strength versus the benchmark looked weak. 1-month excess return -6.97%; 3-month excess return -33.50%; 6-month excess return -48.38%."
2025-02-03,KSS,-9.013861046855244,4.884570238237586,,miss,linear_regression,target_5d_return,"Technical state is soft, with price below the 50-day and 200-day averages. RSI is weak near 37.9. MACD remains on the bullish side.",No recent matched news was found for this ticker/date.,Relative strength versus the benchmark looked weak. 1-month excess return -9.57%; 3-month excess return -33.73%; 6-month excess return -48.37%.,"Model view: the forward return estimate was mildly positive at about 4.88%. Confidence was not explicitly available for this prediction. Technical state is soft, with price below the 50-day and 200-day averages. RSI is weak near 37.9. MACD remains on the bullish side. No recent matched news was found for this ticker/date. Relative strength versus the benchmark looked weak. 1-month excess return -9.57%; 3-month excess return -33.73%; 6-month excess return -48.37%."
2025-02-04,KSS,-10.89259080916234,4.278089202871797,,miss,linear_regression,target_5d_return,"Technical state is soft, with price below the 50-day and 200-day averages. MACD remains on the bullish side. Volatility is elevated at roughly 30.7%.",No recent matched news was found for this ticker/date.,Relative strength versus the benchmark looked weak. 1-month excess return -8.73%; 3-month excess return -34.33%; 6-month excess return -47.54%.,"Model view: the forward return estimate was mildly positive at about 4.28%. Confidence was not explicitly available for this prediction. Technical state is soft, with price below the 50-day and 200-day averages. MACD remains on the bullish side. Volatility is elevated at roughly 30.7%. No recent matched news was found for this ticker/date. Relative strength versus the benchmark looked weak. 1-month excess return -8.73%; 3-month excess return -34.33%; 6-month excess return -47.54%."
2025-02-05,KSS,-10.546573592750374,4.383615928652375,,miss,linear_regression,target_5d_return,"Technical state is soft, with price below the 50-day and 200-day averages. RSI is weak near 39.5. MACD remains on the bullish side. Volatility is elevated at roughly 31.1%.",No recent matched news was found for this ticker/date.,Relative strength versus the benchmark looked weak. 1-month excess return -10.06%; 3-month excess return -34.08%; 6-month excess return -50.61%.,"Model view: the forward return estimate was mildly positive at about 4.38%. Confidence was not explicitly available for this prediction. Technical state is soft, with price below the 50-day and 200-day averages. RSI is weak near 39.5. MACD remains on the bullish side. Volatility is elevated at roughly 31.1%. No recent matched news was found for this ticker/date. Relative strength versus the benchmark looked weak. 1-month excess return -10.06%; 3-month excess return -34.08%; 6-month excess return -50.61%."
2025-02-06,KSS,-7.053295893894019,5.7231023771796,,miss,linear_regression,target_5d_return,"Technical state is soft, with price below the 50-day and 200-day averages. RSI is weak near 36.7. MACD remains on the bullish side. Volatility is elevated at roughly 31.3%.",No recent matched news was found for this ticker/date.,Relative strength versus the benchmark looked weak. 1-month excess return -10.69%; 3-month excess return -35.65%; 6-month excess return -52.23%.,"Model view: the forward return estimate was mildly positive at about 5.72%. Confidence was not explicitly available for this prediction. Technical state is soft, with price below the 50-day and 200-day averages. RSI is weak near 36.7. MACD remains on the bullish side. Volatility is elevated at roughly 31.3%. No recent matched news was found for this ticker/date. Relative strength versus the benchmark looked weak. 1-month excess return -10.69%; 3-month excess return -35.65%; 6-month excess return -52.23%."
2025-02-07,KSS,-2.9801296270770217,5.65688147735159,,miss,linear_regression,target_5d_return,"Technical state is soft, with price below the 50-day and 200-day averages. RSI is weak near 29.9. MACD remains on the bearish side. Volatility is elevated at roughly 35.3%.",No recent matched news was found for this ticker/date.,Relative strength versus the benchmark looked weak. 1-month excess return -14.58%; 3-month excess return -39.08%; 6-month excess return -54.63%.,"Model view: the forward return estimate was mildly positive at about 5.66%. Confidence was not explicitly available for this prediction. Technical state is soft, with price below the 50-day and 200-day averages. RSI is weak near 29.9. MACD remains on the bearish side. Volatility is elevated at roughly 35.3%. No recent matched news was found for this ticker/date. Relative strength versus the benchmark looked weak. 1-month excess return -14.58%; 3-month excess return -39.08%; 6-month excess return -54.63%."
2025-02-10,KSS,0.0,6.45338683466548,,miss,linear_regression,target_5d_return,"Technical state is soft, with price below the 50-day and 200-day averages. RSI is weak near 27.7. MACD remains on the bearish side. Volatility is elevated at roughly 35.0%.",No recent matched news was found for this ticker/date.,Relative strength versus the benchmark looked weak. 1-month excess return -15.04%; 3-month excess return -35.87%; 6-month excess return -55.85%.,"Model view: the forward return estimate was mildly positive at about 6.45%. Confidence was not explicitly available for this prediction. Technical state is soft, with price below the 50-day and 200-day averages. RSI is weak near 27.7. MACD remains on the bearish side. Volatility is elevated at roughly 35.0%. No recent matched news was found for this ticker/date. Relative strength versus the benchmark looked weak. 1-month excess return -15.04%; 3-month excess return -35.87%; 6-month excess return -55.85%."
2025-02-11,KSS,-0.8488915964532717,5.564004630329123,,miss,linear_regression,target_5d_return,"Technical state is soft, with price below the 50-day and 200-day averages. RSI is weak near 27.5. MACD remains on the bearish side. Volatility is elevated at roughly 31.8%.",No recent matched news was found for this ticker/date.,Relative strength versus the benchmark looked weak. 1-month excess return -18.15%; 3-month excess return -37.50%; 6-month excess return -55.33%.,"Model view: the forward return estimate was mildly positive at about 5.56%. Confidence was not explicitly available for this prediction. Technical state is soft, with price below the 50-day and 200-day averages. RSI is weak near 27.5. MACD remains on the bearish side. Volatility is elevated at roughly 31.8%. No recent matched news was found for this ticker/date. Relative strength versus the benchmark looked weak. 1-month excess return -18.15%; 3-month excess return -37.50%; 6-month excess return -55.33%."
2025-02-12,KSS,3.2702247692202535,5.84457577968044,,hit,linear_regression,target_5d_return,"Technical state is soft, with price below the 50-day and 200-day averages. RSI is weak near 26.2. MACD remains on the bearish side. Volatility is elevated at roughly 31.0%.",No recent matched news was found for this ticker/date.,Relative strength versus the benchmark looked weak. 1-month excess return -14.67%; 3-month excess return -34.52%; 6-month excess return -52.94%.,"Model view: the forward return estimate was mildly positive at about 5.84%. Confidence was not explicitly available for this prediction. Technical state is soft, with price below the 50-day and 200-day averages. RSI is weak near 26.2. MACD remains on the bearish side. Volatility is elevated at roughly 31.0%. No recent matched news was found for this ticker/date. Relative strength versus the benchmark looked weak. 1-month excess return -14.67%; 3-month excess return -34.52%; 6-month excess return -52.94%."
2025-02-13,KSS,1.2647603418785902,4.392989356158807,,hit,linear_regression,target_5d_return,"Technical state is soft, with price below the 50-day and 200-day averages. RSI is weak near 31.4. MACD remains on the bearish side. Volatility is elevated at roughly 31.9%.",No recent matched news was found for this ticker/date.,Relative strength versus the benchmark looked weak. 1-month excess return -11.36%; 3-month excess return -38.41%; 6-month excess return -51.81%.,"Model view: the forward return estimate was mildly positive at about 4.39%. Confidence was not explicitly available for this prediction. Technical state is soft, with price below the 50-day and 200-day averages. RSI is weak near 31.4. MACD remains on the bearish side. Volatility is elevated at roughly 31.9%. No recent matched news was found for this ticker/date. Relative strength versus the benchmark looked weak. 1-month excess return -11.36%; 3-month excess return -38.41%; 6-month excess return -51.81%."
2025-02-14,KSS,4.692834285014036,5.286996259641342,,hit,linear_regression,target_5d_return,"Technical state is soft, with price below the 50-day and 200-day averages. RSI is weak near 30.1. MACD remains on the bearish side. Volatility is elevated at roughly 31.9%.",No recent matched news was found for this ticker/date.,Relative strength versus the benchmark looked weak. 1-month excess return -11.45%; 3-month excess return -37.99%; 6-month excess return -51.11%.,"Model view: the forward return estimate was mildly positive at about 5.29%. Confidence was not explicitly available for this prediction. Technical state is soft, with price below the 50-day and 200-day averages. RSI is weak near 30.1. MACD remains on the bearish side. Volatility is elevated at roughly 31.9%. No recent matched news was found for this ticker/date. Relative strength versus the benchmark looked weak. 1-month excess return -11.45%; 3-month excess return -37.99%; 6-month excess return -51.11%."
2025-02-18,KSS,1.8628222314799325,4.728724470164991,,hit,linear_regression,target_5d_return,"Technical state is soft, with price below the 50-day and 200-day averages. RSI is weak near 32.1. MACD remains on the bearish side. Volatility is elevated at roughly 31.7%.",No recent matched news was found for this ticker/date.,Relative strength versus the benchmark looked weak. 1-month excess return -11.41%; 3-month excess return -37.13%; 6-month excess return -51.26%.,"Model view: the forward return estimate was mildly positive at about 4.73%. Confidence was not explicitly available for this prediction. Technical state is soft, with price below the 50-day and 200-day averages. RSI is weak near 32.1. MACD remains on the bearish side. Volatility is elevated at roughly 31.7%. No recent matched news was found for this ticker/date. Relative strength versus the benchmark looked weak. 1-month excess return -11.41%; 3-month excess return -37.13%; 6-month excess return -51.26%."
2025-02-19,KSS,2.311639529407472,4.707584810257572,,hit,linear_regression,target_5d_return,"Technical state is soft, with price below the 50-day and 200-day averages. RSI is weak near 30.7. MACD remains on the bearish side. Volatility is elevated at roughly 30.8%.",No recent matched news was found for this ticker/date.,Relative strength versus the benchmark looked weak. 1-month excess return -12.74%; 3-month excess return -40.60%; 6-month excess return -53.53%.,"Model view: the forward return estimate was mildly positive at about 4.71%. Confidence was not explicitly available for this prediction. Technical state is soft, with price below the 50-day and 200-day averages. RSI is weak near 30.7. MACD remains on the bearish side. Volatility is elevated at roughly 30.8%. No recent matched news was found for this ticker/date. Relative strength versus the benchmark looked weak. 1-month excess return -12.74%; 3-month excess return -40.60%; 6-month excess return -53.53%."
2025-02-20,KSS,-5.000003178914392,4.010351188591642,,miss,linear_regression,target_5d_return,"Technical state is soft, with price below the 50-day and 200-day averages. RSI is weak near 37.8. MACD remains on the bearish side. Volatility is elevated at roughly 32.4%.",No recent matched news was found for this ticker/date.,Relative strength versus the benchmark looked weak. 1-month excess return -10.32%; 3-month excess return -37.57%; 6-month excess return -49.04%.,"Model view: the forward return estimate was mildly positive at about 4.01%. Confidence was not explicitly available for this prediction. Technical state is soft, with price below the 50-day and 200-day averages. RSI is weak near 37.8. MACD remains on the bearish side. Volatility is elevated at roughly 32.4%. No recent matched news was found for this ticker/date. Relative strength versus the benchmark looked weak. 1-month excess return -10.32%; 3-month excess return -37.57%; 6-month excess return -49.04%."
2025-02-21,KSS,-4.995839883723196,5.017529959161152,,miss,linear_regression,target_5d_return,"Technical state is soft, with price below the 50-day and 200-day averages. RSI is weak near 38.0. MACD remains on the bullish side. Volatility is elevated at roughly 30.1%.",No recent matched news was found for this ticker/date.,Relative strength versus the benchmark looked weak. 1-month excess return -9.12%; 3-month excess return -32.98%; 6-month excess return -46.58%.,"Model view: the forward return estimate was mildly positive at about 5.02%. Confidence was not explicitly available for this prediction. Technical state is soft, with price below the 50-day and 200-day averages. RSI is weak near 38.0. MACD remains on the bullish side. Volatility is elevated at roughly 30.1%. No recent matched news was found for this ticker/date. Relative strength versus the benchmark looked weak. 1-month excess return -9.12%; 3-month excess return -32.98%; 6-month excess return -46.58%."
2025-02-24,KSS,-7.660965761927452,4.914597721981977,,miss,linear_regression,target_5d_return,"Technical state is soft, with price below the 50-day and 200-day averages. MACD remains on the bullish side. Volatility is elevated at roughly 31.7%.",No recent matched news was found for this ticker/date.,Relative strength versus the benchmark looked weak. 1-month excess return -8.64%; 3-month excess return -29.05%; 6-month excess return -43.74%.,"Model view: the forward return estimate was mildly positive at about 4.91%. Confidence was not explicitly available for this prediction. Technical state is soft, with price below the 50-day and 200-day averages. MACD remains on the bullish side. Volatility is elevated at roughly 31.7%. No recent matched news was found for this ticker/date. Relative strength versus the benchmark looked weak. 1-month excess return -8.64%; 3-month excess return -29.05%; 6-month excess return -43.74%."
2025-02-25,KSS,-5.4862831426605645,6.9429703830571725,,miss,linear_regression,target_5d_return,"Technical state is soft, with price below the 50-day and 200-day averages. RSI is weak near 39.9. MACD remains on the bullish side. Volatility is elevated at roughly 32.1%.",No recent matched news was found for this ticker/date.,Relative strength versus the benchmark looked weak. 1-month excess return -9.29%; 3-month excess return -26.89%; 6-month excess return -43.45%.,"Model view: the forward return estimate was mildly positive at about 6.94%. Confidence was not explicitly available for this prediction. Technical state is soft, with price below the 50-day and 200-day averages. RSI is weak near 39.9. MACD remains on the bullish side. Volatility is elevated at roughly 32.1%. No recent matched news was found for this ticker/date. Relative strength versus the benchmark looked weak. 1-month excess return -9.29%; 3-month excess return -26.89%; 6-month excess return -43.45%."
2025-02-26,KSS,-4.937239849413622,6.192881727931763,,miss,linear_regression,target_5d_return,"Technical state is soft, with price below the 50-day and 200-day averages. RSI is weak near 38.8. MACD remains on the bullish side. Volatility is elevated at roughly 32.0%.",No recent matched news was found for this ticker/date.,Relative strength versus the benchmark looked weak. 1-month excess return -11.00%; 3-month excess return -27.34%; 6-month excess return -45.29%.,"Model view: the forward return estimate was mildly positive at about 6.19%. Confidence was not explicitly available for this prediction. Technical state is soft, with price below the 50-day and 200-day averages. RSI is weak near 38.8. MACD remains on the bullish side. Volatility is elevated at roughly 32.0%. No recent matched news was found for this ticker/date. Relative strength versus the benchmark looked weak. 1-month excess return -11.00%; 3-month excess return -27.34%; 6-month excess return -45.29%."
2025-02-27,KSS,-1.4912287893204534,7.399243561629646,,miss,linear_regression,target_5d_return,"Technical state is soft, with price below the 50-day and 200-day averages. RSI is weak near 32.2. MACD remains on the bullish side. Volatility is elevated at roughly 34.3%.",No recent matched news was found for this ticker/date.,Relative strength versus the benchmark looked weak. 1-month excess return -12.71%; 3-month excess return -31.32%; 6-month excess return -47.01%.,"Model view: the forward return estimate was mildly positive at about 7.40%. Confidence was not explicitly available for this prediction. Technical state is soft, with price below the 50-day and 200-day averages. RSI is weak near 32.2. MACD remains on the bullish side. Volatility is elevated at roughly 34.3%. No recent matched news was found for this ticker/date. Relative strength versus the benchmark looked weak. 1-month excess return -12.71%; 3-month excess return -31.32%; 6-month excess return -47.01%."
2025-02-28,KSS,7.011395279872068,6.1516930189077925,,hit,linear_regression,target_5d_return,"Technical state is soft, with price below the 50-day and 200-day averages. RSI is weak near 32.4. MACD remains on the bullish side. Volatility is elevated at roughly 33.2%.",No recent matched news was found for this ticker/date.,Relative strength versus the benchmark looked weak. 1-month excess return -12.28%; 3-month excess return -37.26%; 6-month excess return -47.65%.,"Model view: the forward return estimate was mildly positive at about 6.15%. Confidence was not explicitly available for this prediction. Technical state is soft, with price below the 50-day and 200-day averages. RSI is weak near 32.4. MACD remains on the bullish side. Volatility is elevated at roughly 33.2%. No recent matched news was found for this ticker/date. Relative strength versus the benchmark looked weak. 1-month excess return -12.28%; 3-month excess return -37.26%; 6-month excess return -47.65%."
2025-03-03,KSS,6.354812637927143,6.541879065602018,,hit,linear_regression,target_5d_return,"Technical state is soft, with price below the 50-day and 200-day averages. RSI is weak near 31.5. MACD remains on the bullish side. Volatility is elevated at roughly 33.1%.",No recent matched news was found for this ticker/date.,Relative strength versus the benchmark looked weak. 1-month excess return -12.15%; 3-month excess return -22.77%; 6-month excess return -46.98%.,"Model view: the forward return estimate was mildly positive at about 6.54%. Confidence was not explicitly available for this prediction. Technical state is soft, with price below the 50-day and 200-day averages. RSI is weak near 31.5. MACD remains on the bullish side. Volatility is elevated at roughly 33.1%. No recent matched news was found for this ticker/date. Relative strength versus the benchmark looked weak. 1-month excess return -12.15%; 3-month excess return -22.77%; 6-month excess return -46.98%."
2025-03-04,KSS,-19.525068508122047,6.75350876276616,,miss,linear_regression,target_5d_return,"Technical state is soft, with price below the 50-day and 200-day averages. RSI is weak near 32.5. MACD remains on the bullish side. Volatility is elevated at roughly 33.1%.",No recent matched news was found for this ticker/date.,Relative strength versus the benchmark looked weak. 1-month excess return -9.79%; 3-month excess return -19.26%; 6-month excess return -45.85%.,"Model view: the forward return estimate was mildly positive at about 6.75%. Confidence was not explicitly available for this prediction. Technical state is soft, with price below the 50-day and 200-day averages. RSI is weak near 32.5. MACD remains on the bullish side. Volatility is elevated at roughly 33.1%. No recent matched news was found for this ticker/date. Relative strength versus the benchmark looked weak. 1-month excess return -9.79%; 3-month excess return -19.26%; 6-month excess return -45.85%."
2025-03-05,KSS,-24.207747210481557,6.691069333947723,,miss,linear_regression,target_5d_return,"Technical state is soft, with price below the 50-day and 200-day averages. RSI is weak near 32.4. MACD remains on the bullish side. Volatility is elevated at roughly 31.8%.",No recent matched news was found for this ticker/date.,Relative strength versus the benchmark looked weak. 1-month excess return -10.06%; 3-month excess return -21.03%; 6-month excess return -44.96%.,"Model view: the forward return estimate was mildly positive at about 6.69%. Confidence was not explicitly available for this prediction. Technical state is soft, with price below the 50-day and 200-day averages. RSI is weak near 32.4. MACD remains on the bullish side. Volatility is elevated at roughly 31.8%. No recent matched news was found for this ticker/date. Relative strength versus the benchmark looked weak. 1-month excess return -10.06%; 3-month excess return -21.03%; 6-month excess return -44.96%."
2025-03-06,KSS,-26.892249574285888,5.049137878688384,,miss,linear_regression,target_5d_return,"Technical state is soft, with price below the 50-day and 200-day averages. RSI is weak near 30.7. MACD remains on the bullish side. Volatility is elevated at roughly 31.6%.",No recent matched news was found for this ticker/date.,Relative strength versus the benchmark looked weak. 1-month excess return -10.23%; 3-month excess return -22.11%; 6-month excess return -48.44%.,"Model view: the forward return estimate was mildly positive at about 5.05%. Confidence was not explicitly available for this prediction. Technical state is soft, with price below the 50-day and 200-day averages. RSI is weak near 30.7. MACD remains on the bullish side. Volatility is elevated at roughly 31.6%. No recent matched news was found for this ticker/date. Relative strength versus the benchmark looked weak. 1-month excess return -10.23%; 3-month excess return -22.11%; 6-month excess return -48.44%."
2025-03-07,KSS,-33.988530758105476,3.0997139295251936,,miss,linear_regression,target_5d_return,"Technical state is soft, with price below the 50-day and 200-day averages. RSI is in a steady zone near 51.5. MACD remains on the bullish side. Volatility is elevated at roughly 45.8%.",No recent matched news was found for this ticker/date.,Relative strength versus the benchmark looked weak. 1-month excess return -1.31%; 3-month excess return -15.32%; 6-month excess return -45.25%.,"Model view: the forward return estimate was mildly positive at about 3.10%. Confidence was not explicitly available for this prediction. Technical state is soft, with price below the 50-day and 200-day averages. RSI is in a steady zone near 51.5. MACD remains on the bullish side. Volatility is elevated at roughly 45.8%. No recent matched news was found for this ticker/date. Relative strength versus the benchmark looked weak. 1-month excess return -1.31%; 3-month excess return -15.32%; 6-month excess return -45.25%."
2025-03-10,KSS,-29.045642693774553,4.228133638979783,,miss,linear_regression,target_5d_return,"Technical state is soft, with price below the 50-day and 200-day averages. MACD remains on the bullish side. Volatility is elevated at roughly 41.8%.",No recent matched news was found for this ticker/date.,Relative strength versus the benchmark looked weak. 1-month excess return 1.99%; 3-month excess return -13.52%; 6-month excess return -43.26%.,"Model view: the forward return estimate was mildly positive at about 4.23%. Confidence was not explicitly available for this prediction. Technical state is soft, with price below the 50-day and 200-day averages. MACD remains on the bullish side. Volatility is elevated at roughly 41.8%. No recent matched news was found for this ticker/date. Relative strength versus the benchmark looked weak. 1-month excess return 1.99%; 3-month excess return -13.52%; 6-month excess return -43.26%."
2025-03-11,KSS,-8.961745672246613,6.618815125919525,,miss,linear_regression,target_5d_return,"Technical state is soft, with price below the 50-day and 200-day averages. RSI is weak near 24.7. MACD remains on the bearish side. Volatility is elevated at roughly 95.2%.",No recent matched news was found for this ticker/date.,Relative strength versus the benchmark looked weak. 1-month excess return -16.84%; 3-month excess return -32.22%; 6-month excess return -56.99%.,"Model view: the forward return estimate was mildly positive at about 6.62%. Confidence was not explicitly available for this prediction. Technical state is soft, with price below the 50-day and 200-day averages. RSI is weak near 24.7. MACD remains on the bearish side. Volatility is elevated at roughly 95.2%. No recent matched news was found for this ticker/date. Relative strength versus the benchmark looked weak. 1-month excess return -16.84%; 3-month excess return -32.22%; 6-month excess return -56.99%."
2025-03-12,KSS,1.1614446626855957,8.659561919093163,,hit,linear_regression,target_5d_return,"Technical state is soft, with price below the 50-day and 200-day averages. RSI is weak near 22.5. MACD remains on the bearish side. Volatility is elevated at roughly 96.6%.",No recent matched news was found for this ticker/date.,Relative strength versus the benchmark looked weak. 1-month excess return -19.47%; 3-month excess return -35.70%; 6-month excess return -58.96%.,"Model view: the forward return estimate was mildly positive at about 8.66%. Confidence was not explicitly available for this prediction. Technical state is soft, with price below the 50-day and 200-day averages. RSI is weak near 22.5. MACD remains on the bearish side. Volatility is elevated at roughly 96.6%. No recent matched news was found for this ticker/date. Relative strength versus the benchmark looked weak. 1-month excess return -19.47%; 3-month excess return -35.70%; 6-month excess return -58.96%."
2025-03-13,KSS,4.019487480788575,8.813790321775341,,hit,linear_regression,target_5d_return,"Technical state is soft, with price below the 50-day and 200-day averages. RSI is weak near 21.0. MACD remains on the bearish side. Volatility is elevated at roughly 97.3%.",No recent matched news was found for this ticker/date.,Relative strength versus the benchmark looked weak. 1-month excess return -21.40%; 3-month excess return -37.41%; 6-month excess return -59.25%.,"Model view: the forward return estimate was mildly positive at about 8.81%. Confidence was not explicitly available for this prediction. Technical state is soft, with price below the 50-day and 200-day averages. RSI is weak near 21.0. MACD remains on the bearish side. Volatility is elevated at roughly 97.3%. No recent matched news was found for this ticker/date. Relative strength versus the benchmark looked weak. 1-month excess return -21.40%; 3-month excess return -37.41%; 6-month excess return -59.25%."
2025-03-14,KSS,2.729519874701869,9.362179157812191,,hit,linear_regression,target_5d_return,"Technical state is soft, with price below the 50-day and 200-day averages. RSI is weak near 20.4. MACD remains on the bearish side. Volatility is elevated at roughly 96.4%.",No recent matched news was found for this ticker/date.,Relative strength versus the benchmark looked weak. 1-month excess return -23.90%; 3-month excess return -40.39%; 6-month excess return -59.33%.,"Model view: the forward return estimate was mildly positive at about 9.36%. Confidence was not explicitly available for this prediction. Technical state is soft, with price below the 50-day and 200-day averages. RSI is weak near 20.4. MACD remains on the bearish side. Volatility is elevated at roughly 96.4%. No recent matched news was found for this ticker/date. Relative strength versus the benchmark looked weak. 1-month excess return -23.90%; 3-month excess return -40.39%; 6-month excess return -59.33%."
2025-03-17,KSS,9.941513553607928,7.382537249823997,,hit,linear_regression,target_5d_return,"Technical state is soft, with price below the 50-day and 200-day averages. RSI is weak near 27.2. MACD remains on the bearish side. Volatility is elevated at roughly 100.3%.",No recent matched news was found for this ticker/date.,Relative strength versus the benchmark looked weak. 1-month excess return -20.91%; 3-month excess return -35.47%; 6-month excess return -57.54%.,"Model view: the forward return estimate was mildly positive at about 7.38%. Confidence was not explicitly available for this prediction. Technical state is soft, with price below the 50-day and 200-day averages. RSI is weak near 27.2. MACD remains on the bearish side. Volatility is elevated at roughly 100.3%. No recent matched news was found for this ticker/date. Relative strength versus the benchmark looked weak. 1-month excess return -20.91%; 3-month excess return -35.47%; 6-month excess return -57.54%."
2025-03-18,KSS,9.843934001615185,7.518756183816208,,hit,linear_regression,target_5d_return,"Technical state is soft, with price below the 50-day and 200-day averages. RSI is weak near 26.1. MACD remains on the bearish side. Volatility is elevated at roughly 100.1%.",No recent matched news was found for this ticker/date.,Relative strength versus the benchmark looked weak. 1-month excess return -20.94%; 3-month excess return -33.98%; 6-month excess return -57.63%.,"Model view: the forward return estimate was mildly positive at about 7.52%. Confidence was not explicitly available for this prediction. Technical state is soft, with price below the 50-day and 200-day averages. RSI is weak near 26.1. MACD remains on the bearish side. Volatility is elevated at roughly 100.1%. No recent matched news was found for this ticker/date. Relative strength versus the benchmark looked weak. 1-month excess return -20.94%; 3-month excess return -33.98%; 6-month excess return -57.63%."
2025-03-19,KSS,2.7554508618489404,6.718019529197136,,hit,linear_regression,target_5d_return,"Technical state is soft, with price below the 50-day and 200-day averages. RSI is weak near 31.2. MACD remains on the bearish side. Volatility is elevated at roughly 102.4%.",No recent matched news was found for this ticker/date.,Relative strength versus the benchmark looked weak. 1-month excess return -18.96%; 3-month excess return -33.13%; 6-month excess return -54.68%.,"Model view: the forward return estimate was mildly positive at about 6.72%. Confidence was not explicitly available for this prediction. Technical state is soft, with price below the 50-day and 200-day averages. RSI is weak near 31.2. MACD remains on the bearish side. Volatility is elevated at roughly 102.4%. No recent matched news was found for this ticker/date. Relative strength versus the benchmark looked weak. 1-month excess return -18.96%; 3-month excess return -33.13%; 6-month excess return -54.68%."
2025-03-20,KSS,0.8196685613219845,7.127546284109599,,hit,linear_regression,target_5d_return,"Technical state is soft, with price below the 50-day and 200-day averages. RSI is weak near 30.2. MACD remains on the bearish side. Volatility is elevated at roughly 101.3%.",No recent matched news was found for this ticker/date.,Relative strength versus the benchmark looked weak. 1-month excess return -19.16%; 3-month excess return -33.57%; 6-month excess return -54.90%.,"Model view: the forward return estimate was mildly positive at about 7.13%. Confidence was not explicitly available for this prediction. Technical state is soft, with price below the 50-day and 200-day averages. RSI is weak near 30.2. MACD remains on the bearish side. Volatility is elevated at roughly 101.3%. No recent matched news was found for this ticker/date. Relative strength versus the benchmark looked weak. 1-month excess return -19.16%; 3-month excess return -33.57%; 6-month excess return -54.90%."
2025-03-21,KSS,2.2946925143128905,8.456596972014948,,hit,linear_regression,target_5d_return,"Technical state is soft, with price below the 50-day and 200-day averages. RSI is weak near 28.7. MACD remains on the bearish side. Volatility is elevated at roughly 101.3%.",No recent matched news was found for this ticker/date.,Relative strength versus the benchmark looked weak. 1-month excess return -23.69%; 3-month excess return -35.56%; 6-month excess return -57.20%.,"Model view: the forward return estimate was mildly positive at about 8.46%. Confidence was not explicitly available for this prediction. Technical state is soft, with price below the 50-day and 200-day averages. RSI is weak near 28.7. MACD remains on the bearish side. Volatility is elevated at roughly 101.3%. No recent matched news was found for this ticker/date. Relative strength versus the benchmark looked weak. 1-month excess return -23.69%; 3-month excess return -35.56%; 6-month excess return -57.20%."
2025-03-24,KSS,-12.978716626216668,6.089115804022583,,miss,linear_regression,target_5d_return,"Technical state is soft, with price below the 50-day and 200-day averages. MACD remains on the bearish side. Volatility is elevated at roughly 114.1%.",No recent matched news was found for this ticker/date.,Relative strength versus the benchmark looked weak. 1-month excess return -17.68%; 3-month excess return -30.42%; 6-month excess return -50.37%.,"Model view: the forward return estimate was mildly positive at about 6.09%. Confidence was not explicitly available for this prediction. Technical state is soft, with price below the 50-day and 200-day averages. MACD remains on the bearish side. Volatility is elevated at roughly 114.1%. No recent matched news was found for this ticker/date. Relative strength versus the benchmark looked weak. 1-month excess return -17.68%; 3-month excess return -30.42%; 6-month excess return -50.37%."
2025-03-25,KSS,-9.726769691290915,7.113759961203243,,miss,linear_regression,target_5d_return,"Technical state is soft, with price below the 50-day and 200-day averages. MACD remains on the bullish side. Volatility is elevated at roughly 114.2%.",No recent matched news was found for this ticker/date.,Relative strength versus the benchmark looked weak. 1-month excess return -22.06%; 3-month excess return -32.44%; 6-month excess return -52.31%.,"Model view: the forward return estimate was mildly positive at about 7.11%. Confidence was not explicitly available for this prediction. Technical state is soft, with price below the 50-day and 200-day averages. MACD remains on the bullish side. Volatility is elevated at roughly 114.2%. No recent matched news was found for this ticker/date. Relative strength versus the benchmark looked weak. 1-month excess return -22.06%; 3-month excess return -32.44%; 6-month excess return -52.31%."
2025-03-26,KSS,-3.9106082151318833,8.00935138182467,,miss,linear_regression,target_5d_return,"Technical state is soft, with price below the 50-day and 200-day averages. RSI is weak near 38.8. MACD remains on the bullish side. Volatility is elevated at roughly 114.3%.",No recent matched news was found for this ticker/date.,Relative strength versus the benchmark looked weak. 1-month excess return -21.59%; 3-month excess return -33.06%; 6-month excess return -52.61%.,"Model view: the forward return estimate was mildly positive at about 8.01%. Confidence was not explicitly available for this prediction. Technical state is soft, with price below the 50-day and 200-day averages. RSI is weak near 38.8. MACD remains on the bullish side. Volatility is elevated at roughly 114.3%. No recent matched news was found for this ticker/date. Relative strength versus the benchmark looked weak. 1-month excess return -21.59%; 3-month excess return -33.06%; 6-month excess return -52.61%."
2025-03-27,KSS,-22.8803701364131,9.592812895495227,,miss,linear_regression,target_5d_return,"Technical state is soft, with price below the 50-day and 200-day averages. RSI is weak near 36.4. MACD remains on the bullish side. Volatility is elevated at roughly 114.0%.",No recent matched news was found for this ticker/date.,Relative strength versus the benchmark looked weak. 1-month excess return -23.28%; 3-month excess return -35.00%; 6-month excess return -55.39%.,"Model view: the forward return estimate was mildly positive at about 9.59%. Confidence was not explicitly available for this prediction. Technical state is soft, with price below the 50-day and 200-day averages. RSI is weak near 36.4. MACD remains on the bullish side. Volatility is elevated at roughly 114.0%. No recent matched news was found for this ticker/date. Relative strength versus the benchmark looked weak. 1-month excess return -23.28%; 3-month excess return -35.00%; 6-month excess return -55.39%."
2025-03-28,KSS,-15.348289843571516,7.908542411103496,,miss,linear_regression,target_5d_return,"Technical state is soft, with price below the 50-day and 200-day averages. RSI is weak near 35.4. MACD remains on the bullish side. Volatility is elevated at roughly 113.9%.",No recent matched news was found for this ticker/date.,Relative strength versus the benchmark looked weak. 1-month excess return -20.65%; 3-month excess return -33.54%; 6-month excess return -54.21%.,"Model view: the forward return estimate was mildly positive at about 7.91%. Confidence was not explicitly available for this prediction. Technical state is soft, with price below the 50-day and 200-day averages. RSI is weak near 35.4. MACD remains on the bullish side. Volatility is elevated at roughly 113.9%. No recent matched news was found for this ticker/date. Relative strength versus the benchmark looked weak. 1-month excess return -20.65%; 3-month excess return -33.54%; 6-month excess return -54.21%."
2025-03-31,KSS,-16.748170064607347,11.26553918039218,,miss,linear_regression,target_5d_return,"Technical state is soft, with price below the 50-day and 200-day averages. RSI is weak near 33.5. MACD remains on the bullish side. Volatility is elevated at roughly 114.2%.",No recent matched news was found for this ticker/date.,Relative strength versus the benchmark looked weak. 1-month excess return -22.37%; 3-month excess return -37.88%; 6-month excess return -56.99%.,"Model view: the forward return estimate was mildly positive at about 11.27%. Confidence was not explicitly available for this prediction. Technical state is soft, with price below the 50-day and 200-day averages. RSI is weak near 33.5. MACD remains on the bullish side. Volatility is elevated at roughly 114.2%. No recent matched news was found for this ticker/date. Relative strength versus the benchmark looked weak. 1-month excess return -22.37%; 3-month excess return -37.88%; 6-month excess return -56.99%."
2025-04-01,KSS,-25.18160221437167,10.800494855805992,,miss,linear_regression,target_5d_return,"Technical state is soft, with price below the 50-day and 200-day averages. RSI is weak near 34.6. MACD remains on the bullish side. Volatility is elevated at roughly 114.3%.",No recent matched news was found for this ticker/date.,Relative strength versus the benchmark looked weak. 1-month excess return -23.16%; 3-month excess return -36.76%; 6-month excess return -58.66%.,"Model view: the forward return estimate was mildly positive at about 10.80%. Confidence was not explicitly available for this prediction. Technical state is soft, with price below the 50-day and 200-day averages. RSI is weak near 34.6. MACD remains on the bullish side. Volatility is elevated at roughly 114.3%. No recent matched news was found for this ticker/date. Relative strength versus the benchmark looked weak. 1-month excess return -23.16%; 3-month excess return -36.76%; 6-month excess return -58.66%."
2025-04-02,KSS,-9.767443201488978,8.80545131088911,,miss,linear_regression,target_5d_return,"Technical state is soft, with price below the 50-day and 200-day averages. RSI is weak near 39.1. MACD remains on the bullish side. Volatility is elevated at roughly 115.9%.",No recent matched news was found for this ticker/date.,Relative strength versus the benchmark looked weak. 1-month excess return -22.19%; 3-month excess return -33.87%; 6-month excess return -57.58%.,"Model view: the forward return estimate was mildly positive at about 8.81%. Confidence was not explicitly available for this prediction. Technical state is soft, with price below the 50-day and 200-day averages. RSI is weak near 39.1. MACD remains on the bullish side. Volatility is elevated at roughly 115.9%. No recent matched news was found for this ticker/date. Relative strength versus the benchmark looked weak. 1-month excess return -22.19%; 3-month excess return -33.87%; 6-month excess return -57.58%."
2025-04-03,KSS,3.012052562105705,13.800394425967339,,hit,linear_regression,target_5d_return,"Technical state is soft, with price below the 50-day and 200-day averages. RSI is weak near 27.3. MACD remains on the bearish side. Volatility is elevated at roughly 139.1%.",No recent matched news was found for this ticker/date.,Relative strength versus the benchmark looked weak. 1-month excess return -33.67%; 3-month excess return -44.42%; 6-month excess return -62.47%.,"Model view: the forward return estimate was mildly positive at about 13.80%. Confidence was not explicitly available for this prediction. Technical state is soft, with price below the 50-day and 200-day averages. RSI is weak near 27.3. MACD remains on the bearish side. Volatility is elevated at roughly 139.1%. No recent matched news was found for this ticker/date. Relative strength versus the benchmark looked weak. 1-month excess return -33.67%; 3-month excess return -44.42%; 6-month excess return -62.47%."
2025-04-04,KSS,-6.276154551101376,9.903817164358541,,miss,linear_regression,target_5d_return,"Technical state is soft, with price below the 50-day and 200-day averages. RSI is weak near 33.2. MACD remains on the bearish side. Volatility is elevated at roughly 138.4%.",No recent matched news was found for this ticker/date.,Relative strength versus the benchmark looked weak. 1-month excess return -24.54%; 3-month excess return -35.51%; 6-month excess return -52.27%.,"Model view: the forward return estimate was mildly positive at about 9.90%. Confidence was not explicitly available for this prediction. Technical state is soft, with price below the 50-day and 200-day averages. RSI is weak near 33.2. MACD remains on the bearish side. Volatility is elevated at roughly 138.4%. No recent matched news was found for this ticker/date. Relative strength versus the benchmark looked weak. 1-month excess return -24.54%; 3-month excess return -35.51%; 6-month excess return -52.27%."
2025-04-07,KSS,-4.405282179418912,14.770863506132683,,miss,linear_regression,target_5d_return,"Technical state is soft, with price below the 50-day and 200-day averages. RSI is weak near 31.3. MACD remains on the bearish side. Volatility is elevated at roughly 138.7%.",No recent matched news was found for this ticker/date.,Relative strength versus the benchmark looked weak. 1-month excess return -31.77%; 3-month excess return -36.92%; 6-month excess return -53.82%.,"Model view: the forward return estimate was mildly positive at about 14.77%. Confidence was not explicitly available for this prediction. Technical state is soft, with price below the 50-day and 200-day averages. RSI is weak near 31.3. MACD remains on the bearish side. Volatility is elevated at roughly 138.7%. No recent matched news was found for this ticker/date. Relative strength versus the benchmark looked weak. 1-month excess return -31.77%; 3-month excess return -36.92%; 6-month excess return -53.82%."
2025-04-08,KSS,1.2945048991161556,15.806705892531793,,hit,linear_regression,target_5d_return,"Technical state is soft, with price below the 50-day and 200-day averages. RSI is weak near 28.3. MACD remains on the bearish side. Volatility is elevated at roughly 116.1%.",No recent matched news was found for this ticker/date.,Relative strength versus the benchmark looked weak. 1-month excess return -37.31%; 3-month excess return -39.27%; 6-month excess return -55.23%.,"Model view: the forward return estimate was mildly positive at about 15.81%. Confidence was not explicitly available for this prediction. Technical state is soft, with price below the 50-day and 200-day averages. RSI is weak near 28.3. MACD remains on the bearish side. Volatility is elevated at roughly 116.1%. No recent matched news was found for this ticker/date. Relative strength versus the benchmark looked weak. 1-month excess return -37.31%; 3-month excess return -39.27%; 6-month excess return -55.23%."
2025-04-09,KSS,-21.005155494380567,8.976160093955967,,miss,linear_regression,target_5d_return,"Technical state is soft, with price below the 50-day and 200-day averages. MACD remains on the bearish side. Volatility is elevated at roughly 149.8%.",No recent matched news was found for this ticker/date.,Relative strength versus the benchmark looked weak. 1-month excess return -12.81%; 3-month excess return -36.03%; 6-month excess return -54.81%.,"Model view: the forward return estimate was mildly positive at about 8.98%. Confidence was not explicitly available for this prediction. Technical state is soft, with price below the 50-day and 200-day averages. MACD remains on the bearish side. Volatility is elevated at roughly 149.8%. No recent matched news was found for this ticker/date. Relative strength versus the benchmark looked weak. 1-month excess return -12.81%; 3-month excess return -36.03%; 6-month excess return -54.81%."
2025-04-10,KSS,-5.263159729290345,8.649245771759011,,miss,linear_regression,target_5d_return,"Technical state is soft, with price below the 50-day and 200-day averages. RSI is weak near 38.1. MACD remains on the bearish side. Volatility is elevated at roughly 154.8%.",No recent matched news was found for this ticker/date.,Relative strength versus the benchmark looked weak. 1-month excess return -14.39%; 3-month excess return -38.21%; 6-month excess return -55.76%.,"Model view: the forward return estimate was mildly positive at about 8.65%. Confidence was not explicitly available for this prediction. Technical state is soft, with price below the 50-day and 200-day averages. RSI is weak near 38.1. MACD remains on the bearish side. Volatility is elevated at roughly 154.8%. No recent matched news was found for this ticker/date. Relative strength versus the benchmark looked weak. 1-month excess return -14.39%; 3-month excess return -38.21%; 6-month excess return -55.76%."
2025-04-11,KSS,4.464288691983831,5.583568567884441,,hit,linear_regression,target_5d_return,"Technical state is soft, with price below the 50-day and 200-day averages. RSI is weak near 37.5. MACD remains on the bearish side. Volatility is elevated at roughly 154.8%.",No recent matched news was found for this ticker/date.,Relative strength versus the benchmark looked weak. 1-month excess return -14.89%; 3-month excess return -42.76%; 6-month excess return -56.98%.,"Model view: the forward return estimate was mildly positive at about 5.58%. Confidence was not explicitly available for this prediction. Technical state is soft, with price below the 50-day and 200-day averages. RSI is weak near 37.5. MACD remains on the bearish side. Volatility is elevated at roughly 154.8%. No recent matched news was found for this ticker/date. Relative strength versus the benchmark looked weak. 1-month excess return -14.89%; 3-month excess return -42.76%; 6-month excess return -56.98%."
2025-04-14,KSS,3.8402456407123697,5.922853170167457,,hit,linear_regression,target_5d_return,"Technical state is soft, with price below the 50-day and 200-day averages. RSI is weak near 36.4. MACD remains on the bearish side. Volatility is elevated at roughly 153.1%.",No recent matched news was found for this ticker/date.,Relative strength versus the benchmark looked weak. 1-month excess return -14.98%; 3-month excess return -42.76%; 6-month excess return -58.92%.,"Model view: the forward return estimate was mildly positive at about 5.92%. Confidence was not explicitly available for this prediction. Technical state is soft, with price below the 50-day and 200-day averages. RSI is weak near 36.4. MACD remains on the bearish side. Volatility is elevated at roughly 153.1%. No recent matched news was found for this ticker/date. Relative strength versus the benchmark looked weak. 1-month excess return -14.98%; 3-month excess return -42.76%; 6-month excess return -58.92%."
2025-04-15,KSS,7.188495092843095,6.232335704170055,,hit,linear_regression,target_5d_return,"Technical state is soft, with price below the 50-day and 200-day averages. RSI is weak near 35.1. MACD remains on the bearish side. Volatility is elevated at roughly 153.3%.",No recent matched news was found for this ticker/date.,Relative strength versus the benchmark looked weak. 1-month excess return -21.54%; 3-month excess return -43.02%; 6-month excess return -60.71%.,"Model view: the forward return estimate was mildly positive at about 6.23%. Confidence was not explicitly available for this prediction. Technical state is soft, with price below the 50-day and 200-day averages. RSI is weak near 35.1. MACD remains on the bearish side. Volatility is elevated at roughly 153.3%. No recent matched news was found for this ticker/date. Relative strength versus the benchmark looked weak. 1-month excess return -21.54%; 3-month excess return -43.02%; 6-month excess return -60.71%."
2025-04-16,KSS,14.681893614442698,9.265490991428747,,hit,linear_regression,target_5d_return,"Technical state is soft, with price below the 50-day and 200-day averages. RSI is weak near 34.5. MACD remains on the bearish side. Volatility is elevated at roughly 151.9%.",No recent matched news was found for this ticker/date.,Relative strength versus the benchmark looked weak. 1-month excess return -20.08%; 3-month excess return -40.84%; 6-month excess return -58.21%.,"Model view: the forward return estimate was mildly positive at about 9.27%. Confidence was not explicitly available for this prediction. Technical state is soft, with price below the 50-day and 200-day averages. RSI is weak near 34.5. MACD remains on the bearish side. Volatility is elevated at roughly 151.9%. No recent matched news was found for this ticker/date. Relative strength versus the benchmark looked weak. 1-month excess return -20.08%; 3-month excess return -40.84%; 6-month excess return -58.21%."
2025-04-17,KSS,8.950616080229334,7.2013577528168184,,hit,linear_regression,target_5d_return,"Technical state is soft, with price below the 50-day and 200-day averages. RSI is weak near 38.0. MACD remains on the bullish side. Volatility is elevated at roughly 153.9%.",No recent matched news was found for this ticker/date.,Relative strength versus the benchmark looked weak. 1-month excess return -18.42%; 3-month excess return -38.48%; 6-month excess return -58.33%.,"Model view: the forward return estimate was mildly positive at about 7.20%. Confidence was not explicitly available for this prediction. Technical state is soft, with price below the 50-day and 200-day averages. RSI is weak near 38.0. MACD remains on the bullish side. Volatility is elevated at roughly 153.9%. No recent matched news was found for this ticker/date. Relative strength versus the benchmark looked weak. 1-month excess return -18.42%; 3-month excess return -38.48%; 6-month excess return -58.33%."
2025-04-21,KSS,-0.5698000279445559,5.283501101579702,,miss,linear_regression,target_5d_return,"Technical state is soft, with price below the 50-day and 200-day averages. MACD remains on the bullish side. Volatility is elevated at roughly 157.1%.",No recent matched news was found for this ticker/date.,Relative strength versus the benchmark looked weak. 1-month excess return -8.62%; 3-month excess return -31.97%; 6-month excess return -52.80%.,"Model view: the forward return estimate was mildly positive at about 5.28%. Confidence was not explicitly available for this prediction. Technical state is soft, with price below the 50-day and 200-day averages. MACD remains on the bullish side. Volatility is elevated at roughly 157.1%. No recent matched news was found for this ticker/date. Relative strength versus the benchmark looked weak. 1-month excess return -8.62%; 3-month excess return -31.97%; 6-month excess return -52.80%."
2025-04-22,KSS,0.8875730879888577,7.777954963267006,,hit,linear_regression,target_5d_return,"Technical state is soft, with price below the 50-day and 200-day averages. MACD remains on the bullish side. Volatility is elevated at roughly 148.6%.",No recent matched news was found for this ticker/date.,Relative strength versus the benchmark looked weak. 1-month excess return -11.44%; 3-month excess return -36.13%; 6-month excess return -56.72%.,"Model view: the forward return estimate was mildly positive at about 7.78%. Confidence was not explicitly available for this prediction. Technical state is soft, with price below the 50-day and 200-day averages. MACD remains on the bullish side. Volatility is elevated at roughly 148.6%. No recent matched news was found for this ticker/date. Relative strength versus the benchmark looked weak. 1-month excess return -11.44%; 3-month excess return -36.13%; 6-month excess return -56.72%."
2025-04-23,KSS,-0.14903470678068187,8.094229813961531,,miss,linear_regression,target_5d_return,"Technical state is soft, with price below the 50-day and 200-day averages. MACD remains on the bullish side. Volatility is elevated at roughly 148.5%.",No recent matched news was found for this ticker/date.,Relative strength versus the benchmark looked weak. 1-month excess return -21.57%; 3-month excess return -38.06%; 6-month excess return -59.31%.,"Model view: the forward return estimate was mildly positive at about 8.09%. Confidence was not explicitly available for this prediction. Technical state is soft, with price below the 50-day and 200-day averages. MACD remains on the bullish side. Volatility is elevated at roughly 148.5%. No recent matched news was found for this ticker/date. Relative strength versus the benchmark looked weak. 1-month excess return -21.57%; 3-month excess return -38.06%; 6-month excess return -59.31%."
2025-04-24,KSS,2.560452673777802,6.076035227532259,,hit,linear_regression,target_5d_return,"Technical state is soft, with price below the 50-day and 200-day averages. MACD remains on the bullish side. Volatility is elevated at roughly 149.9%.",No recent matched news was found for this ticker/date.,Relative strength versus the benchmark looked weak. 1-month excess return -17.85%; 3-month excess return -38.44%; 6-month excess return -60.08%.,"Model view: the forward return estimate was mildly positive at about 6.08%. Confidence was not explicitly available for this prediction. Technical state is soft, with price below the 50-day and 200-day averages. MACD remains on the bullish side. Volatility is elevated at roughly 149.9%. No recent matched news was found for this ticker/date. Relative strength versus the benchmark looked weak. 1-month excess return -17.85%; 3-month excess return -38.44%; 6-month excess return -60.08%."
2025-04-25,KSS,6.232295478563832,5.884518952209646,,hit,linear_regression,target_5d_return,"Technical state is soft, with price below the 50-day and 200-day averages. MACD remains on the bullish side. Volatility is elevated at roughly 149.5%.",No recent matched news was found for this ticker/date.,Relative strength versus the benchmark looked weak. 1-month excess return -17.62%; 3-month excess return -38.63%; 6-month excess return -59.72%.,"Model view: the forward return estimate was mildly positive at about 5.88%. Confidence was not explicitly available for this prediction. Technical state is soft, with price below the 50-day and 200-day averages. MACD remains on the bullish side. Volatility is elevated at roughly 149.5%. No recent matched news was found for this ticker/date. Relative strength versus the benchmark looked weak. 1-month excess return -17.62%; 3-month excess return -38.63%; 6-month excess return -59.72%."
2025-04-28,KSS,1.1461307089892125,6.062413273025754,,hit,linear_regression,target_5d_return,"Technical state is soft, with price below the 50-day and 200-day averages. MACD remains on the bullish side. Volatility is elevated at roughly 149.5%.",No recent matched news was found for this ticker/date.,Relative strength versus the benchmark looked weak. 1-month excess return -16.09%; 3-month excess return -40.36%; 6-month excess return -59.32%.,"Model view: the forward return estimate was mildly positive at about 6.06%. Confidence was not explicitly available for this prediction. Technical state is soft, with price below the 50-day and 200-day averages. MACD remains on the bullish side. Volatility is elevated at roughly 149.5%. No recent matched news was found for this ticker/date. Relative strength versus the benchmark looked weak. 1-month excess return -16.09%; 3-month excess return -40.36%; 6-month excess return -59.32%."
2025-04-29,KSS,-4.398829665451198,6.743872360795308,,miss,linear_regression,target_5d_return,"Technical state is soft, with price below the 50-day and 200-day averages. MACD remains on the bullish side. Volatility is elevated at roughly 149.2%.",No recent matched news was found for this ticker/date.,Relative strength versus the benchmark looked weak. 1-month excess return -19.22%; 3-month excess return -41.36%; 6-month excess return -59.96%.,"Model view: the forward return estimate was mildly positive at about 6.74%. Confidence was not explicitly available for this prediction. Technical state is soft, with price below the 50-day and 200-day averages. MACD remains on the bullish side. Volatility is elevated at roughly 149.2%. No recent matched news was found for this ticker/date. Relative strength versus the benchmark looked weak. 1-month excess return -19.22%; 3-month excess return -41.36%; 6-month excess return -59.96%."
2025-04-30,KSS,-2.68656467854983,7.323200111057531,,miss,linear_regression,target_5d_return,"Technical state is soft, with price below the 50-day and 200-day averages. MACD remains on the bullish side. Volatility is elevated at roughly 149.2%.",No recent matched news was found for this ticker/date.,Relative strength versus the benchmark looked weak. 1-month excess return -17.28%; 3-month excess return -41.35%; 6-month excess return -60.58%.,"Model view: the forward return estimate was mildly positive at about 7.32%. Confidence was not explicitly available for this prediction. Technical state is soft, with price below the 50-day and 200-day averages. MACD remains on the bullish side. Volatility is elevated at roughly 149.2%. No recent matched news was found for this ticker/date. Relative strength versus the benchmark looked weak. 1-month excess return -17.28%; 3-month excess return -41.35%; 6-month excess return -60.58%."
2025-05-01,KSS,-2.0804451397198997,5.089378872477312,,miss,linear_regression,target_5d_return,"Technical state is soft, with price below the 50-day and 200-day averages. MACD remains on the bullish side. Volatility is elevated at roughly 151.2%.",No recent matched news was found for this ticker/date.,Relative strength versus the benchmark looked weak. 1-month excess return -12.24%; 3-month excess return -38.59%; 6-month excess return -58.30%.,"Model view: the forward return estimate was mildly positive at about 5.09%. Confidence was not explicitly available for this prediction. Technical state is soft, with price below the 50-day and 200-day averages. MACD remains on the bullish side. Volatility is elevated at roughly 151.2%. No recent matched news was found for this ticker/date. Relative strength versus the benchmark looked weak. 1-month excess return -12.24%; 3-month excess return -38.59%; 6-month excess return -58.30%."
2025-05-02,KSS,-10.533332824707031,8.930503581277376,,miss,linear_regression,target_5d_return,"Technical state is soft, with price below the 50-day and 200-day averages. RSI is in a steady zone near 50.5. MACD remains on the bullish side. Volatility is elevated at roughly 126.6%.",No recent matched news was found for this ticker/date.,Relative strength versus the benchmark looked weak. 1-month excess return -13.14%; 3-month excess return -37.33%; 6-month excess return -57.65%.,"Model view: the forward return estimate was mildly positive at about 8.93%. Confidence was not explicitly available for this prediction. Technical state is soft, with price below the 50-day and 200-day averages. RSI is in a steady zone near 50.5. MACD remains on the bullish side. Volatility is elevated at roughly 126.6%. No recent matched news was found for this ticker/date. Relative strength versus the benchmark looked weak. 1-month excess return -13.14%; 3-month excess return -37.33%; 6-month excess return -57.65%."
2025-05-05,KSS,7.223799334494707,12.271753336596017,,hit,linear_regression,target_5d_return,"Technical state is soft, with price below the 50-day and 200-day averages. MACD remains on the bullish side. Volatility is elevated at roughly 125.8%.",No recent matched news was found for this ticker/date.,Relative strength versus the benchmark looked weak. 1-month excess return 1.50%; 3-month excess return -39.84%; 6-month excess return -59.42%.,"Model view: the forward return estimate was mildly positive at about 12.27%. Confidence was not explicitly available for this prediction. Technical state is soft, with price below the 50-day and 200-day averages. MACD remains on the bullish side. Volatility is elevated at roughly 125.8%. No recent matched news was found for this ticker/date. Relative strength versus the benchmark looked weak. 1-month excess return 1.50%; 3-month excess return -39.84%; 6-month excess return -59.42%."
2025-05-06,KSS,23.619638699314027,9.945499558103448,,hit,linear_regression,target_5d_return,"Technical state is soft, with price below the 50-day and 200-day averages. MACD remains on the bullish side. Volatility is elevated at roughly 127.6%.",No recent matched news was found for this ticker/date.,Relative strength versus the benchmark looked weak. 1-month excess return -19.39%; 3-month excess return -43.49%; 6-month excess return -62.98%.,"Model view: the forward return estimate was mildly positive at about 9.95%. Confidence was not explicitly available for this prediction. Technical state is soft, with price below the 50-day and 200-day averages. MACD remains on the bullish side. Volatility is elevated at roughly 127.6%. No recent matched news was found for this ticker/date. Relative strength versus the benchmark looked weak. 1-month excess return -19.39%; 3-month excess return -43.49%; 6-month excess return -62.98%."
2025-05-07,KSS,24.386498165676194,9.794448053777783,,hit,linear_regression,target_5d_return,"Technical state is soft, with price below the 50-day and 200-day averages. MACD remains on the bullish side. Volatility is elevated at roughly 122.8%.",No recent matched news was found for this ticker/date.,Relative strength versus the benchmark looked weak. 1-month excess return -15.55%; 3-month excess return -42.66%; 6-month excess return -62.26%.,"Model view: the forward return estimate was mildly positive at about 9.79%. Confidence was not explicitly available for this prediction. Technical state is soft, with price below the 50-day and 200-day averages. MACD remains on the bullish side. Volatility is elevated at roughly 122.8%. No recent matched news was found for this ticker/date. Relative strength versus the benchmark looked weak. 1-month excess return -15.55%; 3-month excess return -42.66%; 6-month excess return -62.26%."
2025-05-08,KSS,18.55524013310106,5.880691335039158,,hit,linear_regression,target_5d_return,"Technical state is soft, with price below the 50-day and 200-day averages. MACD remains on the bullish side. Volatility is elevated at roughly 85.8%.",No recent matched news was found for this ticker/date.,Relative strength versus the benchmark looked weak. 1-month excess return 0.53%; 3-month excess return -37.81%; 6-month excess return -59.97%.,"Model view: the forward return estimate was mildly positive at about 5.88%. Confidence was not explicitly available for this prediction. Technical state is soft, with price below the 50-day and 200-day averages. MACD remains on the bullish side. Volatility is elevated at roughly 85.8%. No recent matched news was found for this ticker/date. Relative strength versus the benchmark looked weak. 1-month excess return 0.53%; 3-month excess return -37.81%; 6-month excess return -59.97%."
2025-05-09,KSS,27.570795394222092,13.024496068483357,,hit,linear_regression,target_5d_return,"Technical state is soft, with price below the 50-day and 200-day averages. MACD remains on the bullish side. Volatility is elevated at roughly 76.5%.",No recent matched news was found for this ticker/date.,Relative strength versus the benchmark looked weak. 1-month excess return -17.45%; 3-month excess return -38.38%; 6-month excess return -61.69%.,"Model view: the forward return estimate was mildly positive at about 13.02%. Confidence was not explicitly available for this prediction. Technical state is soft, with price below the 50-day and 200-day averages. MACD remains on the bullish side. Volatility is elevated at roughly 76.5%. No recent matched news was found for this ticker/date. Relative strength versus the benchmark looked weak. 1-month excess return -17.45%; 3-month excess return -38.38%; 6-month excess return -61.69%."
2025-05-12,KSS,11.492726406781383,6.301255323794919,,hit,linear_regression,target_5d_return,"Technical state is soft, with price below the 50-day and 200-day averages. RSI is in a steady zone near 53.0. MACD remains on the bullish side. Volatility is elevated at roughly 88.5%.",No recent matched news was found for this ticker/date.,Relative strength versus the benchmark looked weak. 1-month excess return -0.50%; 3-month excess return -32.26%; 6-month excess return -56.02%.,"Model view: the forward return estimate was mildly positive at about 6.30%. Confidence was not explicitly available for this prediction. Technical state is soft, with price below the 50-day and 200-day averages. RSI is in a steady zone near 53.0. MACD remains on the bullish side. Volatility is elevated at roughly 88.5%. No recent matched news was found for this ticker/date. Relative strength versus the benchmark looked weak. 1-month excess return -0.50%; 3-month excess return -32.26%; 6-month excess return -56.02%."
2025-05-13,KSS,2.9776644990494594,6.161922619600658,,hit,linear_regression,target_5d_return,"Technical state is mixed, with price not fully aligned across the major moving averages. RSI is in a steady zone near 57.2. MACD remains on the bullish side. Volatility is elevated at roughly 89.5%.",No recent matched news was found for this ticker/date.,Relative strength versus the benchmark looked weak. 1-month excess return 9.97%; 3-month excess return -28.49%; 6-month excess return -54.62%.,"Model view: the forward return estimate was mildly positive at about 6.16%. Confidence was not explicitly available for this prediction. Technical state is mixed, with price not fully aligned across the major moving averages. RSI is in a steady zone near 57.2. MACD remains on the bullish side. Volatility is elevated at roughly 89.5%. No recent matched news was found for this ticker/date. Relative strength versus the benchmark looked weak. 1-month excess return 9.97%; 3-month excess return -28.49%; 6-month excess return -54.62%."
2025-05-14,KSS,-3.6991334968886846,7.075864148087019,,miss,linear_regression,target_5d_return,"Technical state is mixed, with price not fully aligned across the major moving averages. RSI is in a steady zone near 57.6. MACD remains on the bullish side. Volatility is elevated at roughly 87.6%.",No recent matched news was found for this ticker/date.,Relative strength versus the benchmark looked weak. 1-month excess return 15.57%; 3-month excess return -27.56%; 6-month excess return -51.89%.,"Model view: the forward return estimate was mildly positive at about 7.08%. Confidence was not explicitly available for this prediction. Technical state is mixed, with price not fully aligned across the major moving averages. RSI is in a steady zone near 57.6. MACD remains on the bullish side. Volatility is elevated at roughly 87.6%. No recent matched news was found for this ticker/date. Relative strength versus the benchmark looked weak. 1-month excess return 15.57%; 3-month excess return -27.56%; 6-month excess return -51.89%."
2025-05-15,KSS,-3.106334915612352,7.460817065990851,,miss,linear_regression,target_5d_return,"Technical state is mixed, with price not fully aligned across the major moving averages. RSI is in a steady zone near 59.7. MACD remains on the bullish side. Volatility is elevated at roughly 86.8%.",No recent matched news was found for this ticker/date.,Relative strength versus the benchmark looked weak. 1-month excess return 23.86%; 3-month excess return -26.23%; 6-month excess return -53.83%.,"Model view: the forward return estimate was mildly positive at about 7.46%. Confidence was not explicitly available for this prediction. Technical state is mixed, with price not fully aligned across the major moving averages. RSI is in a steady zone near 59.7. MACD remains on the bullish side. Volatility is elevated at roughly 86.8%. No recent matched news was found for this ticker/date. Relative strength versus the benchmark looked weak. 1-month excess return 23.86%; 3-month excess return -26.23%; 6-month excess return -53.83%."
2025-05-16,KSS,-12.616826490664746,5.803911957512012,,miss,linear_regression,target_5d_return,"Technical state is mixed, with price not fully aligned across the major moving averages. RSI is in a steady zone near 61.3. MACD remains on the bullish side. Volatility is elevated at roughly 85.5%.",No recent matched news was found for this ticker/date.,Relative strength versus the benchmark looked weak. 1-month excess return 26.60%; 3-month excess return -24.39%; 6-month excess return -52.67%.,"Model view: the forward return estimate was mildly positive at about 5.80%. Confidence was not explicitly available for this prediction. Technical state is mixed, with price not fully aligned across the major moving averages. RSI is in a steady zone near 61.3. MACD remains on the bullish side. Volatility is elevated at roughly 85.5%. No recent matched news was found for this ticker/date. Relative strength versus the benchmark looked weak. 1-month excess return 26.60%; 3-month excess return -24.39%; 6-month excess return -52.67%."
2025-05-19,KSS,-6.279618001439779,9.898368053627618,,miss,linear_regression,target_5d_return,"Technical state is mixed, with price not fully aligned across the major moving averages. RSI is in a steady zone near 59.7. MACD remains on the bullish side. Volatility is elevated at roughly 82.2%.",No recent matched news was found for this ticker/date.,Relative strength versus the benchmark looked weak. 1-month excess return 17.24%; 3-month excess return -25.78%; 6-month excess return -52.94%.,"Model view: the forward return estimate was mildly positive at about 9.90%. Confidence was not explicitly available for this prediction. Technical state is mixed, with price not fully aligned across the major moving averages. RSI is in a steady zone near 59.7. MACD remains on the bullish side. Volatility is elevated at roughly 82.2%. No recent matched news was found for this ticker/date. Relative strength versus the benchmark looked weak. 1-month excess return 17.24%; 3-month excess return -25.78%; 6-month excess return -52.94%."
2025-05-20,KSS,-2.4096362008327765,8.310104095909534,,miss,linear_regression,target_5d_return,"Technical state is mixed, with price not fully aligned across the major moving averages. RSI is in a steady zone near 57.9. MACD remains on the bullish side. Volatility is elevated at roughly 80.9%.",No recent matched news was found for this ticker/date.,Relative strength versus the benchmark looked weak. 1-month excess return 2.88%; 3-month excess return -25.60%; 6-month excess return -55.30%.,"Model view: the forward return estimate was mildly positive at about 8.31%. Confidence was not explicitly available for this prediction. Technical state is mixed, with price not fully aligned across the major moving averages. RSI is in a steady zone near 57.9. MACD remains on the bullish side. Volatility is elevated at roughly 80.9%. No recent matched news was found for this ticker/date. Relative strength versus the benchmark looked weak. 1-month excess return 2.88%; 3-month excess return -25.60%; 6-month excess return -55.30%."
2025-05-21,KSS,2.944942647357185,9.067225368504406,,hit,linear_regression,target_5d_return,"Technical state is mixed, with price not fully aligned across the major moving averages. RSI is in a steady zone near 51.8. MACD remains on the bullish side. Volatility is elevated at roughly 84.5%.",No recent matched news was found for this ticker/date.,Relative strength versus the benchmark looked weak. 1-month excess return 4.90%; 3-month excess return -30.37%; 6-month excess return -56.10%.,"Model view: the forward return estimate was mildly positive at about 9.07%. Confidence was not explicitly available for this prediction. Technical state is mixed, with price not fully aligned across the major moving averages. RSI is in a steady zone near 51.8. MACD remains on the bullish side. Volatility is elevated at roughly 84.5%. No recent matched news was found for this ticker/date. Relative strength versus the benchmark looked weak. 1-month excess return 4.90%; 3-month excess return -30.37%; 6-month excess return -56.10%."
2025-05-22,KSS,0.24661477941252397,8.146315068808573,,hit,linear_regression,target_5d_return,"Technical state is mixed, with price not fully aligned across the major moving averages. RSI is in a steady zone near 54.9. MACD remains on the bullish side. Volatility is elevated at roughly 84.0%.",No recent matched news was found for this ticker/date.,Relative strength versus the benchmark looked weak. 1-month excess return 11.93%; 3-month excess return -29.62%; 6-month excess return -52.49%.,"Model view: the forward return estimate was mildly positive at about 8.15%. Confidence was not explicitly available for this prediction. Technical state is mixed, with price not fully aligned across the major moving averages. RSI is in a steady zone near 54.9. MACD remains on the bullish side. Volatility is elevated at roughly 84.0%. No recent matched news was found for this ticker/date. Relative strength versus the benchmark looked weak. 1-month excess return 11.93%; 3-month excess return -29.62%; 6-month excess return -52.49%."
2025-05-23,KSS,9.090906772789697,10.50903137087192,,hit,linear_regression,target_5d_return,"Technical state is soft, with price below the 50-day and 200-day averages. MACD remains on the bullish side. Volatility is elevated at roughly 89.4%.",No recent matched news was found for this ticker/date.,Relative strength versus the benchmark looked weak. 1-month excess return 0.43%; 3-month excess return -35.99%; 6-month excess return -54.13%.,"Model view: the forward return estimate was mildly positive at about 10.51%. Confidence was not explicitly available for this prediction. Technical state is soft, with price below the 50-day and 200-day averages. MACD remains on the bullish side. Volatility is elevated at roughly 89.4%. No recent matched news was found for this ticker/date. Relative strength versus the benchmark looked weak. 1-month excess return 0.43%; 3-month excess return -35.99%; 6-month excess return -54.13%."
2025-05-27,KSS,5.815424108983636,9.392227762905119,,hit,linear_regression,target_5d_return,"Technical state is mixed, with price not fully aligned across the major moving averages. RSI is in a steady zone near 52.4. MACD remains on the bullish side. Volatility is elevated at roughly 91.1%.",No recent matched news was found for this ticker/date.,Relative strength versus the benchmark looked weak. 1-month excess return 4.68%; 3-month excess return -33.69%; 6-month excess return -51.58%.,"Model view: the forward return estimate was mildly positive at about 9.39%. Confidence was not explicitly available for this prediction. Technical state is mixed, with price not fully aligned across the major moving averages. RSI is in a steady zone near 52.4. MACD remains on the bullish side. Volatility is elevated at roughly 91.1%. No recent matched news was found for this ticker/date. Relative strength versus the benchmark looked weak. 1-month excess return 4.68%; 3-month excess return -33.69%; 6-month excess return -51.58%."
2025-05-28,KSS,0.37036705627595534,7.984184081216651,,hit,linear_regression,target_5d_return,"Technical state is mixed, with price not fully aligned across the major moving averages. RSI is in a steady zone near 54.2. MACD remains on the bullish side. Volatility is elevated at roughly 90.5%.",No recent matched news was found for this ticker/date.,Relative strength versus the benchmark looked weak. 1-month excess return 9.37%; 3-month excess return -31.03%; 6-month excess return -49.62%.,"Model view: the forward return estimate was mildly positive at about 7.98%. Confidence was not explicitly available for this prediction. Technical state is mixed, with price not fully aligned across the major moving averages. RSI is in a steady zone near 54.2. MACD remains on the bullish side. Volatility is elevated at roughly 90.5%. No recent matched news was found for this ticker/date. Relative strength versus the benchmark looked weak. 1-month excess return 9.37%; 3-month excess return -31.03%; 6-month excess return -49.62%."
2025-05-29,KSS,6.592036511018073,8.615474536637006,,hit,linear_regression,target_5d_return,"Technical state is mixed, with price not fully aligned across the major moving averages. RSI is in a steady zone near 53.5. MACD remains on the bullish side. Volatility is elevated at roughly 90.2%.",No recent matched news was found for this ticker/date.,Relative strength versus the benchmark looked weak. 1-month excess return 11.44%; 3-month excess return -30.28%; 6-month excess return -51.85%.,"Model view: the forward return estimate was mildly positive at about 8.62%. Confidence was not explicitly available for this prediction. Technical state is mixed, with price not fully aligned across the major moving averages. RSI is in a steady zone near 53.5. MACD remains on the bullish side. Volatility is elevated at roughly 90.2%. No recent matched news was found for this ticker/date. Relative strength versus the benchmark looked weak. 1-month excess return 11.44%; 3-month excess return -30.28%; 6-month excess return -51.85%."
2025-05-30,KSS,7.626074745777767,7.709784345087766,,hit,linear_regression,target_5d_return,"Technical state is mixed, with price not fully aligned across the major moving averages. RSI is in a steady zone near 54.5. MACD remains on the bullish side. Volatility is elevated at roughly 86.8%.",No recent matched news was found for this ticker/date.,Relative strength versus the benchmark looked weak. 1-month excess return 15.06%; 3-month excess return -27.91%; 6-month excess return -54.31%.,"Model view: the forward return estimate was mildly positive at about 7.71%. Confidence was not explicitly available for this prediction. Technical state is mixed, with price not fully aligned across the major moving averages. RSI is in a steady zone near 54.5. MACD remains on the bullish side. Volatility is elevated at roughly 86.8%. No recent matched news was found for this ticker/date. Relative strength versus the benchmark looked weak. 1-month excess return 15.06%; 3-month excess return -27.91%; 6-month excess return -54.31%."
2025-06-02,KSS,10.416671536327282,8.881048564998476,,hit,linear_regression,target_5d_return,"Technical state is mixed, with price not fully aligned across the major moving averages. RSI is in a steady zone near 54.8. MACD remains on the bullish side. Volatility is elevated at roughly 86.0%.",No recent matched news was found for this ticker/date.,Relative strength versus the benchmark looked weak. 1-month excess return 7.03%; 3-month excess return -29.47%; 6-month excess return -45.05%.,"Model view: the forward return estimate was mildly positive at about 8.88%. Confidence was not explicitly available for this prediction. Technical state is mixed, with price not fully aligned across the major moving averages. RSI is in a steady zone near 54.8. MACD remains on the bullish side. Volatility is elevated at roughly 86.0%. No recent matched news was found for this ticker/date. Relative strength versus the benchmark looked weak. 1-month excess return 7.03%; 3-month excess return -29.47%; 6-month excess return -45.05%."
2025-06-03,KSS,12.305851219284602,10.565955903965854,,hit,linear_regression,target_5d_return,"Technical state is mixed, with price not fully aligned across the major moving averages. RSI is in a steady zone near 57.2. MACD remains on the bullish side. Volatility is elevated at roughly 82.8%.",No recent matched news was found for this ticker/date.,Relative strength versus the benchmark looked weak. 1-month excess return 6.36%; 3-month excess return -29.69%; 6-month excess return -42.79%.,"Model view: the forward return estimate was mildly positive at about 10.57%. Confidence was not explicitly available for this prediction. Technical state is mixed, with price not fully aligned across the major moving averages. RSI is in a steady zone near 57.2. MACD remains on the bullish side. Volatility is elevated at roughly 82.8%. No recent matched news was found for this ticker/date. Relative strength versus the benchmark looked weak. 1-month excess return 6.36%; 3-month excess return -29.69%; 6-month excess return -42.79%."
2025-06-04,KSS,7.99507514613329,11.189202273787995,,hit,linear_regression,target_5d_return,"Technical state is mixed, with price not fully aligned across the major moving averages. RSI is in a steady zone near 53.7. MACD remains on the bullish side. Volatility is elevated at roughly 77.7%.",No recent matched news was found for this ticker/date.,Relative strength versus the benchmark looked weak. 1-month excess return 9.43%; 3-month excess return -30.53%; 6-month excess return -44.64%.,"Model view: the forward return estimate was mildly positive at about 11.19%. Confidence was not explicitly available for this prediction. Technical state is mixed, with price not fully aligned across the major moving averages. RSI is in a steady zone near 53.7. MACD remains on the bullish side. Volatility is elevated at roughly 77.7%. No recent matched news was found for this ticker/date. Relative strength versus the benchmark looked weak. 1-month excess return 9.43%; 3-month excess return -30.53%; 6-month excess return -44.64%."
2025-06-05,KSS,1.7502984544466305,8.944483458702447,,hit,linear_regression,target_5d_return,"Technical state is mixed, with price not fully aligned across the major moving averages. RSI is in a steady zone near 58.7. MACD remains on the bullish side. Volatility is elevated at roughly 79.0%.",No recent matched news was found for this ticker/date.,Relative strength versus the benchmark looked weak. 1-month excess return 25.31%; 3-month excess return -27.18%; 6-month excess return -42.67%.,"Model view: the forward return estimate was mildly positive at about 8.94%. Confidence was not explicitly available for this prediction. Technical state is mixed, with price not fully aligned across the major moving averages. RSI is in a steady zone near 58.7. MACD remains on the bullish side. Volatility is elevated at roughly 79.0%. No recent matched news was found for this ticker/date. Relative strength versus the benchmark looked weak. 1-month excess return 25.31%; 3-month excess return -27.18%; 6-month excess return -42.67%."
2025-06-06,KSS,-7.200001307896208,8.78534047565807,,miss,linear_regression,target_5d_return,"Technical state is mixed, with price not fully aligned across the major moving averages. RSI is in a steady zone near 60.6. MACD remains on the bullish side. Volatility is elevated at roughly 74.9%.",No recent matched news was found for this ticker/date.,Relative strength versus the benchmark looked weak. 1-month excess return 27.46%; 3-month excess return -32.33%; 6-month excess return -41.82%.,"Model view: the forward return estimate was mildly positive at about 8.79%. Confidence was not explicitly available for this prediction. Technical state is mixed, with price not fully aligned across the major moving averages. RSI is in a steady zone near 60.6. MACD remains on the bullish side. Volatility is elevated at roughly 74.9%. No recent matched news was found for this ticker/date. Relative strength versus the benchmark looked weak. 1-month excess return 27.46%; 3-month excess return -32.33%; 6-month excess return -41.82%."
2025-06-09,KSS,-0.8879014614185277,9.378212814090315,,miss,linear_regression,target_5d_return,"Technical state is mixed, with price not fully aligned across the major moving averages. RSI is in a steady zone near 63.2. MACD remains on the bullish side. Volatility is elevated at roughly 71.4%.",No recent matched news was found for this ticker/date.,Relative strength versus the benchmark looked weak. 1-month excess return 21.48%; 3-month excess return -32.16%; 6-month excess return -39.79%.,"Model view: the forward return estimate was mildly positive at about 9.38%. Confidence was not explicitly available for this prediction. Technical state is mixed, with price not fully aligned across the major moving averages. RSI is in a steady zone near 63.2. MACD remains on the bullish side. Volatility is elevated at roughly 71.4%. No recent matched news was found for this ticker/date. Relative strength versus the benchmark looked weak. 1-month excess return 21.48%; 3-month excess return -32.16%; 6-month excess return -39.79%."
2025-06-10,KSS,-9.893610523857376,9.212564694411466,,miss,linear_regression,target_5d_return,"Technical state is mixed, with price not fully aligned across the major moving averages. MACD remains on the bullish side. Volatility is elevated at roughly 59.0%.",No recent matched news was found for this ticker/date.,Relative strength versus the benchmark looked weak. 1-month excess return 33.20%; 3-month excess return -5.70%; 6-month excess return -38.33%.,"Model view: the forward return estimate was mildly positive at about 9.21%. Confidence was not explicitly available for this prediction. Technical state is mixed, with price not fully aligned across the major moving averages. MACD remains on the bullish side. Volatility is elevated at roughly 59.0%. No recent matched news was found for this ticker/date. Relative strength versus the benchmark looked weak. 1-month excess return 33.20%; 3-month excess return -5.70%; 6-month excess return -38.33%."
2025-06-11,KSS,-5.239180548258471,12.23979634404736,,miss,linear_regression,target_5d_return,"Technical state is mixed, with price not fully aligned across the major moving averages. RSI is in a steady zone near 57.3. MACD remains on the bullish side. Volatility is elevated at roughly 61.6%.",No recent matched news was found for this ticker/date.,Relative strength versus the benchmark looked weak. 1-month excess return 12.82%; 3-month excess return -5.64%; 6-month excess return -41.59%.,"Model view: the forward return estimate was mildly positive at about 12.24%. Confidence was not explicitly available for this prediction. Technical state is mixed, with price not fully aligned across the major moving averages. RSI is in a steady zone near 57.3. MACD remains on the bullish side. Volatility is elevated at roughly 61.6%. No recent matched news was found for this ticker/date. Relative strength versus the benchmark looked weak. 1-month excess return 12.82%; 3-month excess return -5.64%; 6-month excess return -41.59%."
2025-06-12,KSS,-5.619274194809631,12.531886744660138,,miss,linear_regression,target_5d_return,"Technical state is mixed, with price not fully aligned across the major moving averages. RSI is in a steady zone near 56.5. MACD remains on the bullish side. Volatility is elevated at roughly 61.7%.",No recent matched news was found for this ticker/date.,Relative strength versus the benchmark looked weak. 1-month excess return 5.31%; 3-month excess return -3.23%; 6-month excess return -42.68%.,"Model view: the forward return estimate was mildly positive at about 12.53%. Confidence was not explicitly available for this prediction. Technical state is mixed, with price not fully aligned across the major moving averages. RSI is in a steady zone near 56.5. MACD remains on the bullish side. Volatility is elevated at roughly 61.7%. No recent matched news was found for this ticker/date. Relative strength versus the benchmark looked weak. 1-month excess return 5.31%; 3-month excess return -3.23%; 6-month excess return -42.68%."
2025-06-13,KSS,-0.24629931491653156,5.641656903537083,,miss,linear_regression,target_5d_return,"Technical state is mixed, with price not fully aligned across the major moving averages. MACD remains on the bullish side. Volatility is elevated at roughly 65.9%.",No recent matched news was found for this ticker/date.,Relative strength versus the benchmark looked weak. 1-month excess return -1.48%; 3-month excess return -5.31%; 6-month excess return -45.65%.,"Model view: the forward return estimate was mildly positive at about 5.64%. Confidence was not explicitly available for this prediction. Technical state is mixed, with price not fully aligned across the major moving averages. MACD remains on the bullish side. Volatility is elevated at roughly 65.9%. No recent matched news was found for this ticker/date. Relative strength versus the benchmark looked weak. 1-month excess return -1.48%; 3-month excess return -5.31%; 6-month excess return -45.65%."
2025-06-16,KSS,-7.950728039006449,3.1080632589475874,,miss,linear_regression,target_5d_return,"Technical state is mixed, with price not fully aligned across the major moving averages. RSI is in a steady zone near 57.2. MACD remains on the bullish side. Volatility is elevated at roughly 74.7%.",No recent matched news was found for this ticker/date.,Relative strength versus the benchmark looked weak. 1-month excess return 4.61%; 3-month excess return -1.82%; 6-month excess return -38.74%.,"Model view: the forward return estimate was mildly positive at about 3.11%. Confidence was not explicitly available for this prediction. Technical state is mixed, with price not fully aligned across the major moving averages. RSI is in a steady zone near 57.2. MACD remains on the bullish side. Volatility is elevated at roughly 74.7%. No recent matched news was found for this ticker/date. Relative strength versus the benchmark looked weak. 1-month excess return 4.61%; 3-month excess return -1.82%; 6-month excess return -38.74%."
2025-06-17,KSS,-4.250302231428938,5.767233600468231,,miss,linear_regression,target_5d_return,"Technical state is mixed, with price not fully aligned across the major moving averages. RSI is in a steady zone near 52.0. MACD remains on the bearish side. Volatility is elevated at roughly 77.0%.",No recent matched news was found for this ticker/date.,Relative strength versus the benchmark looked weak. 1-month excess return -1.62%; 3-month excess return -4.80%; 6-month excess return -39.01%.,"Model view: the forward return estimate was mildly positive at about 5.77%. Confidence was not explicitly available for this prediction. Technical state is mixed, with price not fully aligned across the major moving averages. RSI is in a steady zone near 52.0. MACD remains on the bearish side. Volatility is elevated at roughly 77.0%. No recent matched news was found for this ticker/date. Relative strength versus the benchmark looked weak. 1-month excess return -1.62%; 3-month excess return -4.80%; 6-month excess return -39.01%."
2025-06-18,KSS,0.12019506308464933,4.74128300256514,,hit,linear_regression,target_5d_return,"Technical state is mixed, with price not fully aligned across the major moving averages. RSI is in a steady zone near 50.4. MACD remains on the bearish side. Volatility is elevated at roughly 77.0%.",No recent matched news was found for this ticker/date.,Relative strength versus the benchmark looked weak. 1-month excess return -1.86%; 3-month excess return -9.83%; 6-month excess return -40.87%.,"Model view: the forward return estimate was mildly positive at about 4.74%. Confidence was not explicitly available for this prediction. Technical state is mixed, with price not fully aligned across the major moving averages. RSI is in a steady zone near 50.4. MACD remains on the bearish side. Volatility is elevated at roughly 77.0%. No recent matched news was found for this ticker/date. Relative strength versus the benchmark looked weak. 1-month excess return -1.86%; 3-month excess return -9.83%; 6-month excess return -40.87%."
2025-06-20,KSS,2.551640945655631,5.387072891532071,,hit,linear_regression,target_5d_return,"Technical state is mixed, with price not fully aligned across the major moving averages. MACD remains on the bearish side. Volatility is elevated at roughly 73.8%.",No recent matched news was found for this ticker/date.,Relative strength versus the benchmark looked weak. 1-month excess return -1.36%; 3-month excess return -8.93%; 6-month excess return -40.68%.,"Model view: the forward return estimate was mildly positive at about 5.39%. Confidence was not explicitly available for this prediction. Technical state is mixed, with price not fully aligned across the major moving averages. MACD remains on the bearish side. Volatility is elevated at roughly 73.8%. No recent matched news was found for this ticker/date. Relative strength versus the benchmark looked weak. 1-month excess return -1.36%; 3-month excess return -8.93%; 6-month excess return -40.68%."
2025-06-23,KSS,4.691347442846072,5.887096023201869,,hit,linear_regression,target_5d_return,"Technical state is mixed, with price not fully aligned across the major moving averages. MACD remains on the bearish side. Volatility is elevated at roughly 72.9%.",No recent matched news was found for this ticker/date.,Relative strength versus the benchmark looked weak. 1-month excess return 0.43%; 3-month excess return -8.54%; 6-month excess return -42.78%.,"Model view: the forward return estimate was mildly positive at about 5.89%. Confidence was not explicitly available for this prediction. Technical state is mixed, with price not fully aligned across the major moving averages. MACD remains on the bearish side. Volatility is elevated at roughly 72.9%. No recent matched news was found for this ticker/date. Relative strength versus the benchmark looked weak. 1-month excess return 0.43%; 3-month excess return -8.54%; 6-month excess return -42.78%."
2025-06-24,KSS,11.43551763804349,5.404418203813762,,hit,linear_regression,target_5d_return,"Technical state is mixed, with price not fully aligned across the major moving averages. MACD remains on the bearish side. Volatility is elevated at roughly 66.9%.",No recent matched news was found for this ticker/date.,Relative strength versus the benchmark looked weak. 1-month excess return -3.01%; 3-month excess return -18.23%; 6-month excess return -44.50%.,"Model view: the forward return estimate was mildly positive at about 5.40%. Confidence was not explicitly available for this prediction. Technical state is mixed, with price not fully aligned across the major moving averages. MACD remains on the bearish side. Volatility is elevated at roughly 66.9%. No recent matched news was found for this ticker/date. Relative strength versus the benchmark looked weak. 1-month excess return -3.01%; 3-month excess return -18.23%; 6-month excess return -44.50%."
2025-06-25,KSS,13.44019973774544,5.050043175636907,,hit,linear_regression,target_5d_return,"Technical state is mixed, with price not fully aligned across the major moving averages. MACD remains on the bearish side. Volatility is elevated at roughly 64.2%.",No recent matched news was found for this ticker/date.,Relative strength versus the benchmark looked weak. 1-month excess return 3.29%; 3-month excess return -16.84%; 6-month excess return -45.34%.,"Model view: the forward return estimate was mildly positive at about 5.05%. Confidence was not explicitly available for this prediction. Technical state is mixed, with price not fully aligned across the major moving averages. MACD remains on the bearish side. Volatility is elevated at roughly 64.2%. No recent matched news was found for this ticker/date. Relative strength versus the benchmark looked weak. 1-month excess return 3.29%; 3-month excess return -16.84%; 6-month excess return -45.34%."
2025-06-26,KSS,11.404559639449285,4.960736116691456,,hit,linear_regression,target_5d_return,"Technical state is mixed, with price not fully aligned across the major moving averages. RSI is in a steady zone near 51.0. MACD remains on the bearish side. Volatility is elevated at roughly 64.4%.",No recent matched news was found for this ticker/date.,Relative strength versus the benchmark looked weak. 1-month excess return 1.48%; 3-month excess return -14.50%; 6-month excess return -44.72%.,"Model view: the forward return estimate was mildly positive at about 4.96%. Confidence was not explicitly available for this prediction. Technical state is mixed, with price not fully aligned across the major moving averages. RSI is in a steady zone near 51.0. MACD remains on the bearish side. Volatility is elevated at roughly 64.4%. No recent matched news was found for this ticker/date. Relative strength versus the benchmark looked weak. 1-month excess return 1.48%; 3-month excess return -14.50%; 6-month excess return -44.72%."
2025-06-27,KSS,6.8720486518558666,1.5745828679266793,,hit,linear_regression,target_5d_return,"Technical state is mixed, with price not fully aligned across the major moving averages. RSI is in a steady zone near 52.4. MACD remains on the bearish side. Volatility is elevated at roughly 64.4%.",No recent matched news was found for this ticker/date.,Relative strength versus the benchmark looked weak. 1-month excess return -0.75%; 3-month excess return -10.75%; 6-month excess return -44.55%.,"Model view: the forward return estimate was mildly positive at about 1.57%. Confidence was not explicitly available for this prediction. Technical state is mixed, with price not fully aligned across the major moving averages. RSI is in a steady zone near 52.4. MACD remains on the bearish side. Volatility is elevated at roughly 64.4%. No recent matched news was found for this ticker/date. Relative strength versus the benchmark looked weak. 1-month excess return -0.75%; 3-month excess return -10.75%; 6-month excess return -44.55%."
2025-06-30,KSS,7.075476578522255,6.078156649888618,,hit,linear_regression,target_5d_return,"Technical state is mixed, with price not fully aligned across the major moving averages. RSI is in a steady zone near 52.9. MACD remains on the bearish side. Volatility is elevated at roughly 64.3%.",No recent matched news was found for this ticker/date.,Relative strength versus the benchmark looked weak. 1-month excess return 0.73%; 3-month excess return -11.09%; 6-month excess return -43.82%.,"Model view: the forward return estimate was mildly positive at about 6.08%. Confidence was not explicitly available for this prediction. Technical state is mixed, with price not fully aligned across the major moving averages. RSI is in a steady zone near 52.9. MACD remains on the bearish side. Volatility is elevated at roughly 64.3%. No recent matched news was found for this ticker/date. Relative strength versus the benchmark looked weak. 1-month excess return 0.73%; 3-month excess return -11.09%; 6-month excess return -43.82%."
2025-07-01,KSS,2.074241672736443,3.3051438641006983,,hit,linear_regression,target_5d_return,"Technical state is mixed, with price not fully aligned across the major moving averages. RSI is in a steady zone near 61.0. MACD remains on the bullish side. Volatility is elevated at roughly 69.9%.",No recent matched news was found for this ticker/date.,Relative strength versus the benchmark looked mixed. 1-month excess return 7.87%; 3-month excess return 1.50%; 6-month excess return -41.02%.,"Model view: the forward return estimate was mildly positive at about 3.31%. Confidence was not explicitly available for this prediction. Technical state is mixed, with price not fully aligned across the major moving averages. RSI is in a steady zone near 61.0. MACD remains on the bullish side. Volatility is elevated at roughly 69.9%. No recent matched news was found for this ticker/date. Relative strength versus the benchmark looked mixed. 1-month excess return 7.87%; 3-month excess return 1.50%; 6-month excess return -41.02%."
2025-07-02,KSS,4.891302376027773,4.267737327294212,,hit,linear_regression,target_5d_return,"Technical state is mixed, with price not fully aligned across the major moving averages. RSI is in a steady zone near 61.4. MACD remains on the bullish side. Volatility is elevated at roughly 69.6%.",No recent matched news was found for this ticker/date.,Relative strength versus the benchmark looked mixed. 1-month excess return 8.09%; 3-month excess return 0.82%; 6-month excess return -40.18%.,"Model view: the forward return estimate was mildly positive at about 4.27%. Confidence was not explicitly available for this prediction. Technical state is mixed, with price not fully aligned across the major moving averages. RSI is in a steady zone near 61.4. MACD remains on the bullish side. Volatility is elevated at roughly 69.6%. No recent matched news was found for this ticker/date. Relative strength versus the benchmark looked mixed. 1-month excess return 8.09%; 3-month excess return 0.82%; 6-month excess return -40.18%."
2025-07-03,KSS,3.1249996788542678,4.015661504646451,,hit,linear_regression,target_5d_return,"Technical state is mixed, with price not fully aligned across the major moving averages. RSI is in a steady zone near 62.3. MACD remains on the bullish side. Volatility is elevated at roughly 68.4%.",No recent matched news was found for this ticker/date.,Relative strength versus the benchmark looked weak. 1-month excess return 5.91%; 3-month excess return -2.94%; 6-month excess return -39.37%.,"Model view: the forward return estimate was mildly positive at about 4.02%. Confidence was not explicitly available for this prediction. Technical state is mixed, with price not fully aligned across the major moving averages. RSI is in a steady zone near 62.3. MACD remains on the bullish side. Volatility is elevated at roughly 68.4%. No recent matched news was found for this ticker/date. Relative strength versus the benchmark looked weak. 1-month excess return 5.91%; 3-month excess return -2.94%; 6-month excess return -39.37%."
2025-07-07,KSS,7.649662365475884,7.783037407055387,,hit,linear_regression,target_5d_return,"Technical state is mixed, with price not fully aligned across the major moving averages. RSI is in a steady zone near 57.7. MACD remains on the bullish side. Volatility is elevated at roughly 67.2%.",No recent matched news was found for this ticker/date.,Relative strength versus the benchmark looked mixed. 1-month excess return 6.75%; 3-month excess return 20.37%; 6-month excess return -41.66%.,"Model view: the forward return estimate was mildly positive at about 7.78%. Confidence was not explicitly available for this prediction. Technical state is mixed, with price not fully aligned across the major moving averages. RSI is in a steady zone near 57.7. MACD remains on the bullish side. Volatility is elevated at roughly 67.2%. No recent matched news was found for this ticker/date. Relative strength versus the benchmark looked mixed. 1-month excess return 6.75%; 3-month excess return 20.37%; 6-month excess return -41.66%."
2025-07-08,KSS,2.0925169124898835,8.308532954302079,,hit,linear_regression,target_5d_return,"Technical state is mixed, with price not fully aligned across the major moving averages. RSI is in a steady zone near 58.5. MACD remains on the bullish side. Volatility is elevated at roughly 66.9%.",No recent matched news was found for this ticker/date.,Relative strength versus the benchmark looked mixed. 1-month excess return 1.34%; 3-month excess return 4.15%; 6-month excess return -41.38%.,"Model view: the forward return estimate was mildly positive at about 8.31%. Confidence was not explicitly available for this prediction. Technical state is mixed, with price not fully aligned across the major moving averages. RSI is in a steady zone near 58.5. MACD remains on the bullish side. Volatility is elevated at roughly 66.9%. No recent matched news was found for this ticker/date. Relative strength versus the benchmark looked mixed. 1-month excess return 1.34%; 3-month excess return 4.15%; 6-month excess return -41.38%."
2025-07-09,KSS,0.42780706118794587,9.020511640044075,,hit,linear_regression,target_5d_return,"Technical state is mixed, with price not fully aligned across the major moving averages. RSI is in a steady zone near 61.8. MACD remains on the bullish side. Volatility is elevated at roughly 66.9%.",No recent matched news was found for this ticker/date.,Relative strength versus the benchmark looked mixed. 1-month excess return 2.69%; 3-month excess return 13.56%; 6-month excess return -39.15%.,"Model view: the forward return estimate was mildly positive at about 9.02%. Confidence was not explicitly available for this prediction. Technical state is mixed, with price not fully aligned across the major moving averages. RSI is in a steady zone near 61.8. MACD remains on the bullish side. Volatility is elevated at roughly 66.9%. No recent matched news was found for this ticker/date. Relative strength versus the benchmark looked mixed. 1-month excess return 2.69%; 3-month excess return 13.56%; 6-month excess return -39.15%."
2025-07-10,KSS,-0.2072487552326141,8.378322250114449,,miss,linear_regression,target_5d_return,"Technical state is mixed, with price not fully aligned across the major moving averages. MACD remains on the bullish side. Volatility is elevated at roughly 66.1%.",No recent matched news was found for this ticker/date.,Relative strength versus the benchmark looked mixed. 1-month excess return 2.74%; 3-month excess return 30.19%; 6-month excess return -36.13%.,"Model view: the forward return estimate was mildly positive at about 8.38%. Confidence was not explicitly available for this prediction. Technical state is mixed, with price not fully aligned across the major moving averages. MACD remains on the bullish side. Volatility is elevated at roughly 66.1%. No recent matched news was found for this ticker/date. Relative strength versus the benchmark looked mixed. 1-month excess return 2.74%; 3-month excess return 30.19%; 6-month excess return -36.13%."
2025-07-11,KSS,0.10449560293344096,5.772218856288354,,hit,linear_regression,target_5d_return,"Technical state is mixed, with price not fully aligned across the major moving averages. RSI is in a steady zone near 63.6. MACD remains on the bullish side. Volatility is elevated at roughly 61.2%.",No recent matched news was found for this ticker/date.,Relative strength versus the benchmark looked weak. 1-month excess return -1.59%; 3-month excess return 8.47%; 6-month excess return -36.63%.,"Model view: the forward return estimate was mildly positive at about 5.77%. Confidence was not explicitly available for this prediction. Technical state is mixed, with price not fully aligned across the major moving averages. RSI is in a steady zone near 63.6. MACD remains on the bullish side. Volatility is elevated at roughly 61.2%. No recent matched news was found for this ticker/date. Relative strength versus the benchmark looked weak. 1-month excess return -1.59%; 3-month excess return 8.47%; 6-month excess return -36.63%."
2025-07-14,KSS,7.312049797710052,6.759412940953466,,hit,linear_regression,target_5d_return,"Technical state is mixed, with price not fully aligned across the major moving averages. MACD remains on the bullish side. Volatility is elevated at roughly 61.1%.",No recent matched news was found for this ticker/date.,Relative strength versus the benchmark looked mixed. 1-month excess return 6.71%; 3-month excess return 22.81%; 6-month excess return -33.96%.,"Model view: the forward return estimate was mildly positive at about 6.76%. Confidence was not explicitly available for this prediction. Technical state is mixed, with price not fully aligned across the major moving averages. MACD remains on the bullish side. Volatility is elevated at roughly 61.1%. No recent matched news was found for this ticker/date. Relative strength versus the benchmark looked mixed. 1-month excess return 6.71%; 3-month excess return 22.81%; 6-month excess return -33.96%."
2025-07-15,KSS,54.692550641441116,9.051587736287471,,hit,linear_regression,target_5d_return,"Technical state is mixed, with price not fully aligned across the major moving averages. RSI is in a steady zone near 56.7. MACD remains on the bullish side. Volatility is elevated at roughly 57.8%.",No recent matched news was found for this ticker/date.,Relative strength versus the benchmark looked mixed. 1-month excess return 3.26%; 3-month excess return 21.37%; 6-month excess return -39.35%.,"Model view: the forward return estimate was mildly positive at about 9.05%. Confidence was not explicitly available for this prediction. Technical state is mixed, with price not fully aligned across the major moving averages. RSI is in a steady zone near 56.7. MACD remains on the bullish side. Volatility is elevated at roughly 57.8%. No recent matched news was found for this ticker/date. Relative strength versus the benchmark looked mixed. 1-month excess return 3.26%; 3-month excess return 21.37%; 6-month excess return -39.35%."
2025-07-16,KSS,30.99041257736923,8.00273480941584,,hit,linear_regression,target_5d_return,"Technical state is mixed, with price not fully aligned across the major moving averages. RSI is in a steady zone near 58.3. MACD remains on the bullish side. Volatility is elevated at roughly 46.4%.",No recent matched news was found for this ticker/date.,Relative strength versus the benchmark looked mixed. 1-month excess return 11.09%; 3-month excess return 28.44%; 6-month excess return -35.32%.,"Model view: the forward return estimate was mildly positive at about 8.00%. Confidence was not explicitly available for this prediction. Technical state is mixed, with price not fully aligned across the major moving averages. RSI is in a steady zone near 58.3. MACD remains on the bullish side. Volatility is elevated at roughly 46.4%. No recent matched news was found for this ticker/date. Relative strength versus the benchmark looked mixed. 1-month excess return 11.09%; 3-month excess return 28.44%; 6-month excess return -35.32%."
2025-07-17,KSS,41.53686347315506,8.987380621952267,,hit,linear_regression,target_5d_return,"Technical state is mixed, with price not fully aligned across the major moving averages. RSI is in a steady zone near 61.4. MACD remains on the bullish side. Volatility is elevated at roughly 42.3%.",No recent matched news was found for this ticker/date.,Relative strength versus the benchmark looked mixed. 1-month excess return 3.67%; 3-month excess return 37.02%; 6-month excess return -32.00%.,"Model view: the forward return estimate was mildly positive at about 8.99%. Confidence was not explicitly available for this prediction. Technical state is mixed, with price not fully aligned across the major moving averages. RSI is in a steady zone near 61.4. MACD remains on the bullish side. Volatility is elevated at roughly 42.3%. No recent matched news was found for this ticker/date. Relative strength versus the benchmark looked mixed. 1-month excess return 3.67%; 3-month excess return 37.02%; 6-month excess return -32.00%."
2025-07-18,KSS,33.50730755439477,9.90683398737164,,hit,linear_regression,target_5d_return,"Technical state is mixed, with price not fully aligned across the major moving averages. RSI is in a steady zone near 60.4. MACD remains on the bullish side. Volatility is elevated at roughly 41.6%.",No recent matched news was found for this ticker/date.,Relative strength versus the benchmark looked mixed. 1-month excess return 8.09%; 3-month excess return 36.89%; 6-month excess return -31.12%.,"Model view: the forward return estimate was mildly positive at about 9.91%. Confidence was not explicitly available for this prediction. Technical state is mixed, with price not fully aligned across the major moving averages. RSI is in a steady zone near 60.4. MACD remains on the bullish side. Volatility is elevated at roughly 41.6%. No recent matched news was found for this ticker/date. Relative strength versus the benchmark looked mixed. 1-month excess return 8.09%; 3-month excess return 36.89%; 6-month excess return -31.12%."
2025-07-21,KSS,23.12859721464866,6.588914607654116,,hit,linear_regression,target_5d_return,"Technical state is mixed, with price not fully aligned across the major moving averages. MACD remains on the bullish side. Volatility is elevated at roughly 49.8%.",No recent matched news was found for this ticker/date.,Relative strength versus the benchmark looked mixed. 1-month excess return 20.01%; 3-month excess return 41.37%; 6-month excess return -25.10%.,"Model view: the forward return estimate was mildly positive at about 6.59%. Confidence was not explicitly available for this prediction. Technical state is mixed, with price not fully aligned across the major moving averages. MACD remains on the bullish side. Volatility is elevated at roughly 49.8%. No recent matched news was found for this ticker/date. Relative strength versus the benchmark looked mixed. 1-month excess return 20.01%; 3-month excess return 41.37%; 6-month excess return -25.10%."
2025-07-22,KSS,-18.479780641608667,-28.056926654333378,,hit,linear_regression,target_5d_return,"Technical state is constructive, with price above the 50-day and 200-day averages. RSI is elevated near 85.7, so chasing strength may add risk. MACD remains on the bullish side. Volatility is elevated at roughly 137.5%.",No recent matched news was found for this ticker/date.,Relative strength versus the benchmark looked favorable. 1-month excess return 68.72%; 3-month excess return 81.92%; 6-month excess return 5.12%.,"Model view: the forward return estimate was mildly negative at about -28.06%. Confidence was not explicitly available for this prediction. Technical state is constructive, with price above the 50-day and 200-day averages. RSI is elevated near 85.7, so chasing strength may add risk. MACD remains on the bullish side. Volatility is elevated at roughly 137.5%. No recent matched news was found for this ticker/date. Relative strength versus the benchmark looked favorable. 1-month excess return 68.72%; 3-month excess return 81.92%; 6-month excess return 5.12%."
2025-07-23,KSS,-7.560977973612681,-1.4368086221013825,,hit,linear_regression,target_5d_return,"Technical state is constructive, with price above the 50-day and 200-day averages. MACD remains on the bullish side. Volatility is elevated at roughly 150.8%.",No recent matched news was found for this ticker/date.,Relative strength versus the benchmark looked mixed. 1-month excess return 46.52%; 3-month excess return 61.60%; 6-month excess return -11.94%.,"Model view: the forward return estimate was mildly negative at about -1.44%. Confidence was not explicitly available for this prediction. Technical state is constructive, with price above the 50-day and 200-day averages. MACD remains on the bullish side. Volatility is elevated at roughly 150.8%. No recent matched news was found for this ticker/date. Relative strength versus the benchmark looked mixed. 1-month excess return 46.52%; 3-month excess return 61.60%; 6-month excess return -11.94%."
2025-07-24,KSS,-20.469552006071044,-5.755824494805411,,hit,linear_regression,target_5d_return,"Technical state is constructive, with price above the 50-day and 200-day averages. RSI is elevated near 70.7, so chasing strength may add risk. MACD remains on the bullish side. Volatility is elevated at roughly 152.9%.",No recent matched news was found for this ticker/date.,Relative strength versus the benchmark looked mixed. 1-month excess return 61.56%; 3-month excess return 84.60%; 6-month excess return -2.66%.,"Model view: the forward return estimate was mildly negative at about -5.76%. Confidence was not explicitly available for this prediction. Technical state is constructive, with price above the 50-day and 200-day averages. RSI is elevated near 70.7, so chasing strength may add risk. MACD remains on the bullish side. Volatility is elevated at roughly 152.9%. No recent matched news was found for this ticker/date. Relative strength versus the benchmark looked mixed. 1-month excess return 61.56%; 3-month excess return 84.60%; 6-month excess return -2.66%."
2025-07-25,KSS,-16.10633640156981,-1.5556870651790589,,hit,linear_regression,target_5d_return,"Technical state is constructive, with price above the 50-day and 200-day averages. RSI is in a steady zone near 64.6. MACD remains on the bullish side. Volatility is elevated at roughly 156.4%.",No recent matched news was found for this ticker/date.,Relative strength versus the benchmark looked mixed. 1-month excess return 53.09%; 3-month excess return 65.38%; 6-month excess return -11.35%.,"Model view: the forward return estimate was mildly negative at about -1.56%. Confidence was not explicitly available for this prediction. Technical state is constructive, with price above the 50-day and 200-day averages. RSI is in a steady zone near 64.6. MACD remains on the bullish side. Volatility is elevated at roughly 156.4%. No recent matched news was found for this ticker/date. Relative strength versus the benchmark looked mixed. 1-month excess return 53.09%; 3-month excess return 65.38%; 6-month excess return -11.35%."
2025-07-28,KSS,-11.22369126224706,-0.3663238761826917,,hit,linear_regression,target_5d_return,"Technical state is constructive, with price above the 50-day and 200-day averages. RSI is in a steady zone near 64.8. MACD remains on the bullish side. Volatility is elevated at roughly 156.5%.",No recent matched news was found for this ticker/date.,Relative strength versus the benchmark looked mixed. 1-month excess return 50.25%; 3-month excess return 66.05%; 6-month excess return -10.39%.,"Model view: the forward return estimate was mildly negative at about -0.37%. Confidence was not explicitly available for this prediction. Technical state is constructive, with price above the 50-day and 200-day averages. RSI is in a steady zone near 64.8. MACD remains on the bullish side. Volatility is elevated at roughly 156.5%. No recent matched news was found for this ticker/date. Relative strength versus the benchmark looked mixed. 1-month excess return 50.25%; 3-month excess return 66.05%; 6-month excess return -10.39%."
2025-07-29,KSS,-1.6253172558032825,6.4722046350322255,,miss,linear_regression,target_5d_return,"Technical state is mixed, with price not fully aligned across the major moving averages. RSI is in a steady zone near 57.0. MACD remains on the bullish side. Volatility is elevated at roughly 161.6%.",No recent matched news was found for this ticker/date.,Relative strength versus the benchmark looked mixed. 1-month excess return 35.51%; 3-month excess return 52.18%; 6-month excess return -19.66%.,"Model view: the forward return estimate was mildly positive at about 6.47%. Confidence was not explicitly available for this prediction. Technical state is mixed, with price not fully aligned across the major moving averages. RSI is in a steady zone near 57.0. MACD remains on the bullish side. Volatility is elevated at roughly 161.6%. No recent matched news was found for this ticker/date. Relative strength versus the benchmark looked mixed. 1-month excess return 35.51%; 3-month excess return 52.18%; 6-month excess return -19.66%."
2025-07-30,KSS,3.3421294482469888,4.159837388546945,,hit,linear_regression,target_5d_return,"Technical state is mixed, with price not fully aligned across the major moving averages. RSI is in a steady zone near 55.1. MACD remains on the bullish side. Volatility is elevated at roughly 160.8%.",No recent matched news was found for this ticker/date.,Relative strength versus the benchmark looked mixed. 1-month excess return 31.41%; 3-month excess return 52.25%; 6-month excess return -21.07%.,"Model view: the forward return estimate was mildly positive at about 4.16%. Confidence was not explicitly available for this prediction. Technical state is mixed, with price not fully aligned across the major moving averages. RSI is in a steady zone near 55.1. MACD remains on the bullish side. Volatility is elevated at roughly 160.8%. No recent matched news was found for this ticker/date. Relative strength versus the benchmark looked mixed. 1-month excess return 31.41%; 3-month excess return 52.25%; 6-month excess return -21.07%."
2025-07-31,KSS,4.1512896949333244,6.330093233805796,,hit,linear_regression,target_5d_return,"Technical state is mixed, with price not fully aligned across the major moving averages. RSI is in a steady zone near 51.8. MACD remains on the bearish side. Volatility is elevated at roughly 162.3%.",No recent matched news was found for this ticker/date.,Relative strength versus the benchmark looked mixed. 1-month excess return 16.01%; 3-month excess return 47.81%; 6-month excess return -22.87%.,"Model view: the forward return estimate was mildly positive at about 6.33%. Confidence was not explicitly available for this prediction. Technical state is mixed, with price not fully aligned across the major moving averages. RSI is in a steady zone near 51.8. MACD remains on the bearish side. Volatility is elevated at roughly 162.3%. No recent matched news was found for this ticker/date. Relative strength versus the benchmark looked mixed. 1-month excess return 16.01%; 3-month excess return 47.81%; 6-month excess return -22.87%."
2025-08-01,KSS,3.6346725066259467,3.9759678216742866,,hit,linear_regression,target_5d_return,"Technical state is mixed, with price not fully aligned across the major moving averages. RSI is in a steady zone near 51.2. MACD remains on the bearish side. Volatility is elevated at roughly 162.5%.",No recent matched news was found for this ticker/date.,Relative strength versus the benchmark looked mixed. 1-month excess return 16.43%; 3-month excess return 37.50%; 6-month excess return -22.83%.,"Model view: the forward return estimate was mildly positive at about 3.98%. Confidence was not explicitly available for this prediction. Technical state is mixed, with price not fully aligned across the major moving averages. RSI is in a steady zone near 51.2. MACD remains on the bearish side. Volatility is elevated at roughly 162.5%. No recent matched news was found for this ticker/date. Relative strength versus the benchmark looked mixed. 1-month excess return 16.43%; 3-month excess return 37.50%; 6-month excess return -22.83%."
2025-08-04,KSS,7.1992947331641854,2.401782182775007,,hit,linear_regression,target_5d_return,"Technical state is mixed, with price not fully aligned across the major moving averages. RSI is in a steady zone near 54.9. MACD remains on the bearish side. Volatility is elevated at roughly 162.7%.",No recent matched news was found for this ticker/date.,Relative strength versus the benchmark looked mixed. 1-month excess return 21.88%; 3-month excess return 40.45%; 6-month excess return -18.62%.,"Model view: the forward return estimate was mildly positive at about 2.40%. Confidence was not explicitly available for this prediction. Technical state is mixed, with price not fully aligned across the major moving averages. RSI is in a steady zone near 54.9. MACD remains on the bearish side. Volatility is elevated at roughly 162.7%. No recent matched news was found for this ticker/date. Relative strength versus the benchmark looked mixed. 1-month excess return 21.88%; 3-month excess return 40.45%; 6-month excess return -18.62%."
2025-08-05,KSS,11.565216727878735,2.1476372352803126,,hit,linear_regression,target_5d_return,"Technical state is mixed, with price not fully aligned across the major moving averages. RSI is in a steady zone near 55.5. MACD remains on the bearish side. Volatility is elevated at roughly 162.7%.",No recent matched news was found for this ticker/date.,Relative strength versus the benchmark looked mixed. 1-month excess return 26.31%; 3-month excess return 51.43%; 6-month excess return -16.43%.,"Model view: the forward return estimate was mildly positive at about 2.15%. Confidence was not explicitly available for this prediction. Technical state is mixed, with price not fully aligned across the major moving averages. RSI is in a steady zone near 55.5. MACD remains on the bearish side. Volatility is elevated at roughly 162.7%. No recent matched news was found for this ticker/date. Relative strength versus the benchmark looked mixed. 1-month excess return 26.31%; 3-month excess return 51.43%; 6-month excess return -16.43%."
2025-08-06,KSS,19.14893617021276,1.8456398903504962,,hit,linear_regression,target_5d_return,"Technical state is constructive, with price above the 50-day and 200-day averages. RSI is in a steady zone near 57.0. MACD remains on the bearish side. Volatility is elevated at roughly 162.6%.",No recent matched news was found for this ticker/date.,Relative strength versus the benchmark looked mixed. 1-month excess return 27.40%; 3-month excess return 66.96%; 6-month excess return -16.23%.,"Model view: the forward return estimate was mildly positive at about 1.85%. Confidence was not explicitly available for this prediction. Technical state is constructive, with price above the 50-day and 200-day averages. RSI is in a steady zone near 57.0. MACD remains on the bearish side. Volatility is elevated at roughly 162.6%. No recent matched news was found for this ticker/date. Relative strength versus the benchmark looked mixed. 1-month excess return 27.40%; 3-month excess return 66.96%; 6-month excess return -16.23%."
2025-08-07,KSS,28.077945854781493,3.5814190549536686,,hit,linear_regression,target_5d_return,"Technical state is mixed, with price not fully aligned across the major moving averages. RSI is in a steady zone near 53.6. MACD remains on the bearish side. Volatility is elevated at roughly 163.6%.",No recent matched news was found for this ticker/date.,Relative strength versus the benchmark looked mixed. 1-month excess return 19.41%; 3-month excess return 60.48%; 6-month excess return -17.71%.,"Model view: the forward return estimate was mildly positive at about 3.58%. Confidence was not explicitly available for this prediction. Technical state is mixed, with price not fully aligned across the major moving averages. RSI is in a steady zone near 53.6. MACD remains on the bearish side. Volatility is elevated at roughly 163.6%. No recent matched news was found for this ticker/date. Relative strength versus the benchmark looked mixed. 1-month excess return 19.41%; 3-month excess return 60.48%; 6-month excess return -17.71%."
2025-08-08,KSS,23.83094064277822,3.4117316808718936,,hit,linear_regression,target_5d_return,"Technical state is mixed, with price not fully aligned across the major moving averages. RSI is in a steady zone near 52.3. MACD remains on the bearish side. Volatility is elevated at roughly 163.8%.",No recent matched news was found for this ticker/date.,Relative strength versus the benchmark looked mixed. 1-month excess return 13.42%; 3-month excess return 44.72%; 6-month excess return -17.90%.,"Model view: the forward return estimate was mildly positive at about 3.41%. Confidence was not explicitly available for this prediction. Technical state is mixed, with price not fully aligned across the major moving averages. RSI is in a steady zone near 52.3. MACD remains on the bearish side. Volatility is elevated at roughly 163.8%. No recent matched news was found for this ticker/date. Relative strength versus the benchmark looked mixed. 1-month excess return 13.42%; 3-month excess return 44.72%; 6-month excess return -17.90%."
2025-08-11,KSS,11.711714174513643,1.022603609405762,,hit,linear_regression,target_5d_return,"Technical state is constructive, with price above the 50-day and 200-day averages. RSI is in a steady zone near 58.9. MACD remains on the bearish side. Volatility is elevated at roughly 166.6%.",No recent matched news was found for this ticker/date.,Relative strength versus the benchmark looked mixed. 1-month excess return 25.61%; 3-month excess return 69.26%; 6-month excess return -4.78%.,"Model view: the forward return estimate was mildly positive at about 1.02%. Confidence was not explicitly available for this prediction. Technical state is constructive, with price above the 50-day and 200-day averages. RSI is in a steady zone near 58.9. MACD remains on the bearish side. Volatility is elevated at roughly 166.6%. No recent matched news was found for this ticker/date. Relative strength versus the benchmark looked mixed. 1-month excess return 25.61%; 3-month excess return 69.26%; 6-month excess return -4.78%."
2025-08-12,KSS,6.391268119254634,0.9328365109012733,,hit,linear_regression,target_5d_return,"Technical state is constructive, with price above the 50-day and 200-day averages. RSI is in a steady zone near 62.1. MACD remains on the bearish side. Volatility is elevated at roughly 165.4%.",No recent matched news was found for this ticker/date.,Relative strength versus the benchmark looked favorable. 1-month excess return 29.27%; 3-month excess return 59.25%; 6-month excess return 2.41%.,"Model view: the forward return estimate was mildly positive at about 0.93%. Confidence was not explicitly available for this prediction. Technical state is constructive, with price above the 50-day and 200-day averages. RSI is in a steady zone near 62.1. MACD remains on the bearish side. Volatility is elevated at roughly 165.4%. No recent matched news was found for this ticker/date. Relative strength versus the benchmark looked favorable. 1-month excess return 29.27%; 3-month excess return 59.25%; 6-month excess return 2.41%."
2025-08-13,KSS,-4.714284624372212,-1.6072604489675602,,hit,linear_regression,target_5d_return,"Technical state is constructive, with price above the 50-day and 200-day averages. MACD remains on the bullish side. Volatility is elevated at roughly 167.2%.",No recent matched news was found for this ticker/date.,Relative strength versus the benchmark looked favorable. 1-month excess return 47.36%; 3-month excess return 63.80%; 6-month excess return 12.34%.,"Model view: the forward return estimate was mildly negative at about -1.61%. Confidence was not explicitly available for this prediction. Technical state is constructive, with price above the 50-day and 200-day averages. MACD remains on the bullish side. Volatility is elevated at roughly 167.2%. No recent matched news was found for this ticker/date. Relative strength versus the benchmark looked favorable. 1-month excess return 47.36%; 3-month excess return 63.80%; 6-month excess return 12.34%."
2025-08-14,KSS,-7.883819780880463,-1.939602572476696,,hit,linear_regression,target_5d_return,"Technical state is constructive, with price above the 50-day and 200-day averages. MACD remains on the bullish side. Volatility is elevated at roughly 167.2%.",No recent matched news was found for this ticker/date.,Relative strength versus the benchmark looked favorable. 1-month excess return 50.66%; 3-month excess return 68.53%; 6-month excess return 17.58%.,"Model view: the forward return estimate was mildly negative at about -1.94%. Confidence was not explicitly available for this prediction. Technical state is constructive, with price above the 50-day and 200-day averages. MACD remains on the bullish side. Volatility is elevated at roughly 167.2%. No recent matched news was found for this ticker/date. Relative strength versus the benchmark looked favorable. 1-month excess return 50.66%; 3-month excess return 68.53%; 6-month excess return 17.58%."
2025-08-15,KSS,0.8714588349299834,0.07799374441106544,,hit,linear_regression,target_5d_return,"Technical state is constructive, with price above the 50-day and 200-day averages. RSI is in a steady zone near 63.5. MACD remains on the bullish side. Volatility is elevated at roughly 168.9%.",No recent matched news was found for this ticker/date.,Relative strength versus the benchmark looked favorable. 1-month excess return 40.50%; 3-month excess return 55.52%; 6-month excess return 10.59%.,"Model view: the forward return estimate was mildly positive at about 0.08%. Confidence was not explicitly available for this prediction. Technical state is constructive, with price above the 50-day and 200-day averages. RSI is in a steady zone near 63.5. MACD remains on the bullish side. Volatility is elevated at roughly 168.9%. No recent matched news was found for this ticker/date. Relative strength versus the benchmark looked favorable. 1-month excess return 40.50%; 3-month excess return 55.52%; 6-month excess return 10.59%."
2025-08-18,KSS,2.272723300143742,0.8696939700361721,,hit,linear_regression,target_5d_return,"Technical state is constructive, with price above the 50-day and 200-day averages. RSI is in a steady zone near 62.5. MACD remains on the bullish side. Volatility is elevated at roughly 167.5%.",No recent matched news was found for this ticker/date.,Relative strength versus the benchmark looked favorable. 1-month excess return 39.88%; 3-month excess return 51.09%; 6-month excess return 10.91%.,"Model view: the forward return estimate was mildly positive at about 0.87%. Confidence was not explicitly available for this prediction. Technical state is constructive, with price above the 50-day and 200-day averages. RSI is in a steady zone near 62.5. MACD remains on the bullish side. Volatility is elevated at roughly 167.5%. No recent matched news was found for this ticker/date. Relative strength versus the benchmark looked favorable. 1-month excess return 39.88%; 3-month excess return 51.09%; 6-month excess return 10.91%."
2025-08-19,KSS,-4.468862078568514,3.6016899815197174,,miss,linear_regression,target_5d_return,"Technical state is constructive, with price above the 50-day and 200-day averages. RSI is in a steady zone near 62.5. MACD remains on the bullish side. Volatility is elevated at roughly 100.9%.",No recent matched news was found for this ticker/date.,Relative strength versus the benchmark looked favorable. 1-month excess return 29.24%; 3-month excess return 54.18%; 6-month excess return 10.99%.,"Model view: the forward return estimate was mildly positive at about 3.60%. Confidence was not explicitly available for this prediction. Technical state is constructive, with price above the 50-day and 200-day averages. RSI is in a steady zone near 62.5. MACD remains on the bullish side. Volatility is elevated at roughly 100.9%. No recent matched news was found for this ticker/date. Relative strength versus the benchmark looked favorable. 1-month excess return 29.24%; 3-month excess return 54.18%; 6-month excess return 10.99%."
2025-08-20,KSS,21.214391989021443,6.313500284366254,,hit,linear_regression,target_5d_return,"Technical state is constructive, with price above the 50-day and 200-day averages. RSI is in a steady zone near 59.8. MACD remains on the bullish side. Volatility is elevated at roughly 86.5%.",No recent matched news was found for this ticker/date.,Relative strength versus the benchmark looked mixed. 1-month excess return -8.47%; 3-month excess return 53.07%; 6-month excess return 10.15%.,"Model view: the forward return estimate was mildly positive at about 6.31%. Confidence was not explicitly available for this prediction. Technical state is constructive, with price above the 50-day and 200-day averages. RSI is in a steady zone near 59.8. MACD remains on the bullish side. Volatility is elevated at roughly 86.5%. No recent matched news was found for this ticker/date. Relative strength versus the benchmark looked mixed. 1-month excess return -8.47%; 3-month excess return 53.07%; 6-month excess return 10.15%."
2025-08-21,KSS,15.390392174944534,7.860639357847338,,hit,linear_regression,target_5d_return,"Technical state is constructive, with price above the 50-day and 200-day averages. RSI is in a steady zone near 59.6. MACD remains on the bullish side. Volatility is elevated at roughly 77.5%.",No recent matched news was found for this ticker/date.,Relative strength versus the benchmark looked favorable. 1-month excess return 8.05%; 3-month excess return 61.50%; 6-month excess return 6.91%.,"Model view: the forward return estimate was mildly positive at about 7.86%. Confidence was not explicitly available for this prediction. Technical state is constructive, with price above the 50-day and 200-day averages. RSI is in a steady zone near 59.6. MACD remains on the bullish side. Volatility is elevated at roughly 77.5%. No recent matched news was found for this ticker/date. Relative strength versus the benchmark looked favorable. 1-month excess return 8.05%; 3-month excess return 61.50%; 6-month excess return 6.91%."
2025-08-22,KSS,8.423326474980186,5.860910777948112,,hit,linear_regression,target_5d_return,"Technical state is constructive, with price above the 50-day and 200-day averages. RSI is in a steady zone near 63.0. MACD remains on the bullish side. Volatility is elevated at roughly 75.3%.",No recent matched news was found for this ticker/date.,Relative strength versus the benchmark looked favorable. 1-month excess return 0.20%; 3-month excess return 60.60%; 6-month excess return 8.14%.,"Model view: the forward return estimate was mildly positive at about 5.86%. Confidence was not explicitly available for this prediction. Technical state is constructive, with price above the 50-day and 200-day averages. RSI is in a steady zone near 63.0. MACD remains on the bullish side. Volatility is elevated at roughly 75.3%. No recent matched news was found for this ticker/date. Relative strength versus the benchmark looked favorable. 1-month excess return 0.20%; 3-month excess return 60.60%; 6-month excess return 8.14%."
2025-08-25,KSS,15.627235708301445,5.821490477306417,,hit,linear_regression,target_5d_return,"Technical state is constructive, with price above the 50-day and 200-day averages. RSI is in a steady zone near 63.4. MACD remains on the bullish side. Volatility is elevated at roughly 75.3%.",No recent matched news was found for this ticker/date.,Relative strength versus the benchmark looked favorable. 1-month excess return 8.20%; 3-month excess return 75.55%; 6-month excess return 6.12%.,"Model view: the forward return estimate was mildly positive at about 5.82%. Confidence was not explicitly available for this prediction. Technical state is constructive, with price above the 50-day and 200-day averages. RSI is in a steady zone near 63.4. MACD remains on the bullish side. Volatility is elevated at roughly 75.3%. No recent matched news was found for this ticker/date. Relative strength versus the benchmark looked favorable. 1-month excess return 8.20%; 3-month excess return 75.55%; 6-month excess return 6.12%."
2025-08-26,KSS,21.54908303555998,8.31948696940597,,hit,linear_regression,target_5d_return,"Technical state is constructive, with price above the 50-day and 200-day averages. RSI is in a steady zone near 54.9. MACD remains on the bearish side. Volatility is elevated at roughly 71.8%.",No recent matched news was found for this ticker/date.,Relative strength versus the benchmark looked mixed. 1-month excess return 0.34%; 3-month excess return 55.70%; 6-month excess return -0.14%.,"Model view: the forward return estimate was mildly positive at about 8.32%. Confidence was not explicitly available for this prediction. Technical state is constructive, with price above the 50-day and 200-day averages. RSI is in a steady zone near 54.9. MACD remains on the bearish side. Volatility is elevated at roughly 71.8%. No recent matched news was found for this ticker/date. Relative strength versus the benchmark looked mixed. 1-month excess return 0.34%; 3-month excess return 55.70%; 6-month excess return -0.14%."
2025-08-27,KSS,1.5460729673496543,-5.992617513944532,,miss,linear_regression,target_5d_return,"Technical state is constructive, with price above the 50-day and 200-day averages. MACD remains on the bullish side. Volatility is elevated at roughly 108.5%.",No recent matched news was found for this ticker/date.,Relative strength versus the benchmark looked favorable. 1-month excess return 36.53%; 3-month excess return 89.60%; 6-month excess return 26.60%.,"Model view: the forward return estimate was mildly negative at about -5.99%. Confidence was not explicitly available for this prediction. Technical state is constructive, with price above the 50-day and 200-day averages. MACD remains on the bullish side. Volatility is elevated at roughly 108.5%. No recent matched news was found for this ticker/date. Relative strength versus the benchmark looked favorable. 1-month excess return 36.53%; 3-month excess return 89.60%; 6-month excess return 26.60%."
2025-08-28,KSS,7.807415863370304,4.0579334472566355,,hit,linear_regression,target_5d_return,"Technical state is constructive, with price above the 50-day and 200-day averages. RSI is in a steady zone near 64.0. MACD remains on the bullish side. Volatility is elevated at roughly 108.7%.",No recent matched news was found for this ticker/date.,Relative strength versus the benchmark looked favorable. 1-month excess return 32.90%; 3-month excess return 81.18%; 6-month excess return 23.94%.,"Model view: the forward return estimate was mildly positive at about 4.06%. Confidence was not explicitly available for this prediction. Technical state is constructive, with price above the 50-day and 200-day averages. RSI is in a steady zone near 64.0. MACD remains on the bullish side. Volatility is elevated at roughly 108.7%. No recent matched news was found for this ticker/date. Relative strength versus the benchmark looked favorable. 1-month excess return 32.90%; 3-month excess return 81.18%; 6-month excess return 23.94%."
2025-08-29,KSS,10.159360493630931,4.830157944177364,,hit,linear_regression,target_5d_return,"Technical state is constructive, with price above the 50-day and 200-day averages. RSI is in a steady zone near 61.9. MACD remains on the bullish side. Volatility is elevated at roughly 109.1%.",No recent matched news was found for this ticker/date.,Relative strength versus the benchmark looked favorable. 1-month excess return 36.85%; 3-month excess return 75.77%; 6-month excess return 23.43%.,"Model view: the forward return estimate was mildly positive at about 4.83%. Confidence was not explicitly available for this prediction. Technical state is constructive, with price above the 50-day and 200-day averages. RSI is in a steady zone near 61.9. MACD remains on the bullish side. Volatility is elevated at roughly 109.1%. No recent matched news was found for this ticker/date. Relative strength versus the benchmark looked favorable. 1-month excess return 36.85%; 3-month excess return 75.77%; 6-month excess return 23.43%."
2025-09-02,KSS,3.037828294862166,1.8806663861890964,,hit,linear_regression,target_5d_return,"Technical state is constructive, with price above the 50-day and 200-day averages. MACD remains on the bullish side. Volatility is elevated at roughly 109.7%.",No recent matched news was found for this ticker/date.,Relative strength versus the benchmark looked favorable. 1-month excess return 47.31%; 3-month excess return 89.63%; 6-month excess return 32.72%.,"Model view: the forward return estimate was mildly positive at about 1.88%. Confidence was not explicitly available for this prediction. Technical state is constructive, with price above the 50-day and 200-day averages. MACD remains on the bullish side. Volatility is elevated at roughly 109.7%. No recent matched news was found for this ticker/date. Relative strength versus the benchmark looked favorable. 1-month excess return 47.31%; 3-month excess return 89.63%; 6-month excess return 32.72%."
2025-09-03,KSS,1.1987415109449895,2.2338170443721364,,hit,linear_regression,target_5d_return,"Technical state is constructive, with price above the 50-day and 200-day averages. RSI is in a steady zone near 64.1. MACD remains on the bullish side. Volatility is elevated at roughly 110.4%.",No recent matched news was found for this ticker/date.,Relative strength versus the benchmark looked favorable. 1-month excess return 37.16%; 3-month excess return 81.39%; 6-month excess return 27.85%.,"Model view: the forward return estimate was mildly positive at about 2.23%. Confidence was not explicitly available for this prediction. Technical state is constructive, with price above the 50-day and 200-day averages. RSI is in a steady zone near 64.1. MACD remains on the bullish side. Volatility is elevated at roughly 110.4%. No recent matched news was found for this ticker/date. Relative strength versus the benchmark looked favorable. 1-month excess return 37.16%; 3-month excess return 81.39%; 6-month excess return 27.85%."
2025-09-04,KSS,-1.70524168906524,4.1000714393715665,,miss,linear_regression,target_5d_return,"Technical state is constructive, with price above the 50-day and 200-day averages. MACD remains on the bullish side. Volatility is elevated at roughly 110.6%.",No recent matched news was found for this ticker/date.,Relative strength versus the benchmark looked favorable. 1-month excess return 39.45%; 3-month excess return 93.03%; 6-month excess return 33.32%.,"Model view: the forward return estimate was mildly positive at about 4.10%. Confidence was not explicitly available for this prediction. Technical state is constructive, with price above the 50-day and 200-day averages. MACD remains on the bullish side. Volatility is elevated at roughly 110.6%. No recent matched news was found for this ticker/date. Relative strength versus the benchmark looked favorable. 1-month excess return 39.45%; 3-month excess return 93.03%; 6-month excess return 33.32%."
2025-09-05,KSS,-7.664450980563686,2.103464058283924,,miss,linear_regression,target_5d_return,"Technical state is constructive, with price above the 50-day and 200-day averages. MACD remains on the bullish side. Volatility is elevated at roughly 108.5%.",No recent matched news was found for this ticker/date.,Relative strength versus the benchmark looked favorable. 1-month excess return 38.73%; 3-month excess return 84.20%; 6-month excess return 34.58%.,"Model view: the forward return estimate was mildly positive at about 2.10%. Confidence was not explicitly available for this prediction. Technical state is constructive, with price above the 50-day and 200-day averages. MACD remains on the bullish side. Volatility is elevated at roughly 108.5%. No recent matched news was found for this ticker/date. Relative strength versus the benchmark looked favorable. 1-month excess return 38.73%; 3-month excess return 84.20%; 6-month excess return 34.58%."
2025-09-08,KSS,-3.254978363837502,1.2820035261848997,,miss,linear_regression,target_5d_return,"Technical state is constructive, with price above the 50-day and 200-day averages. MACD remains on the bullish side. Volatility is elevated at roughly 108.0%.",No recent matched news was found for this ticker/date.,Relative strength versus the benchmark looked favorable. 1-month excess return 44.33%; 3-month excess return 81.28%; 6-month excess return 23.22%.,"Model view: the forward return estimate was mildly positive at about 1.28%. Confidence was not explicitly available for this prediction. Technical state is constructive, with price above the 50-day and 200-day averages. MACD remains on the bullish side. Volatility is elevated at roughly 108.0%. No recent matched news was found for this ticker/date. Relative strength versus the benchmark looked favorable. 1-month excess return 44.33%; 3-month excess return 81.28%; 6-month excess return 23.22%."
2025-09-09,KSS,0.18049806126398948,1.3701765764080331,,hit,linear_regression,target_5d_return,"Technical state is constructive, with price above the 50-day and 200-day averages. MACD remains on the bullish side. Volatility is elevated at roughly 104.4%.",No recent matched news was found for this ticker/date.,Relative strength versus the benchmark looked favorable. 1-month excess return 47.38%; 3-month excess return 75.99%; 6-month excess return 21.93%.,"Model view: the forward return estimate was mildly positive at about 1.37%. Confidence was not explicitly available for this prediction. Technical state is constructive, with price above the 50-day and 200-day averages. MACD remains on the bullish side. Volatility is elevated at roughly 104.4%. No recent matched news was found for this ticker/date. Relative strength versus the benchmark looked favorable. 1-month excess return 47.38%; 3-month excess return 75.99%; 6-month excess return 21.93%."
2025-09-10,KSS,7.481289196368901,4.569476505717324,,hit,linear_regression,target_5d_return,"Technical state is constructive, with price above the 50-day and 200-day averages. RSI is in a steady zone near 62.0. MACD remains on the bullish side. Volatility is elevated at roughly 105.1%.",No recent matched news was found for this ticker/date.,Relative strength versus the benchmark looked favorable. 1-month excess return 28.78%; 3-month excess return 62.47%; 6-month excess return 58.01%.,"Model view: the forward return estimate was mildly positive at about 4.57%. Confidence was not explicitly available for this prediction. Technical state is constructive, with price above the 50-day and 200-day averages. RSI is in a steady zone near 62.0. MACD remains on the bullish side. Volatility is elevated at roughly 105.1%. No recent matched news was found for this ticker/date. Relative strength versus the benchmark looked favorable. 1-month excess return 28.78%; 3-month excess return 62.47%; 6-month excess return 58.01%."
2025-09-11,KSS,7.68277458494484,5.869738017019193,,hit,linear_regression,target_5d_return,"Technical state is constructive, with price above the 50-day and 200-day averages. RSI is in a steady zone near 62.5. MACD remains on the bullish side. Volatility is elevated at roughly 101.0%.",No recent matched news was found for this ticker/date.,Relative strength versus the benchmark looked favorable. 1-month excess return 23.46%; 3-month excess return 74.47%; 6-month excess return 69.78%.,"Model view: the forward return estimate was mildly positive at about 5.87%. Confidence was not explicitly available for this prediction. Technical state is constructive, with price above the 50-day and 200-day averages. RSI is in a steady zone near 62.5. MACD remains on the bullish side. Volatility is elevated at roughly 101.0%. No recent matched news was found for this ticker/date. Relative strength versus the benchmark looked favorable. 1-month excess return 23.46%; 3-month excess return 74.47%; 6-month excess return 69.78%."
2025-09-12,KSS,12.810457605967084,8.397852264429906,,hit,linear_regression,target_5d_return,"Technical state is constructive, with price above the 50-day and 200-day averages. RSI is in a steady zone near 55.4. MACD remains on the bearish side. Volatility is elevated at roughly 102.8%.",No recent matched news was found for this ticker/date.,Relative strength versus the benchmark looked favorable. 1-month excess return 7.33%; 3-month excess return 66.54%; 6-month excess return 67.15%.,"Model view: the forward return estimate was mildly positive at about 8.40%. Confidence was not explicitly available for this prediction. Technical state is constructive, with price above the 50-day and 200-day averages. RSI is in a steady zone near 55.4. MACD remains on the bearish side. Volatility is elevated at roughly 102.8%. No recent matched news was found for this ticker/date. Relative strength versus the benchmark looked favorable. 1-month excess return 7.33%; 3-month excess return 66.54%; 6-month excess return 67.15%."
2025-09-15,KSS,5.233646059298702,8.832860382660732,,hit,linear_regression,target_5d_return,"Technical state is constructive, with price above the 50-day and 200-day averages. RSI is in a steady zone near 59.8. MACD remains on the bearish side. Volatility is elevated at roughly 102.0%.",No recent matched news was found for this ticker/date.,Relative strength versus the benchmark looked favorable. 1-month excess return 8.51%; 3-month excess return 86.94%; 6-month excess return 81.71%.,"Model view: the forward return estimate was mildly positive at about 8.83%. Confidence was not explicitly available for this prediction. Technical state is constructive, with price above the 50-day and 200-day averages. RSI is in a steady zone near 59.8. MACD remains on the bearish side. Volatility is elevated at roughly 102.0%. No recent matched news was found for this ticker/date. Relative strength versus the benchmark looked favorable. 1-month excess return 8.51%; 3-month excess return 86.94%; 6-month excess return 81.71%."
2025-09-16,KSS,3.783790285581068,5.547695319430153,,hit,linear_regression,target_5d_return,"Technical state is constructive, with price above the 50-day and 200-day averages. RSI is in a steady zone near 62.9. MACD remains on the bearish side. Volatility is elevated at roughly 102.2%.",No recent matched news was found for this ticker/date.,Relative strength versus the benchmark looked favorable. 1-month excess return 18.34%; 3-month excess return 76.94%; 6-month excess return 78.36%.,"Model view: the forward return estimate was mildly positive at about 5.55%. Confidence was not explicitly available for this prediction. Technical state is constructive, with price above the 50-day and 200-day averages. RSI is in a steady zone near 62.9. MACD remains on the bearish side. Volatility is elevated at roughly 102.2%. No recent matched news was found for this ticker/date. Relative strength versus the benchmark looked favorable. 1-month excess return 18.34%; 3-month excess return 76.94%; 6-month excess return 78.36%."
2025-09-17,KSS,-0.6960494981316456,4.417035869913155,,miss,linear_regression,target_5d_return,"Technical state is constructive, with price above the 50-day and 200-day averages. MACD remains on the bearish side. Volatility is elevated at roughly 102.5%.",No recent matched news was found for this ticker/date.,Relative strength versus the benchmark looked favorable. 1-month excess return 23.90%; 3-month excess return 93.21%; 6-month excess return 89.48%.,"Model view: the forward return estimate was mildly positive at about 4.42%. Confidence was not explicitly available for this prediction. Technical state is constructive, with price above the 50-day and 200-day averages. MACD remains on the bearish side. Volatility is elevated at roughly 102.5%. No recent matched news was found for this ticker/date. Relative strength versus the benchmark looked favorable. 1-month excess return 23.90%; 3-month excess return 93.21%; 6-month excess return 89.48%."
2025-09-18,KSS,-7.652474038712153,5.053999871139871,,miss,linear_regression,target_5d_return,"Technical state is constructive, with price above the 50-day and 200-day averages. MACD remains on the bearish side. Volatility is elevated at roughly 101.6%.",No recent matched news was found for this ticker/date.,Relative strength versus the benchmark looked favorable. 1-month excess return 23.79%; 3-month excess return 98.02%; 6-month excess return 82.74%.,"Model view: the forward return estimate was mildly positive at about 5.05%. Confidence was not explicitly available for this prediction. Technical state is constructive, with price above the 50-day and 200-day averages. MACD remains on the bearish side. Volatility is elevated at roughly 101.6%. No recent matched news was found for this ticker/date. Relative strength versus the benchmark looked favorable. 1-month excess return 23.79%; 3-month excess return 98.02%; 6-month excess return 82.74%."
2025-09-19,KSS,-5.967558939668882,5.7313791731580235,,miss,linear_regression,target_5d_return,"Technical state is constructive, with price above the 50-day and 200-day averages. MACD remains on the bearish side. Volatility is elevated at roughly 101.7%.",No recent matched news was found for this ticker/date.,Relative strength versus the benchmark looked favorable. 1-month excess return 25.09%; 3-month excess return 98.02%; 6-month excess return 84.49%.,"Model view: the forward return estimate was mildly positive at about 5.73%. Confidence was not explicitly available for this prediction. Technical state is constructive, with price above the 50-day and 200-day averages. MACD remains on the bearish side. Volatility is elevated at roughly 101.7%. No recent matched news was found for this ticker/date. Relative strength versus the benchmark looked favorable. 1-month excess return 25.09%; 3-month excess return 98.02%; 6-month excess return 84.49%."
2025-09-22,KSS,-8.940197334364441,6.72729644128953,,miss,linear_regression,target_5d_return,"Technical state is constructive, with price above the 50-day and 200-day averages. RSI is in a steady zone near 61.7. MACD remains on the bearish side. Volatility is elevated at roughly 102.0%.",No recent matched news was found for this ticker/date.,Relative strength versus the benchmark looked favorable. 1-month excess return 21.58%; 3-month excess return 97.42%; 6-month excess return 85.82%.,"Model view: the forward return estimate was mildly positive at about 6.73%. Confidence was not explicitly available for this prediction. Technical state is constructive, with price above the 50-day and 200-day averages. RSI is in a steady zone near 61.7. MACD remains on the bearish side. Volatility is elevated at roughly 102.0%. No recent matched news was found for this ticker/date. Relative strength versus the benchmark looked favorable. 1-month excess return 21.58%; 3-month excess return 97.42%; 6-month excess return 85.82%."
2025-09-23,KSS,-11.053244937441065,4.851443985477493,,miss,linear_regression,target_5d_return,"Technical state is constructive, with price above the 50-day and 200-day averages. RSI is in a steady zone near 63.9. MACD remains on the bearish side. Volatility is elevated at roughly 102.0%.",No recent matched news was found for this ticker/date.,Relative strength versus the benchmark looked favorable. 1-month excess return 21.32%; 3-month excess return 100.91%; 6-month excess return 68.31%.,"Model view: the forward return estimate was mildly positive at about 4.85%. Confidence was not explicitly available for this prediction. Technical state is constructive, with price above the 50-day and 200-day averages. RSI is in a steady zone near 63.9. MACD remains on the bearish side. Volatility is elevated at roughly 102.0%. No recent matched news was found for this ticker/date. Relative strength versus the benchmark looked favorable. 1-month excess return 21.32%; 3-month excess return 100.91%; 6-month excess return 68.31%."
2025-09-24,KSS,-7.593464256321791,6.076478081955832,,miss,linear_regression,target_5d_return,"Technical state is constructive, with price above the 50-day and 200-day averages. RSI is in a steady zone near 62.3. MACD remains on the bearish side. Volatility is elevated at roughly 98.2%.",No recent matched news was found for this ticker/date.,Relative strength versus the benchmark looked favorable. 1-month excess return 19.54%; 3-month excess return 102.20%; 6-month excess return 72.24%.,"Model view: the forward return estimate was mildly positive at about 6.08%. Confidence was not explicitly available for this prediction. Technical state is constructive, with price above the 50-day and 200-day averages. RSI is in a steady zone near 62.3. MACD remains on the bearish side. Volatility is elevated at roughly 98.2%. No recent matched news was found for this ticker/date. Relative strength versus the benchmark looked favorable. 1-month excess return 19.54%; 3-month excess return 102.20%; 6-month excess return 72.24%."
2025-09-25,KSS,2.3676080135741406,8.85454862963906,,hit,linear_regression,target_5d_return,"Technical state is constructive, with price above the 50-day and 200-day averages. RSI is in a steady zone near 52.8. MACD remains on the bearish side. Volatility is elevated at roughly 56.1%.",No recent matched news was found for this ticker/date.,Relative strength versus the benchmark looked favorable. 1-month excess return 20.80%; 3-month excess return 85.15%; 6-month excess return 63.67%.,"Model view: the forward return estimate was mildly positive at about 8.85%. Confidence was not explicitly available for this prediction. Technical state is constructive, with price above the 50-day and 200-day averages. RSI is in a steady zone near 52.8. MACD remains on the bearish side. Volatility is elevated at roughly 56.1%. No recent matched news was found for this ticker/date. Relative strength versus the benchmark looked favorable. 1-month excess return 20.80%; 3-month excess return 85.15%; 6-month excess return 63.67%."
2025-09-26,KSS,4.189774025601012,7.11029132788539,,hit,linear_regression,target_5d_return,"Technical state is constructive, with price above the 50-day and 200-day averages. RSI is in a steady zone near 54.1. MACD remains on the bearish side. Volatility is elevated at roughly 53.0%.",No recent matched news was found for this ticker/date.,Relative strength versus the benchmark looked mixed. 1-month excess return -2.28%; 3-month excess return 84.68%; 6-month excess return 71.44%.,"Model view: the forward return estimate was mildly positive at about 7.11%. Confidence was not explicitly available for this prediction. Technical state is constructive, with price above the 50-day and 200-day averages. RSI is in a steady zone near 54.1. MACD remains on the bearish side. Volatility is elevated at roughly 53.0%. No recent matched news was found for this ticker/date. Relative strength versus the benchmark looked mixed. 1-month excess return -2.28%; 3-month excess return 84.68%; 6-month excess return 71.44%."
2025-09-29,KSS,7.347204850667821,9.245899442768716,,hit,linear_regression,target_5d_return,"Technical state is constructive, with price above the 50-day and 200-day averages. MACD remains on the bearish side. Volatility is elevated at roughly 56.0%.",No recent matched news was found for this ticker/date.,Relative strength versus the benchmark looked mixed. 1-month excess return -2.22%; 3-month excess return 73.96%; 6-month excess return 62.14%.,"Model view: the forward return estimate was mildly positive at about 9.25%. Confidence was not explicitly available for this prediction. Technical state is constructive, with price above the 50-day and 200-day averages. MACD remains on the bearish side. Volatility is elevated at roughly 56.0%. No recent matched news was found for this ticker/date. Relative strength versus the benchmark looked mixed. 1-month excess return -2.22%; 3-month excess return 73.96%; 6-month excess return 62.14%."
2025-09-30,KSS,3.188027161786411,8.68369760200798,,hit,linear_regression,target_5d_return,"Technical state is constructive, with price above the 50-day and 200-day averages. MACD remains on the bearish side. Volatility is elevated at roughly 49.7%.",No recent matched news was found for this ticker/date.,Relative strength versus the benchmark looked mixed. 1-month excess return -1.20%; 3-month excess return 59.94%; 6-month excess return 68.74%.,"Model view: the forward return estimate was mildly positive at about 8.68%. Confidence was not explicitly available for this prediction. Technical state is constructive, with price above the 50-day and 200-day averages. MACD remains on the bearish side. Volatility is elevated at roughly 49.7%. No recent matched news was found for this ticker/date. Relative strength versus the benchmark looked mixed. 1-month excess return -1.20%; 3-month excess return 59.94%; 6-month excess return 68.74%."
2025-10-01,KSS,-0.5689011019218593,7.2266548751821045,,miss,linear_regression,target_5d_return,"Technical state is constructive, with price above the 50-day and 200-day averages. RSI is in a steady zone near 51.1. MACD remains on the bearish side. Volatility is elevated at roughly 50.5%.",No recent matched news was found for this ticker/date.,Relative strength versus the benchmark looked mixed. 1-month excess return -6.31%; 3-month excess return 64.19%; 6-month excess return 72.38%.,"Model view: the forward return estimate was mildly positive at about 7.23%. Confidence was not explicitly available for this prediction. Technical state is constructive, with price above the 50-day and 200-day averages. RSI is in a steady zone near 51.1. MACD remains on the bearish side. Volatility is elevated at roughly 50.5%. No recent matched news was found for this ticker/date. Relative strength versus the benchmark looked mixed. 1-month excess return -6.31%; 3-month excess return 64.19%; 6-month excess return 72.38%."
2025-10-02,KSS,-7.060254570090829,4.703509083047576,,miss,linear_regression,target_5d_return,"Technical state is constructive, with price above the 50-day and 200-day averages. RSI is in a steady zone near 55.6. MACD remains on the bearish side. Volatility is elevated at roughly 50.7%.",No recent matched news was found for this ticker/date.,Relative strength versus the benchmark looked mixed. 1-month excess return -0.32%; 3-month excess return 70.09%; 6-month excess return 72.48%.,"Model view: the forward return estimate was mildly positive at about 4.70%. Confidence was not explicitly available for this prediction. Technical state is constructive, with price above the 50-day and 200-day averages. RSI is in a steady zone near 55.6. MACD remains on the bearish side. Volatility is elevated at roughly 50.7%. No recent matched news was found for this ticker/date. Relative strength versus the benchmark looked mixed. 1-month excess return -0.32%; 3-month excess return 70.09%; 6-month excess return 72.48%."
2025-10-03,KSS,-17.327027389797323,8.008506166699219,,miss,linear_regression,target_5d_return,"Technical state is constructive, with price above the 50-day and 200-day averages. RSI is in a steady zone near 58.8. MACD remains on the bearish side. Volatility is elevated at roughly 51.7%.",No recent matched news was found for this ticker/date.,Relative strength versus the benchmark looked mixed. 1-month excess return -0.15%; 3-month excess return 79.64%; 6-month excess return 130.15%.,"Model view: the forward return estimate was mildly positive at about 8.01%. Confidence was not explicitly available for this prediction. Technical state is constructive, with price above the 50-day and 200-day averages. RSI is in a steady zone near 58.8. MACD remains on the bearish side. Volatility is elevated at roughly 51.7%. No recent matched news was found for this ticker/date. Relative strength versus the benchmark looked mixed. 1-month excess return -0.15%; 3-month excess return 79.64%; 6-month excess return 130.15%."
2025-10-06,KSS,-5.935799408386899,6.49882500321891,,miss,linear_regression,target_5d_return,"Technical state is constructive, with price above the 50-day and 200-day averages. RSI is in a steady zone near 55.2. MACD remains on the bearish side. Volatility is elevated at roughly 52.5%.",No recent matched news was found for this ticker/date.,Relative strength versus the benchmark looked mixed. 1-month excess return -4.13%; 3-month excess return 73.56%; 6-month excess return 97.64%.,"Model view: the forward return estimate was mildly positive at about 6.50%. Confidence was not explicitly available for this prediction. Technical state is constructive, with price above the 50-day and 200-day averages. RSI is in a steady zone near 55.2. MACD remains on the bearish side. Volatility is elevated at roughly 52.5%. No recent matched news was found for this ticker/date. Relative strength versus the benchmark looked mixed. 1-month excess return -4.13%; 3-month excess return 73.56%; 6-month excess return 97.64%."
2025-10-07,KSS,-2.33291231758197,8.391001877269074,,miss,linear_regression,target_5d_return,"Technical state is constructive, with price above the 50-day and 200-day averages. MACD remains on the bearish side. Volatility is elevated at roughly 54.3%.",No recent matched news was found for this ticker/date.,Relative strength versus the benchmark looked mixed. 1-month excess return -7.54%; 3-month excess return 62.38%; 6-month excess return 100.18%.,"Model view: the forward return estimate was mildly positive at about 8.39%. Confidence was not explicitly available for this prediction. Technical state is constructive, with price above the 50-day and 200-day averages. MACD remains on the bearish side. Volatility is elevated at roughly 54.3%. No recent matched news was found for this ticker/date. Relative strength versus the benchmark looked mixed. 1-month excess return -7.54%; 3-month excess return 62.38%; 6-month excess return 100.18%."
2025-10-08,KSS,-2.4157607871905684,9.86380031717553,,miss,linear_regression,target_5d_return,"Technical state is constructive, with price above the 50-day and 200-day averages. MACD remains on the bearish side. Volatility is elevated at roughly 53.0%.",No recent matched news was found for this ticker/date.,Relative strength versus the benchmark looked mixed. 1-month excess return -8.84%; 3-month excess return 55.45%; 6-month excess return 119.06%.,"Model view: the forward return estimate was mildly positive at about 9.86%. Confidence was not explicitly available for this prediction. Technical state is constructive, with price above the 50-day and 200-day averages. MACD remains on the bearish side. Volatility is elevated at roughly 53.0%. No recent matched news was found for this ticker/date. Relative strength versus the benchmark looked mixed. 1-month excess return -8.84%; 3-month excess return 55.45%; 6-month excess return 119.06%."
2025-10-09,KSS,3.2743941389064446,9.414166447315521,,hit,linear_regression,target_5d_return,"Technical state is constructive, with price above the 50-day and 200-day averages. MACD remains on the bearish side. Volatility is elevated at roughly 53.8%.",No recent matched news was found for this ticker/date.,Relative strength versus the benchmark looked mixed. 1-month excess return -7.71%; 3-month excess return 51.91%; 6-month excess return 73.14%.,"Model view: the forward return estimate was mildly positive at about 9.41%. Confidence was not explicitly available for this prediction. Technical state is constructive, with price above the 50-day and 200-day averages. MACD remains on the bearish side. Volatility is elevated at roughly 53.8%. No recent matched news was found for this ticker/date. Relative strength versus the benchmark looked mixed. 1-month excess return -7.71%; 3-month excess return 51.91%; 6-month excess return 73.14%."
2025-10-10,KSS,10.801146483015444,12.702919458713124,,hit,linear_regression,target_5d_return,"Technical state is mixed, with price not fully aligned across the major moving averages. RSI is weak near 37.3. MACD remains on the bearish side. Volatility is elevated at roughly 58.8%.",No recent matched news was found for this ticker/date.,Relative strength versus the benchmark looked mixed. 1-month excess return -12.71%; 3-month excess return 39.42%; 6-month excess return 79.81%.,"Model view: the forward return estimate was mildly positive at about 12.70%. Confidence was not explicitly available for this prediction. Technical state is mixed, with price not fully aligned across the major moving averages. RSI is weak near 37.3. MACD remains on the bearish side. Volatility is elevated at roughly 58.8%. No recent matched news was found for this ticker/date. Relative strength versus the benchmark looked mixed. 1-month excess return -12.71%; 3-month excess return 39.42%; 6-month excess return 79.81%."
2025-10-13,KSS,4.121058302171066,10.231962710990677,,hit,linear_regression,target_5d_return,"Technical state is constructive, with price above the 50-day and 200-day averages. MACD remains on the bearish side. Volatility is elevated at roughly 69.4%.",No recent matched news was found for this ticker/date.,Relative strength versus the benchmark looked favorable. 1-month excess return 0.65%; 3-month excess return 60.93%; 6-month excess return 106.83%.,"Model view: the forward return estimate was mildly positive at about 10.23%. Confidence was not explicitly available for this prediction. Technical state is constructive, with price above the 50-day and 200-day averages. MACD remains on the bearish side. Volatility is elevated at roughly 69.4%. No recent matched news was found for this ticker/date. Relative strength versus the benchmark looked favorable. 1-month excess return 0.65%; 3-month excess return 60.93%; 6-month excess return 106.83%."
2025-10-14,KSS,5.8747570100604385,10.621553384776318,,hit,linear_regression,target_5d_return,"Technical state is constructive, with price above the 50-day and 200-day averages. MACD remains on the bearish side. Volatility is elevated at roughly 67.9%.",No recent matched news was found for this ticker/date.,Relative strength versus the benchmark looked mixed. 1-month excess return -3.68%; 3-month excess return 58.86%; 6-month excess return 115.08%.,"Model view: the forward return estimate was mildly positive at about 10.62%. Confidence was not explicitly available for this prediction. Technical state is constructive, with price above the 50-day and 200-day averages. MACD remains on the bearish side. Volatility is elevated at roughly 67.9%. No recent matched news was found for this ticker/date. Relative strength versus the benchmark looked mixed. 1-month excess return -3.68%; 3-month excess return 58.86%; 6-month excess return 115.08%."
2025-10-15,KSS,8.599346332379909,11.225908275595968,,hit,linear_regression,target_5d_return,"Technical state is constructive, with price above the 50-day and 200-day averages. MACD remains on the bearish side. Volatility is elevated at roughly 66.4%.",No recent matched news was found for this ticker/date.,Relative strength versus the benchmark looked mixed. 1-month excess return -8.57%; 3-month excess return 53.46%; 6-month excess return 121.46%.,"Model view: the forward return estimate was mildly positive at about 11.23%. Confidence was not explicitly available for this prediction. Technical state is constructive, with price above the 50-day and 200-day averages. MACD remains on the bearish side. Volatility is elevated at roughly 66.4%. No recent matched news was found for this ticker/date. Relative strength versus the benchmark looked mixed. 1-month excess return -8.57%; 3-month excess return 53.46%; 6-month excess return 121.46%."
2025-10-16,KSS,2.7266981147365144,9.601575960913662,,hit,linear_regression,target_5d_return,"Technical state is constructive, with price above the 50-day and 200-day averages. RSI is in a steady zone near 50.9. MACD remains on the bearish side. Volatility is elevated at roughly 67.2%.",No recent matched news was found for this ticker/date.,Relative strength versus the benchmark looked mixed. 1-month excess return -8.74%; 3-month excess return 59.33%; 6-month excess return 131.57%.,"Model view: the forward return estimate was mildly positive at about 9.60%. Confidence was not explicitly available for this prediction. Technical state is constructive, with price above the 50-day and 200-day averages. RSI is in a steady zone near 50.9. MACD remains on the bearish side. Volatility is elevated at roughly 67.2%. No recent matched news was found for this ticker/date. Relative strength versus the benchmark looked mixed. 1-month excess return -8.74%; 3-month excess return 59.33%; 6-month excess return 131.57%."
2025-10-17,KSS,5.745638494507177,8.425691075299794,,hit,linear_regression,target_5d_return,"Technical state is constructive, with price above the 50-day and 200-day averages. MACD remains on the bearish side. Volatility is elevated at roughly 67.4%.",No recent matched news was found for this ticker/date.,Relative strength versus the benchmark looked mixed. 1-month excess return -11.17%; 3-month excess return 42.98%; 6-month excess return 112.83%.,"Model view: the forward return estimate was mildly positive at about 8.43%. Confidence was not explicitly available for this prediction. Technical state is constructive, with price above the 50-day and 200-day averages. MACD remains on the bearish side. Volatility is elevated at roughly 67.4%. No recent matched news was found for this ticker/date. Relative strength versus the benchmark looked mixed. 1-month excess return -11.17%; 3-month excess return 42.98%; 6-month excess return 112.83%."
2025-10-20,KSS,1.2368630921199886,5.517581267824054,,hit,linear_regression,target_5d_return,"Technical state is constructive, with price above the 50-day and 200-day averages. RSI is in a steady zone near 53.7. MACD remains on the bearish side. Volatility is elevated at roughly 69.2%.",No recent matched news was found for this ticker/date.,Relative strength versus the benchmark looked mixed. 1-month excess return -7.20%; 3-month excess return 5.98%; 6-month excess return 99.69%.,"Model view: the forward return estimate was mildly positive at about 5.52%. Confidence was not explicitly available for this prediction. Technical state is constructive, with price above the 50-day and 200-day averages. RSI is in a steady zone near 53.7. MACD remains on the bearish side. Volatility is elevated at roughly 69.2%. No recent matched news was found for this ticker/date. Relative strength versus the benchmark looked mixed. 1-month excess return -7.20%; 3-month excess return 5.98%; 6-month excess return 99.69%."
2025-10-21,KSS,0.18293102038617892,7.031530602165814,,hit,linear_regression,target_5d_return,"Technical state is constructive, with price above the 50-day and 200-day averages. RSI is in a steady zone near 55.3. MACD remains on the bearish side. Volatility is elevated at roughly 68.9%.",No recent matched news was found for this ticker/date.,Relative strength versus the benchmark looked mixed. 1-month excess return -3.28%; 3-month excess return 27.46%; 6-month excess return 115.18%.,"Model view: the forward return estimate was mildly positive at about 7.03%. Confidence was not explicitly available for this prediction. Technical state is constructive, with price above the 50-day and 200-day averages. RSI is in a steady zone near 55.3. MACD remains on the bearish side. Volatility is elevated at roughly 68.9%. No recent matched news was found for this ticker/date. Relative strength versus the benchmark looked mixed. 1-month excess return -3.28%; 3-month excess return 27.46%; 6-month excess return 115.18%."
2025-10-22,KSS,-4.439110784231504,6.443513012604027,,miss,linear_regression,target_5d_return,"Technical state is constructive, with price above the 50-day and 200-day averages. RSI is in a steady zone near 57.1. MACD remains on the bullish side. Volatility is elevated at roughly 69.1%.",No recent matched news was found for this ticker/date.,Relative strength versus the benchmark looked mixed. 1-month excess return -3.93%; 3-month excess return 17.04%; 6-month excess return 123.66%.,"Model view: the forward return estimate was mildly positive at about 6.44%. Confidence was not explicitly available for this prediction. Technical state is constructive, with price above the 50-day and 200-day averages. RSI is in a steady zone near 57.1. MACD remains on the bullish side. Volatility is elevated at roughly 69.1%. No recent matched news was found for this ticker/date. Relative strength versus the benchmark looked mixed. 1-month excess return -3.93%; 3-month excess return 17.04%; 6-month excess return 123.66%."
2025-10-23,KSS,-2.654322746450033,8.120695054539821,,miss,linear_regression,target_5d_return,"Technical state is constructive, with price above the 50-day and 200-day averages. RSI is in a steady zone near 53.0. MACD remains on the bullish side. Volatility is elevated at roughly 66.0%.",No recent matched news was found for this ticker/date.,Relative strength versus the benchmark looked mixed. 1-month excess return -6.68%; 3-month excess return 21.22%; 6-month excess return 107.55%.,"Model view: the forward return estimate was mildly positive at about 8.12%. Confidence was not explicitly available for this prediction. Technical state is constructive, with price above the 50-day and 200-day averages. RSI is in a steady zone near 53.0. MACD remains on the bullish side. Volatility is elevated at roughly 66.0%. No recent matched news was found for this ticker/date. Relative strength versus the benchmark looked mixed. 1-month excess return -6.68%; 3-month excess return 21.22%; 6-month excess return 107.55%."
2025-10-24,KSS,-0.6715427877822977,7.113362556209806,,miss,linear_regression,target_5d_return,"Technical state is constructive, with price above the 50-day and 200-day averages. RSI is in a steady zone near 54.4. MACD remains on the bullish side. Volatility is elevated at roughly 66.0%.",No recent matched news was found for this ticker/date.,Relative strength versus the benchmark looked mixed. 1-month excess return -0.58%; 3-month excess return 21.33%; 6-month excess return 109.00%.,"Model view: the forward return estimate was mildly positive at about 7.11%. Confidence was not explicitly available for this prediction. Technical state is constructive, with price above the 50-day and 200-day averages. RSI is in a steady zone near 54.4. MACD remains on the bullish side. Volatility is elevated at roughly 66.0%. No recent matched news was found for this ticker/date. Relative strength versus the benchmark looked mixed. 1-month excess return -0.58%; 3-month excess return 21.33%; 6-month excess return 109.00%."
2025-10-27,KSS,0.18325459840526914,9.62258949129827,,hit,linear_regression,target_5d_return,"Technical state is constructive, with price above the 50-day and 200-day averages. RSI is in a steady zone near 54.3. MACD remains on the bullish side. Volatility is elevated at roughly 62.9%.",No recent matched news was found for this ticker/date.,Relative strength versus the benchmark looked mixed. 1-month excess return -2.39%; 3-month excess return 32.14%; 6-month excess return 110.12%.,"Model view: the forward return estimate was mildly positive at about 9.62%. Confidence was not explicitly available for this prediction. Technical state is constructive, with price above the 50-day and 200-day averages. RSI is in a steady zone near 54.3. MACD remains on the bullish side. Volatility is elevated at roughly 62.9%. No recent matched news was found for this ticker/date. Relative strength versus the benchmark looked mixed. 1-month excess return -2.39%; 3-month excess return 32.14%; 6-month excess return 110.12%."
2025-10-28,KSS,-1.9476548318956066,11.437285059990876,,miss,linear_regression,target_5d_return,"Technical state is constructive, with price above the 50-day and 200-day averages. RSI is in a steady zone near 54.8. MACD remains on the bullish side. Volatility is elevated at roughly 62.9%.",No recent matched news was found for this ticker/date.,Relative strength versus the benchmark looked favorable. 1-month excess return 3.29%; 3-month excess return 36.19%; 6-month excess return 116.92%.,"Model view: the forward return estimate was mildly positive at about 11.44%. Confidence was not explicitly available for this prediction. Technical state is constructive, with price above the 50-day and 200-day averages. RSI is in a steady zone near 54.8. MACD remains on the bullish side. Volatility is elevated at roughly 62.9%. No recent matched news was found for this ticker/date. Relative strength versus the benchmark looked favorable. 1-month excess return 3.29%; 3-month excess return 36.19%; 6-month excess return 116.92%."
2025-10-29,KSS,10.106720524220325,13.521139986769589,,hit,linear_regression,target_5d_return,"Technical state is constructive, with price above the 50-day and 200-day averages. MACD remains on the bullish side. Volatility is elevated at roughly 63.3%.",No recent matched news was found for this ticker/date.,Relative strength versus the benchmark looked favorable. 1-month excess return 0.45%; 3-month excess return 38.19%; 6-month excess return 113.79%.,"Model view: the forward return estimate was mildly positive at about 13.52%. Confidence was not explicitly available for this prediction. Technical state is constructive, with price above the 50-day and 200-day averages. MACD remains on the bullish side. Volatility is elevated at roughly 63.3%. No recent matched news was found for this ticker/date. Relative strength versus the benchmark looked favorable. 1-month excess return 0.45%; 3-month excess return 38.19%; 6-month excess return 113.79%."
2025-10-30,KSS,6.2143279251071215,10.700599254289129,,hit,linear_regression,target_5d_return,"Technical state is mixed, with price not fully aligned across the major moving averages. MACD remains on the bearish side. Volatility is elevated at roughly 61.8%.",No recent matched news was found for this ticker/date.,Relative strength versus the benchmark looked mixed. 1-month excess return -2.05%; 3-month excess return 37.56%; 6-month excess return 96.93%.,"Model view: the forward return estimate was mildly positive at about 10.70%. Confidence was not explicitly available for this prediction. Technical state is mixed, with price not fully aligned across the major moving averages. MACD remains on the bearish side. Volatility is elevated at roughly 61.8%. No recent matched news was found for this ticker/date. Relative strength versus the benchmark looked mixed. 1-month excess return -2.05%; 3-month excess return 37.56%; 6-month excess return 96.93%."
2025-10-31,KSS,4.548246775033449,9.090689273962736,,hit,linear_regression,target_5d_return,"Technical state is constructive, with price above the 50-day and 200-day averages. RSI is in a steady zone near 53.1. MACD remains on the bearish side. Volatility is elevated at roughly 62.0%.",No recent matched news was found for this ticker/date.,Relative strength versus the benchmark looked mixed. 1-month excess return -2.89%; 3-month excess return 34.76%; 6-month excess return 96.51%.,"Model view: the forward return estimate was mildly positive at about 9.09%. Confidence was not explicitly available for this prediction. Technical state is constructive, with price above the 50-day and 200-day averages. RSI is in a steady zone near 53.1. MACD remains on the bearish side. Volatility is elevated at roughly 62.0%. No recent matched news was found for this ticker/date. Relative strength versus the benchmark looked mixed. 1-month excess return -2.89%; 3-month excess return 34.76%; 6-month excess return 96.51%."
2025-11-03,KSS,9.207318682957123,10.087168289994763,,hit,linear_regression,target_5d_return,"Technical state is constructive, with price above the 50-day and 200-day averages. RSI is in a steady zone near 54.3. MACD remains on the bullish side. Volatility is elevated at roughly 61.5%.",No recent matched news was found for this ticker/date.,Relative strength versus the benchmark looked mixed. 1-month excess return -5.12%; 3-month excess return 33.79%; 6-month excess return 111.00%.,"Model view: the forward return estimate was mildly positive at about 10.09%. Confidence was not explicitly available for this prediction. Technical state is constructive, with price above the 50-day and 200-day averages. RSI is in a steady zone near 54.3. MACD remains on the bullish side. Volatility is elevated at roughly 61.5%. No recent matched news was found for this ticker/date. Relative strength versus the benchmark looked mixed. 1-month excess return -5.12%; 3-month excess return 33.79%; 6-month excess return 111.00%."
2025-11-04,KSS,11.60769001264461,11.701391731647247,,hit,linear_regression,target_5d_return,"Technical state is constructive, with price above the 50-day and 200-day averages. RSI is in a steady zone near 51.2. MACD remains on the bearish side. Volatility is elevated at roughly 60.1%.",No recent matched news was found for this ticker/date.,Relative strength versus the benchmark looked mixed. 1-month excess return -3.00%; 3-month excess return 30.34%; 6-month excess return 126.17%.,"Model view: the forward return estimate was mildly positive at about 11.70%. Confidence was not explicitly available for this prediction. Technical state is constructive, with price above the 50-day and 200-day averages. RSI is in a steady zone near 51.2. MACD remains on the bearish side. Volatility is elevated at roughly 60.1%. No recent matched news was found for this ticker/date. Relative strength versus the benchmark looked mixed. 1-month excess return -3.00%; 3-month excess return 30.34%; 6-month excess return 126.17%."
2025-11-05,KSS,2.964643804292555,10.356069586477764,,hit,linear_regression,target_5d_return,"Technical state is constructive, with price above the 50-day and 200-day averages. RSI is in a steady zone near 62.4. MACD remains on the bullish side. Volatility is elevated at roughly 67.4%.",No recent matched news was found for this ticker/date.,Relative strength versus the benchmark looked favorable. 1-month excess return 9.35%; 3-month excess return 48.21%; 6-month excess return 148.29%.,"Model view: the forward return estimate was mildly positive at about 10.36%. Confidence was not explicitly available for this prediction. Technical state is constructive, with price above the 50-day and 200-day averages. RSI is in a steady zone near 62.4. MACD remains on the bullish side. Volatility is elevated at roughly 67.4%. No recent matched news was found for this ticker/date. Relative strength versus the benchmark looked favorable. 1-month excess return 9.35%; 3-month excess return 48.21%; 6-month excess return 148.29%."
2025-11-06,KSS,4.477611940298498,11.152966133335388,,hit,linear_regression,target_5d_return,"Technical state is constructive, with price above the 50-day and 200-day averages. RSI is in a steady zone near 54.9. MACD remains on the bullish side. Volatility is elevated at roughly 68.7%.",No recent matched news was found for this ticker/date.,Relative strength versus the benchmark looked favorable. 1-month excess return 6.89%; 3-month excess return 45.42%; 6-month excess return 118.59%.,"Model view: the forward return estimate was mildly positive at about 11.15%. Confidence was not explicitly available for this prediction. Technical state is constructive, with price above the 50-day and 200-day averages. RSI is in a steady zone near 54.9. MACD remains on the bullish side. Volatility is elevated at roughly 68.7%. No recent matched news was found for this ticker/date. Relative strength versus the benchmark looked favorable. 1-month excess return 6.89%; 3-month excess return 45.42%; 6-month excess return 118.59%."
2025-11-07,KSS,-1.5285139646287194,11.856450413615852,,miss,linear_regression,target_5d_return,"Technical state is constructive, with price above the 50-day and 200-day averages. RSI is in a steady zone near 56.8. MACD remains on the bullish side. Volatility is elevated at roughly 60.0%.",No recent matched news was found for this ticker/date.,Relative strength versus the benchmark looked favorable. 1-month excess return 11.43%; 3-month excess return 33.78%; 6-month excess return 134.56%.,"Model view: the forward return estimate was mildly positive at about 11.86%. Confidence was not explicitly available for this prediction. Technical state is constructive, with price above the 50-day and 200-day averages. RSI is in a steady zone near 56.8. MACD remains on the bullish side. Volatility is elevated at roughly 60.0%. No recent matched news was found for this ticker/date. Relative strength versus the benchmark looked favorable. 1-month excess return 11.43%; 3-month excess return 33.78%; 6-month excess return 134.56%."
2025-11-10,KSS,-10.72026852401885,7.751079051605933,,miss,linear_regression,target_5d_return,"Technical state is constructive, with price above the 50-day and 200-day averages. RSI is in a steady zone near 62.5. MACD remains on the bullish side. Volatility is elevated at roughly 49.8%.",No recent matched news was found for this ticker/date.,Relative strength versus the benchmark looked favorable. 1-month excess return 23.79%; 3-month excess return 33.55%; 6-month excess return 119.70%.,"Model view: the forward return estimate was mildly positive at about 7.75%. Confidence was not explicitly available for this prediction. Technical state is constructive, with price above the 50-day and 200-day averages. RSI is in a steady zone near 62.5. MACD remains on the bullish side. Volatility is elevated at roughly 49.8%. No recent matched news was found for this ticker/date. Relative strength versus the benchmark looked favorable. 1-month excess return 23.79%; 3-month excess return 33.55%; 6-month excess return 119.70%."
2025-11-11,KSS,-12.513904656752551,6.876198978354017,,miss,linear_regression,target_5d_return,"Technical state is constructive, with price above the 50-day and 200-day averages. RSI is in a steady zone near 62.9. MACD remains on the bullish side. Volatility is elevated at roughly 49.7%.",No recent matched news was found for this ticker/date.,Relative strength versus the benchmark looked favorable. 1-month excess return 12.77%; 3-month excess return 22.51%; 6-month excess return 106.68%.,"Model view: the forward return estimate was mildly positive at about 6.88%. Confidence was not explicitly available for this prediction. Technical state is constructive, with price above the 50-day and 200-day averages. RSI is in a steady zone near 62.9. MACD remains on the bullish side. Volatility is elevated at roughly 49.7%. No recent matched news was found for this ticker/date. Relative strength versus the benchmark looked favorable. 1-month excess return 12.77%; 3-month excess return 22.51%; 6-month excess return 106.68%."
2025-11-12,KSS,-14.673309506612409,8.44841603493632,,miss,linear_regression,target_5d_return,"Technical state is constructive, with price above the 50-day and 200-day averages. RSI is in a steady zone near 63.4. MACD remains on the bullish side. Volatility is elevated at roughly 49.3%.",No recent matched news was found for this ticker/date.,Relative strength versus the benchmark looked favorable. 1-month excess return 13.39%; 3-month excess return 18.93%; 6-month excess return 106.37%.,"Model view: the forward return estimate was mildly positive at about 8.45%. Confidence was not explicitly available for this prediction. Technical state is constructive, with price above the 50-day and 200-day averages. RSI is in a steady zone near 63.4. MACD remains on the bullish side. Volatility is elevated at roughly 49.3%. No recent matched news was found for this ticker/date. Relative strength versus the benchmark looked favorable. 1-month excess return 13.39%; 3-month excess return 18.93%; 6-month excess return 106.37%."
2025-11-13,KSS,-14.28571428571429,8.177711516795346,,miss,linear_regression,target_5d_return,"Technical state is constructive, with price above the 50-day and 200-day averages. RSI is in a steady zone near 57.6. MACD remains on the bullish side. Volatility is elevated at roughly 50.7%.",No recent matched news was found for this ticker/date.,Relative strength versus the benchmark looked favorable. 1-month excess return 12.93%; 3-month excess return 22.62%; 6-month excess return 95.22%.,"Model view: the forward return estimate was mildly positive at about 8.18%. Confidence was not explicitly available for this prediction. Technical state is constructive, with price above the 50-day and 200-day averages. RSI is in a steady zone near 57.6. MACD remains on the bullish side. Volatility is elevated at roughly 50.7%. No recent matched news was found for this ticker/date. Relative strength versus the benchmark looked favorable. 1-month excess return 12.93%; 3-month excess return 22.62%; 6-month excess return 95.22%."
2025-11-14,KSS,-6.208954996137472,9.2239949683264,,miss,linear_regression,target_5d_return,"Technical state is constructive, with price above the 50-day and 200-day averages. RSI is in a steady zone near 50.9. MACD remains on the bullish side. Volatility is elevated at roughly 52.9%.",No recent matched news was found for this ticker/date.,Relative strength versus the benchmark looked favorable. 1-month excess return 4.50%; 3-month excess return 18.32%; 6-month excess return 82.58%.,"Model view: the forward return estimate was mildly positive at about 9.22%. Confidence was not explicitly available for this prediction. Technical state is constructive, with price above the 50-day and 200-day averages. RSI is in a steady zone near 50.9. MACD remains on the bullish side. Volatility is elevated at roughly 52.9%. No recent matched news was found for this ticker/date. Relative strength versus the benchmark looked favorable. 1-month excess return 4.50%; 3-month excess return 18.32%; 6-month excess return 82.58%."
2025-11-17,KSS,-1.6260177148436195,10.996262173350209,,miss,linear_regression,target_5d_return,"Technical state is mixed, with price not fully aligned across the major moving averages. MACD remains on the bearish side. Volatility is elevated at roughly 53.6%.",No recent matched news was found for this ticker/date.,Relative strength versus the benchmark looked favorable. 1-month excess return 3.02%; 3-month excess return 13.08%; 6-month excess return 77.53%.,"Model view: the forward return estimate was mildly positive at about 11.00%. Confidence was not explicitly available for this prediction. Technical state is mixed, with price not fully aligned across the major moving averages. MACD remains on the bearish side. Volatility is elevated at roughly 53.6%. No recent matched news was found for this ticker/date. Relative strength versus the benchmark looked favorable. 1-month excess return 3.02%; 3-month excess return 13.08%; 6-month excess return 77.53%."
2025-11-18,KSS,42.53020170848971,9.260058885517166,,hit,linear_regression,target_5d_return,"Technical state is mixed, with price not fully aligned across the major moving averages. MACD remains on the bearish side. Volatility is elevated at roughly 53.6%.",No recent matched news was found for this ticker/date.,Relative strength versus the benchmark looked mixed. 1-month excess return -1.07%; 3-month excess return 14.43%; 6-month excess return 78.12%.,"Model view: the forward return estimate was mildly positive at about 9.26%. Confidence was not explicitly available for this prediction. Technical state is mixed, with price not fully aligned across the major moving averages. MACD remains on the bearish side. Volatility is elevated at roughly 53.6%. No recent matched news was found for this ticker/date. Relative strength versus the benchmark looked mixed. 1-month excess return -1.07%; 3-month excess return 14.43%; 6-month excess return 78.12%."
2025-11-19,KSS,56.391957301135086,11.91799270105079,,hit,linear_regression,target_5d_return,"Technical state is mixed, with price not fully aligned across the major moving averages. MACD remains on the bearish side. Volatility is elevated at roughly 53.6%.",No recent matched news was found for this ticker/date.,Relative strength versus the benchmark looked mixed. 1-month excess return -4.76%; 3-month excess return 11.42%; 6-month excess return 83.61%.,"Model view: the forward return estimate was mildly positive at about 11.92%. Confidence was not explicitly available for this prediction. Technical state is mixed, with price not fully aligned across the major moving averages. MACD remains on the bearish side. Volatility is elevated at roughly 53.6%. No recent matched news was found for this ticker/date. Relative strength versus the benchmark looked mixed. 1-month excess return -4.76%; 3-month excess return 11.42%; 6-month excess return 83.61%."
2025-11-20,KSS,63.933334350585945,10.266655497002686,,hit,linear_regression,target_5d_return,"Technical state is mixed, with price not fully aligned across the major moving averages. RSI is weak near 38.6. MACD remains on the bearish side. Volatility is elevated at roughly 53.5%.",No recent matched news was found for this ticker/date.,Relative strength versus the benchmark looked mixed. 1-month excess return -7.74%; 3-month excess return 6.85%; 6-month excess return 73.03%.,"Model view: the forward return estimate was mildly positive at about 10.27%. Confidence was not explicitly available for this prediction. Technical state is mixed, with price not fully aligned across the major moving averages. RSI is weak near 38.6. MACD remains on the bearish side. Volatility is elevated at roughly 53.5%. No recent matched news was found for this ticker/date. Relative strength versus the benchmark looked mixed. 1-month excess return -7.74%; 3-month excess return 6.85%; 6-month excess return 73.03%."
2025-11-21,KSS,53.59642967647493,9.161168513642307,,hit,linear_regression,target_5d_return,"Technical state is mixed, with price not fully aligned across the major moving averages. MACD remains on the bearish side. Volatility is elevated at roughly 56.2%.",No recent matched news was found for this ticker/date.,Relative strength versus the benchmark looked mixed. 1-month excess return -1.16%; 3-month excess return 10.04%; 6-month excess return 96.22%.,"Model view: the forward return estimate was mildly positive at about 9.16%. Confidence was not explicitly available for this prediction. Technical state is mixed, with price not fully aligned across the major moving averages. MACD remains on the bearish side. Volatility is elevated at roughly 56.2%. No recent matched news was found for this ticker/date. Relative strength versus the benchmark looked mixed. 1-month excess return -1.16%; 3-month excess return 10.04%; 6-month excess return 96.22%."
2025-11-24,KSS,57.0883649304903,8.24549990261252,,hit,linear_regression,target_5d_return,"Technical state is mixed, with price not fully aligned across the major moving averages. MACD remains on the bearish side. Volatility is elevated at roughly 56.2%.",No recent matched news was found for this ticker/date.,Relative strength versus the benchmark looked mixed. 1-month excess return -2.75%; 3-month excess return 16.94%; 6-month excess return 85.68%.,"Model view: the forward return estimate was mildly positive at about 8.25%. Confidence was not explicitly available for this prediction. Technical state is mixed, with price not fully aligned across the major moving averages. MACD remains on the bearish side. Volatility is elevated at roughly 56.2%. No recent matched news was found for this ticker/date. Relative strength versus the benchmark looked mixed. 1-month excess return -2.75%; 3-month excess return 16.94%; 6-month excess return 85.68%."
2025-11-25,KSS,2.453163404054104,-6.770383941013465,,miss,linear_regression,target_5d_return,"Technical state is constructive, with price above the 50-day and 200-day averages. RSI is elevated near 74.8, so chasing strength may add risk. MACD remains on the bullish side. Volatility is elevated at roughly 161.6%.",No recent matched news was found for this ticker/date.,Relative strength versus the benchmark looked favorable. 1-month excess return 38.44%; 3-month excess return 34.24%; 6-month excess return 161.90%.,"Model view: the forward return estimate was mildly negative at about -6.77%. Confidence was not explicitly available for this prediction. Technical state is constructive, with price above the 50-day and 200-day averages. RSI is elevated near 74.8, so chasing strength may add risk. MACD remains on the bullish side. Volatility is elevated at roughly 161.6%. No recent matched news was found for this ticker/date. Relative strength versus the benchmark looked favorable. 1-month excess return 38.44%; 3-month excess return 34.24%; 6-month excess return 161.90%."
2025-11-26,KSS,-6.307055741511047,-4.949641099389469,,hit,linear_regression,target_5d_return,"Technical state is constructive, with price above the 50-day and 200-day averages. RSI is elevated near 78.0, so chasing strength may add risk. MACD remains on the bullish side. Volatility is elevated at roughly 161.6%.",No recent matched news was found for this ticker/date.,Relative strength versus the benchmark looked favorable. 1-month excess return 47.75%; 3-month excess return 52.03%; 6-month excess return 184.51%.,"Model view: the forward return estimate was mildly negative at about -4.95%. Confidence was not explicitly available for this prediction. Technical state is constructive, with price above the 50-day and 200-day averages. RSI is elevated near 78.0, so chasing strength may add risk. MACD remains on the bullish side. Volatility is elevated at roughly 161.6%. No recent matched news was found for this ticker/date. Relative strength versus the benchmark looked favorable. 1-month excess return 47.75%; 3-month excess return 52.03%; 6-month excess return 184.51%."
2025-11-28,KSS,-6.262712102363577,-4.974816113625552,,hit,linear_regression,target_5d_return,"Technical state is constructive, with price above the 50-day and 200-day averages. RSI is elevated near 78.9, so chasing strength may add risk. MACD remains on the bullish side. Volatility is elevated at roughly 161.1%.",No recent matched news was found for this ticker/date.,Relative strength versus the benchmark looked favorable. 1-month excess return 54.92%; 3-month excess return 57.32%; 6-month excess return 186.47%.,"Model view: the forward return estimate was mildly negative at about -4.97%. Confidence was not explicitly available for this prediction. Technical state is constructive, with price above the 50-day and 200-day averages. RSI is elevated near 78.9, so chasing strength may add risk. MACD remains on the bullish side. Volatility is elevated at roughly 161.1%. No recent matched news was found for this ticker/date. Relative strength versus the benchmark looked favorable. 1-month excess return 54.92%; 3-month excess return 57.32%; 6-month excess return 186.47%."
2025-12-01,KSS,-5.92622647145471,-1.4517428433529909,,hit,linear_regression,target_5d_return,"Technical state is constructive, with price above the 50-day and 200-day averages. RSI is elevated near 75.9, so chasing strength may add risk. MACD remains on the bullish side. Volatility is elevated at roughly 161.9%.",No recent matched news was found for this ticker/date.,Relative strength versus the benchmark looked favorable. 1-month excess return 52.97%; 3-month excess return 43.34%; 6-month excess return 180.92%.,"Model view: the forward return estimate was mildly negative at about -1.45%. Confidence was not explicitly available for this prediction. Technical state is constructive, with price above the 50-day and 200-day averages. RSI is elevated near 75.9, so chasing strength may add risk. MACD remains on the bullish side. Volatility is elevated at roughly 161.9%. No recent matched news was found for this ticker/date. Relative strength versus the benchmark looked favorable. 1-month excess return 52.97%; 3-month excess return 43.34%; 6-month excess return 180.92%."
2025-12-02,KSS,-5.261025031269407,-1.7795168037834679,,hit,linear_regression,target_5d_return,"Technical state is constructive, with price above the 50-day and 200-day averages. RSI is elevated near 77.1, so chasing strength may add risk. MACD remains on the bullish side. Volatility is elevated at roughly 161.8%.",No recent matched news was found for this ticker/date.,Relative strength versus the benchmark looked favorable. 1-month excess return 51.95%; 3-month excess return 50.01%; 6-month excess return 180.88%.,"Model view: the forward return estimate was mildly negative at about -1.78%. Confidence was not explicitly available for this prediction. Technical state is constructive, with price above the 50-day and 200-day averages. RSI is elevated near 77.1, so chasing strength may add risk. MACD remains on the bullish side. Volatility is elevated at roughly 161.8%. No recent matched news was found for this ticker/date. Relative strength versus the benchmark looked favorable. 1-month excess return 51.95%; 3-month excess return 50.01%; 6-month excess return 180.88%."
2025-12-03,KSS,2.8733124385789344,8.498911910568308,,hit,linear_regression,target_5d_return,"Technical state is constructive, with price above the 50-day and 200-day averages. MACD remains on the bullish side. Volatility is elevated at roughly 164.7%.",No recent matched news was found for this ticker/date.,Relative strength versus the benchmark looked favorable. 1-month excess return 39.98%; 3-month excess return 34.50%; 6-month excess return 167.72%.,"Model view: the forward return estimate was mildly positive at about 8.50%. Confidence was not explicitly available for this prediction. Technical state is constructive, with price above the 50-day and 200-day averages. MACD remains on the bullish side. Volatility is elevated at roughly 164.7%. No recent matched news was found for this ticker/date. Relative strength versus the benchmark looked favorable. 1-month excess return 39.98%; 3-month excess return 34.50%; 6-month excess return 167.72%."
2025-12-04,KSS,5.845879979115454,6.154040488140067,,hit,linear_regression,target_5d_return,"Technical state is constructive, with price above the 50-day and 200-day averages. RSI is in a steady zone near 64.6. MACD remains on the bullish side. Volatility is elevated at roughly 163.3%.",No recent matched news was found for this ticker/date.,Relative strength versus the benchmark looked favorable. 1-month excess return 38.82%; 3-month excess return 30.50%; 6-month excess return 148.03%.,"Model view: the forward return estimate was mildly positive at about 6.15%. Confidence was not explicitly available for this prediction. Technical state is constructive, with price above the 50-day and 200-day averages. RSI is in a steady zone near 64.6. MACD remains on the bullish side. Volatility is elevated at roughly 163.3%. No recent matched news was found for this ticker/date. Relative strength versus the benchmark looked favorable. 1-month excess return 38.82%; 3-month excess return 30.50%; 6-month excess return 148.03%."
2025-12-05,KSS,0.9544521821475804,5.276589426801634,,hit,linear_regression,target_5d_return,"Technical state is constructive, with price above the 50-day and 200-day averages. MACD remains on the bullish side. Volatility is elevated at roughly 161.6%.",No recent matched news was found for this ticker/date.,Relative strength versus the benchmark looked favorable. 1-month excess return 30.19%; 3-month excess return 33.24%; 6-month excess return 148.93%.,"Model view: the forward return estimate was mildly positive at about 5.28%. Confidence was not explicitly available for this prediction. Technical state is constructive, with price above the 50-day and 200-day averages. MACD remains on the bullish side. Volatility is elevated at roughly 161.6%. No recent matched news was found for this ticker/date. Relative strength versus the benchmark looked favorable. 1-month excess return 30.19%; 3-month excess return 33.24%; 6-month excess return 148.93%."
2025-12-08,KSS,-2.290750838267097,5.363561627998292,,miss,linear_regression,target_5d_return,"Technical state is constructive, with price above the 50-day and 200-day averages. RSI is in a steady zone near 63.9. MACD remains on the bullish side. Volatility is elevated at roughly 162.1%.",No recent matched news was found for this ticker/date.,Relative strength versus the benchmark looked favorable. 1-month excess return 33.52%; 3-month excess return 31.45%; 6-month excess return 137.91%.,"Model view: the forward return estimate was mildly positive at about 5.36%. Confidence was not explicitly available for this prediction. Technical state is constructive, with price above the 50-day and 200-day averages. RSI is in a steady zone near 63.9. MACD remains on the bullish side. Volatility is elevated at roughly 162.1%. No recent matched news was found for this ticker/date. Relative strength versus the benchmark looked favorable. 1-month excess return 33.52%; 3-month excess return 31.45%; 6-month excess return 137.91%."
2025-12-09,KSS,-1.9649683360570713,2.441324145600715,,miss,linear_regression,target_5d_return,"Technical state is constructive, with price above the 50-day and 200-day averages. MACD remains on the bullish side. Volatility is elevated at roughly 161.7%.",No recent matched news was found for this ticker/date.,Relative strength versus the benchmark looked favorable. 1-month excess return 35.81%; 3-month excess return 41.21%; 6-month excess return 135.75%.,"Model view: the forward return estimate was mildly positive at about 2.44%. Confidence was not explicitly available for this prediction. Technical state is constructive, with price above the 50-day and 200-day averages. MACD remains on the bullish side. Volatility is elevated at roughly 161.7%. No recent matched news was found for this ticker/date. Relative strength versus the benchmark looked favorable. 1-month excess return 35.81%; 3-month excess return 41.21%; 6-month excess return 135.75%."
2025-12-10,KSS,-5.0359655902348255,1.4706822000287452,,miss,linear_regression,target_5d_return,"Technical state is constructive, with price above the 50-day and 200-day averages. MACD remains on the bullish side. Volatility is elevated at roughly 161.6%.",No recent matched news was found for this ticker/date.,Relative strength versus the benchmark looked favorable. 1-month excess return 31.03%; 3-month excess return 41.84%; 6-month excess return 154.79%.,"Model view: the forward return estimate was mildly positive at about 1.47%. Confidence was not explicitly available for this prediction. Technical state is constructive, with price above the 50-day and 200-day averages. MACD remains on the bullish side. Volatility is elevated at roughly 161.6%. No recent matched news was found for this ticker/date. Relative strength versus the benchmark looked favorable. 1-month excess return 31.03%; 3-month excess return 41.84%; 6-month excess return 154.79%."
2025-12-11,KSS,-5.146441681457925,1.7787234170894357,,miss,linear_regression,target_5d_return,"Technical state is constructive, with price above the 50-day and 200-day averages. MACD remains on the bullish side. Volatility is elevated at roughly 161.6%.",No recent matched news was found for this ticker/date.,Relative strength versus the benchmark looked favorable. 1-month excess return 32.00%; 3-month excess return 51.37%; 6-month excess return 159.89%.,"Model view: the forward return estimate was mildly positive at about 1.78%. Confidence was not explicitly available for this prediction. Technical state is constructive, with price above the 50-day and 200-day averages. MACD remains on the bullish side. Volatility is elevated at roughly 161.6%. No recent matched news was found for this ticker/date. Relative strength versus the benchmark looked favorable. 1-month excess return 32.00%; 3-month excess return 51.37%; 6-month excess return 159.89%."
2025-12-12,KSS,-0.3008151845603657,4.385787669902852,,miss,linear_regression,target_5d_return,"Technical state is constructive, with price above the 50-day and 200-day averages. RSI is in a steady zone near 63.6. MACD remains on the bullish side. Volatility is elevated at roughly 161.4%.",No recent matched news was found for this ticker/date.,Relative strength versus the benchmark looked favorable. 1-month excess return 29.06%; 3-month excess return 41.81%; 6-month excess return 172.34%.,"Model view: the forward return estimate was mildly positive at about 4.39%. Confidence was not explicitly available for this prediction. Technical state is constructive, with price above the 50-day and 200-day averages. RSI is in a steady zone near 63.6. MACD remains on the bullish side. Volatility is elevated at roughly 161.4%. No recent matched news was found for this ticker/date. Relative strength versus the benchmark looked favorable. 1-month excess return 29.06%; 3-month excess return 41.81%; 6-month excess return 172.34%."
2025-12-15,KSS,-1.5329132006754342,4.018332140554135,,miss,linear_regression,target_5d_return,"Technical state is constructive, with price above the 50-day and 200-day averages. RSI is in a steady zone near 57.0. MACD remains on the bearish side. Volatility is elevated at roughly 161.6%.",No recent matched news was found for this ticker/date.,Relative strength versus the benchmark looked favorable. 1-month excess return 25.45%; 3-month excess return 30.05%; 6-month excess return 135.40%.,"Model view: the forward return estimate was mildly positive at about 4.02%. Confidence was not explicitly available for this prediction. Technical state is constructive, with price above the 50-day and 200-day averages. RSI is in a steady zone near 57.0. MACD remains on the bearish side. Volatility is elevated at roughly 161.6%. No recent matched news was found for this ticker/date. Relative strength versus the benchmark looked favorable. 1-month excess return 25.45%; 3-month excess return 30.05%; 6-month excess return 135.40%."
2025-12-16,KSS,-6.666669436962335,4.33971111529017,,miss,linear_regression,target_5d_return,"Technical state is constructive, with price above the 50-day and 200-day averages. RSI is in a steady zone near 60.1. MACD remains on the bearish side. Volatility is elevated at roughly 159.9%.",No recent matched news was found for this ticker/date.,Relative strength versus the benchmark looked favorable. 1-month excess return 35.98%; 3-month excess return 30.13%; 6-month excess return 157.33%.,"Model view: the forward return estimate was mildly positive at about 4.34%. Confidence was not explicitly available for this prediction. Technical state is constructive, with price above the 50-day and 200-day averages. RSI is in a steady zone near 60.1. MACD remains on the bearish side. Volatility is elevated at roughly 159.9%. No recent matched news was found for this ticker/date. Relative strength versus the benchmark looked favorable. 1-month excess return 35.98%; 3-month excess return 30.13%; 6-month excess return 157.33%."
2025-12-17,KSS,-3.743316098914551,4.6980163165438125,,miss,linear_regression,target_5d_return,"Technical state is constructive, with price above the 50-day and 200-day averages. RSI is in a steady zone near 57.1. MACD remains on the bearish side. Volatility is elevated at roughly 160.1%.",No recent matched news was found for this ticker/date.,Relative strength versus the benchmark looked favorable. 1-month excess return 39.47%; 3-month excess return 27.73%; 6-month excess return 157.31%.,"Model view: the forward return estimate was mildly positive at about 4.70%. Confidence was not explicitly available for this prediction. Technical state is constructive, with price above the 50-day and 200-day averages. RSI is in a steady zone near 57.1. MACD remains on the bearish side. Volatility is elevated at roughly 160.1%. No recent matched news was found for this ticker/date. Relative strength versus the benchmark looked favorable. 1-month excess return 39.47%; 3-month excess return 27.73%; 6-month excess return 157.31%."
2025-12-18,KSS,-4.8522292799636935,4.0753257730482755,,miss,linear_regression,target_5d_return,"Technical state is constructive, with price above the 50-day and 200-day averages. RSI is in a steady zone near 58.1. MACD remains on the bearish side. Volatility is elevated at roughly 159.4%.",No recent matched news was found for this ticker/date.,Relative strength versus the benchmark looked favorable. 1-month excess return 41.65%; 3-month excess return 29.67%; 6-month excess return 161.89%.,"Model view: the forward return estimate was mildly positive at about 4.08%. Confidence was not explicitly available for this prediction. Technical state is constructive, with price above the 50-day and 200-day averages. RSI is in a steady zone near 58.1. MACD remains on the bearish side. Volatility is elevated at roughly 159.4%. No recent matched news was found for this ticker/date. Relative strength versus the benchmark looked favorable. 1-month excess return 41.65%; 3-month excess return 29.67%; 6-month excess return 161.89%."
2025-12-19,KSS,-10.043102789151991,4.6679094567614765,,miss,linear_regression,target_5d_return,"Technical state is constructive, with price above the 50-day and 200-day averages. RSI is in a steady zone near 60.4. MACD remains on the bearish side. Volatility is elevated at roughly 158.3%.",No recent matched news was found for this ticker/date.,Relative strength versus the benchmark looked favorable. 1-month excess return 47.54%; 3-month excess return 35.28%; 6-month excess return 173.01%.,"Model view: the forward return estimate was mildly positive at about 4.67%. Confidence was not explicitly available for this prediction. Technical state is constructive, with price above the 50-day and 200-day averages. RSI is in a steady zone near 60.4. MACD remains on the bearish side. Volatility is elevated at roughly 158.3%. No recent matched news was found for this ticker/date. Relative strength versus the benchmark looked favorable. 1-month excess return 47.54%; 3-month excess return 35.28%; 6-month excess return 173.01%."
2025-12-22,KSS,-6.822343226685412,7.449659783808142,,miss,linear_regression,target_5d_return,"Technical state is constructive, with price above the 50-day and 200-day averages. RSI is in a steady zone near 52.5. MACD remains on the bearish side. Volatility is elevated at roughly 160.9%.",No recent matched news was found for this ticker/date.,Relative strength versus the benchmark looked favorable. 1-month excess return 40.64%; 3-month excess return 23.41%; 6-month excess return 153.13%.,"Model view: the forward return estimate was mildly positive at about 7.45%. Confidence was not explicitly available for this prediction. Technical state is constructive, with price above the 50-day and 200-day averages. RSI is in a steady zone near 52.5. MACD remains on the bearish side. Volatility is elevated at roughly 160.9%. No recent matched news was found for this ticker/date. Relative strength versus the benchmark looked favorable. 1-month excess return 40.64%; 3-month excess return 23.41%; 6-month excess return 153.13%."
2025-12-23,KSS,-4.715220472849713,7.054678378320018,,miss,linear_regression,target_5d_return,"Technical state is constructive, with price above the 50-day and 200-day averages. RSI is in a steady zone near 50.2. MACD remains on the bearish side. Volatility is elevated at roughly 161.4%.",No recent matched news was found for this ticker/date.,Relative strength versus the benchmark looked favorable. 1-month excess return 31.93%; 3-month excess return 21.32%; 6-month excess return 151.09%.,"Model view: the forward return estimate was mildly positive at about 7.05%. Confidence was not explicitly available for this prediction. Technical state is constructive, with price above the 50-day and 200-day averages. RSI is in a steady zone near 50.2. MACD remains on the bearish side. Volatility is elevated at roughly 161.4%. No recent matched news was found for this ticker/date. Relative strength versus the benchmark looked favorable. 1-month excess return 31.93%; 3-month excess return 21.32%; 6-month excess return 151.09%."
2025-12-24,KSS,-1.2037047420836444,6.4025113736418415,,miss,linear_regression,target_5d_return,"Technical state is constructive, with price above the 50-day and 200-day averages. RSI is in a steady zone near 51.2. MACD remains on the bearish side. Volatility is elevated at roughly 55.4%.",No recent matched news was found for this ticker/date.,Relative strength versus the benchmark looked favorable. 1-month excess return 34.09%; 3-month excess return 29.93%; 6-month excess return 146.78%.,"Model view: the forward return estimate was mildly positive at about 6.40%. Confidence was not explicitly available for this prediction. Technical state is constructive, with price above the 50-day and 200-day averages. RSI is in a steady zone near 51.2. MACD remains on the bearish side. Volatility is elevated at roughly 55.4%. No recent matched news was found for this ticker/date. Relative strength versus the benchmark looked favorable. 1-month excess return 34.09%; 3-month excess return 29.93%; 6-month excess return 146.78%."
2025-12-26,KSS,-0.834493777109202,6.297827194455925,,miss,linear_regression,target_5d_return,"Technical state is constructive, with price above the 50-day and 200-day averages. RSI is in a steady zone near 51.0. MACD remains on the bearish side. Volatility is elevated at roughly 47.6%.",No recent matched news was found for this ticker/date.,Relative strength versus the benchmark looked favorable. 1-month excess return -6.08%; 3-month excess return 28.86%; 6-month excess return 143.59%.,"Model view: the forward return estimate was mildly positive at about 6.30%. Confidence was not explicitly available for this prediction. Technical state is constructive, with price above the 50-day and 200-day averages. RSI is in a steady zone near 51.0. MACD remains on the bearish side. Volatility is elevated at roughly 47.6%. No recent matched news was found for this ticker/date. Relative strength versus the benchmark looked favorable. 1-month excess return -6.08%; 3-month excess return 28.86%; 6-month excess return 143.59%."
2025-12-29,KSS,5.9415415488968115,8.203595818954176,,hit,linear_regression,target_5d_return,"Technical state is constructive, with price above the 50-day and 200-day averages. MACD remains on the bearish side. Volatility is elevated at roughly 47.5%.",No recent matched news was found for this ticker/date.,Relative strength versus the benchmark looked favorable. 1-month excess return -14.63%; 3-month excess return 32.01%; 6-month excess return 134.74%.,"Model view: the forward return estimate was mildly positive at about 8.20%. Confidence was not explicitly available for this prediction. Technical state is constructive, with price above the 50-day and 200-day averages. MACD remains on the bearish side. Volatility is elevated at roughly 47.5%. No recent matched news was found for this ticker/date. Relative strength versus the benchmark looked favorable. 1-month excess return -14.63%; 3-month excess return 32.01%; 6-month excess return 134.74%."
2025-12-30,KSS,1.474197697478763,6.005190142066743,,hit,linear_regression,target_5d_return,"Technical state is constructive, with price above the 50-day and 200-day averages. MACD remains on the bearish side. Volatility is elevated at roughly 47.7%.",No recent matched news was found for this ticker/date.,Relative strength versus the benchmark looked favorable. 1-month excess return -17.77%; 3-month excess return 29.24%; 6-month excess return 110.90%.,"Model view: the forward return estimate was mildly positive at about 6.01%. Confidence was not explicitly available for this prediction. Technical state is constructive, with price above the 50-day and 200-day averages. MACD remains on the bearish side. Volatility is elevated at roughly 47.7%. No recent matched news was found for this ticker/date. Relative strength versus the benchmark looked favorable. 1-month excess return -17.77%; 3-month excess return 29.24%; 6-month excess return 110.90%."
2025-12-31,KSS,6.61440662206032,5.308039313683997,,hit,linear_regression,target_5d_return,"Technical state is constructive, with price above the 50-day and 200-day averages. MACD remains on the bearish side. Volatility is elevated at roughly 46.4%.",No recent matched news was found for this ticker/date.,Relative strength versus the benchmark looked favorable. 1-month excess return -15.67%; 3-month excess return 26.97%; 6-month excess return 111.88%.,"Model view: the forward return estimate was mildly positive at about 5.31%. Confidence was not explicitly available for this prediction. Technical state is constructive, with price above the 50-day and 200-day averages. MACD remains on the bearish side. Volatility is elevated at roughly 46.4%. No recent matched news was found for this ticker/date. Relative strength versus the benchmark looked favorable. 1-month excess return -15.67%; 3-month excess return 26.97%; 6-month excess return 111.88%."
2026-01-02,KSS,-3.748824889129776,5.348426464081234,,miss,linear_regression,target_5d_return,"Technical state is constructive, with price above the 50-day and 200-day averages. RSI is in a steady zone near 50.6. MACD remains on the bearish side. Volatility is elevated at roughly 44.3%.",No recent matched news was found for this ticker/date.,Relative strength versus the benchmark looked favorable. 1-month excess return -13.91%; 3-month excess return 27.76%; 6-month excess return 120.73%.,"Model view: the forward return estimate was mildly positive at about 5.35%. Confidence was not explicitly available for this prediction. Technical state is constructive, with price above the 50-day and 200-day averages. RSI is in a steady zone near 50.6. MACD remains on the bearish side. Volatility is elevated at roughly 44.3%. No recent matched news was found for this ticker/date. Relative strength versus the benchmark looked favorable. 1-month excess return -13.91%; 3-month excess return 27.76%; 6-month excess return 120.73%."
2026-01-05,KSS,-7.7138834296965,5.5798752493985315,,miss,linear_regression,target_5d_return,"Technical state is constructive, with price above the 50-day and 200-day averages. RSI is in a steady zone near 51.0. MACD remains on the bearish side. Volatility is elevated at roughly 44.1%.",No recent matched news was found for this ticker/date.,Relative strength versus the benchmark looked favorable. 1-month excess return -7.47%; 3-month excess return 23.70%; 6-month excess return 126.30%.,"Model view: the forward return estimate was mildly positive at about 5.58%. Confidence was not explicitly available for this prediction. Technical state is constructive, with price above the 50-day and 200-day averages. RSI is in a steady zone near 51.0. MACD remains on the bearish side. Volatility is elevated at roughly 44.1%. No recent matched news was found for this ticker/date. Relative strength versus the benchmark looked favorable. 1-month excess return -7.47%; 3-month excess return 23.70%; 6-month excess return 126.30%."
2026-01-06,KSS,-7.372234387691934,4.387620107062224,,miss,linear_regression,target_5d_return,"Technical state is constructive, with price above the 50-day and 200-day averages. RSI is in a steady zone near 55.3. MACD remains on the bearish side. Volatility is elevated at roughly 45.2%.",No recent matched news was found for this ticker/date.,Relative strength versus the benchmark looked favorable. 1-month excess return -3.18%; 3-month excess return 30.87%; 6-month excess return 131.93%.,"Model view: the forward return estimate was mildly positive at about 4.39%. Confidence was not explicitly available for this prediction. Technical state is constructive, with price above the 50-day and 200-day averages. RSI is in a steady zone near 55.3. MACD remains on the bearish side. Volatility is elevated at roughly 45.2%. No recent matched news was found for this ticker/date. Relative strength versus the benchmark looked favorable. 1-month excess return -3.18%; 3-month excess return 30.87%; 6-month excess return 131.93%."
2026-01-07,KSS,-6.489104975021121,7.659717408327827,,miss,linear_regression,target_5d_return,"Technical state is constructive, with price above the 50-day and 200-day averages. MACD remains on the bearish side. Volatility is elevated at roughly 50.5%.",No recent matched news was found for this ticker/date.,Relative strength versus the benchmark looked favorable. 1-month excess return -11.00%; 3-month excess return 27.12%; 6-month excess return 110.30%.,"Model view: the forward return estimate was mildly positive at about 7.66%. Confidence was not explicitly available for this prediction. Technical state is constructive, with price above the 50-day and 200-day averages. MACD remains on the bearish side. Volatility is elevated at roughly 50.5%. No recent matched news was found for this ticker/date. Relative strength versus the benchmark looked favorable. 1-month excess return -11.00%; 3-month excess return 27.12%; 6-month excess return 110.30%."
2026-01-08,KSS,-11.488970467388937,4.585728946344892,,miss,linear_regression,target_5d_return,"Technical state is constructive, with price above the 50-day and 200-day averages. RSI is in a steady zone near 52.6. MACD remains on the bearish side. Volatility is elevated at roughly 53.1%.",No recent matched news was found for this ticker/date.,Relative strength versus the benchmark looked favorable. 1-month excess return -5.01%; 3-month excess return 35.86%; 6-month excess return 115.28%.,"Model view: the forward return estimate was mildly positive at about 4.59%. Confidence was not explicitly available for this prediction. Technical state is constructive, with price above the 50-day and 200-day averages. RSI is in a steady zone near 52.6. MACD remains on the bearish side. Volatility is elevated at roughly 53.1%. No recent matched news was found for this ticker/date. Relative strength versus the benchmark looked favorable. 1-month excess return -5.01%; 3-month excess return 35.86%; 6-month excess return 115.28%."
2026-01-09,KSS,-9.3476143656961,8.395637650567727,,miss,linear_regression,target_5d_return,"Technical state is constructive, with price above the 50-day and 200-day averages. MACD remains on the bearish side. Volatility is elevated at roughly 56.1%.",No recent matched news was found for this ticker/date.,Relative strength versus the benchmark looked favorable. 1-month excess return -13.89%; 3-month excess return 31.08%; 6-month excess return 103.27%.,"Model view: the forward return estimate was mildly positive at about 8.40%. Confidence was not explicitly available for this prediction. Technical state is constructive, with price above the 50-day and 200-day averages. MACD remains on the bearish side. Volatility is elevated at roughly 56.1%. No recent matched news was found for this ticker/date. Relative strength versus the benchmark looked favorable. 1-month excess return -13.89%; 3-month excess return 31.08%; 6-month excess return 103.27%."
2026-01-12,KSS,-8.713269165641247,9.422166661281329,,miss,linear_regression,target_5d_return,"Technical state is mixed, with price not fully aligned across the major moving averages. MACD remains on the bearish side. Volatility is elevated at roughly 56.8%.",No recent matched news was found for this ticker/date.,Relative strength versus the benchmark looked favorable. 1-month excess return -17.60%; 3-month excess return 34.74%; 6-month excess return 91.98%.,"Model view: the forward return estimate was mildly positive at about 9.42%. Confidence was not explicitly available for this prediction. Technical state is mixed, with price not fully aligned across the major moving averages. MACD remains on the bearish side. Volatility is elevated at roughly 56.8%. No recent matched news was found for this ticker/date. Relative strength versus the benchmark looked favorable. 1-month excess return -17.60%; 3-month excess return 34.74%; 6-month excess return 91.98%."
2026-01-13,KSS,-12.548826915372025,8.257432036047879,,miss,linear_regression,target_5d_return,"Technical state is constructive, with price above the 50-day and 200-day averages. MACD remains on the bearish side. Volatility is elevated at roughly 58.7%.",No recent matched news was found for this ticker/date.,Relative strength versus the benchmark looked favorable. 1-month excess return -14.99%; 3-month excess return 27.21%; 6-month excess return 109.36%.,"Model view: the forward return estimate was mildly positive at about 8.26%. Confidence was not explicitly available for this prediction. Technical state is constructive, with price above the 50-day and 200-day averages. MACD remains on the bearish side. Volatility is elevated at roughly 58.7%. No recent matched news was found for this ticker/date. Relative strength versus the benchmark looked favorable. 1-month excess return -14.99%; 3-month excess return 27.21%; 6-month excess return 109.36%."
2026-01-14,KSS,-8.078713149080096,11.16866640732241,,miss,linear_regression,target_5d_return,"Technical state is mixed, with price not fully aligned across the major moving averages. MACD remains on the bearish side. Volatility is elevated at roughly 59.8%.",No recent matched news was found for this ticker/date.,Relative strength versus the benchmark looked favorable. 1-month excess return -18.30%; 3-month excess return 20.36%; 6-month excess return 94.98%.,"Model view: the forward return estimate was mildly positive at about 11.17%. Confidence was not explicitly available for this prediction. Technical state is mixed, with price not fully aligned across the major moving averages. MACD remains on the bearish side. Volatility is elevated at roughly 59.8%. No recent matched news was found for this ticker/date. Relative strength versus the benchmark looked favorable. 1-month excess return -18.30%; 3-month excess return 20.36%; 6-month excess return 94.98%."
2026-01-15,KSS,-8.307374675263002,10.249332719898751,,miss,linear_regression,target_5d_return,"Technical state is mixed, with price not fully aligned across the major moving averages. MACD remains on the bearish side. Volatility is elevated at roughly 57.8%.",No recent matched news was found for this ticker/date.,Relative strength versus the benchmark looked favorable. 1-month excess return -14.87%; 3-month excess return 21.35%; 6-month excess return 89.70%.,"Model view: the forward return estimate was mildly positive at about 10.25%. Confidence was not explicitly available for this prediction. Technical state is mixed, with price not fully aligned across the major moving averages. MACD remains on the bearish side. Volatility is elevated at roughly 57.8%. No recent matched news was found for this ticker/date. Relative strength versus the benchmark looked favorable. 1-month excess return -14.87%; 3-month excess return 21.35%; 6-month excess return 89.70%."
2026-01-16,KSS,-5.048337764179811,11.282452463881503,,miss,linear_regression,target_5d_return,"Technical state is mixed, with price not fully aligned across the major moving averages. RSI is weak near 38.7. MACD remains on the bearish side. Volatility is elevated at roughly 58.3%.",No recent matched news was found for this ticker/date.,Relative strength versus the benchmark looked favorable. 1-month excess return -20.77%; 3-month excess return 13.35%; 6-month excess return 84.11%.,"Model view: the forward return estimate was mildly positive at about 11.28%. Confidence was not explicitly available for this prediction. Technical state is mixed, with price not fully aligned across the major moving averages. RSI is weak near 38.7. MACD remains on the bearish side. Volatility is elevated at roughly 58.3%. No recent matched news was found for this ticker/date. Relative strength versus the benchmark looked favorable. 1-month excess return -20.77%; 3-month excess return 13.35%; 6-month excess return 84.11%."
2026-01-20,KSS,-1.2763570277115943,9.111387345290671,,miss,linear_regression,target_5d_return,"Technical state is mixed, with price not fully aligned across the major moving averages. RSI is weak near 36.3. MACD remains on the bearish side. Volatility is elevated at roughly 58.4%.",No recent matched news was found for this ticker/date.,Relative strength versus the benchmark looked favorable. 1-month excess return -20.64%; 3-month excess return 14.30%; 6-month excess return 65.12%.,"Model view: the forward return estimate was mildly positive at about 9.11%. Confidence was not explicitly available for this prediction. Technical state is mixed, with price not fully aligned across the major moving averages. RSI is weak near 36.3. MACD remains on the bearish side. Volatility is elevated at roughly 58.4%. No recent matched news was found for this ticker/date. Relative strength versus the benchmark looked favorable. 1-month excess return -20.64%; 3-month excess return 14.30%; 6-month excess return 65.12%."
2026-01-21,KSS,-3.8525993296271155,5.090026416297809,,miss,linear_regression,target_5d_return,"Technical state is mixed, with price not fully aligned across the major moving averages. RSI is weak near 35.8. MACD remains on the bearish side. Volatility is elevated at roughly 57.1%.",No recent matched news was found for this ticker/date.,Relative strength versus the benchmark looked favorable. 1-month excess return -22.33%; 3-month excess return 8.63%; 6-month excess return 15.84%.,"Model view: the forward return estimate was mildly positive at about 5.09%. Confidence was not explicitly available for this prediction. Technical state is mixed, with price not fully aligned across the major moving averages. RSI is weak near 35.8. MACD remains on the bearish side. Volatility is elevated at roughly 57.1%. No recent matched news was found for this ticker/date. Relative strength versus the benchmark looked favorable. 1-month excess return -22.33%; 3-month excess return 8.63%; 6-month excess return 15.84%."
2026-01-22,KSS,-4.7887345434914135,6.710976209070571,,miss,linear_regression,target_5d_return,"Technical state is mixed, with price not fully aligned across the major moving averages. RSI is weak near 35.2. MACD remains on the bearish side. Volatility is elevated at roughly 54.4%.",No recent matched news was found for this ticker/date.,Relative strength versus the benchmark looked favorable. 1-month excess return -24.45%; 3-month excess return 5.56%; 6-month excess return 35.61%.,"Model view: the forward return estimate was mildly positive at about 6.71%. Confidence was not explicitly available for this prediction. Technical state is mixed, with price not fully aligned across the major moving averages. RSI is weak near 35.2. MACD remains on the bearish side. Volatility is elevated at roughly 54.4%. No recent matched news was found for this ticker/date. Relative strength versus the benchmark looked favorable. 1-month excess return -24.45%; 3-month excess return 5.56%; 6-month excess return 35.61%."
2026-01-23,KSS,-1.0758807230989875,5.398151157434944,,miss,linear_regression,target_5d_return,"Technical state is mixed, with price not fully aligned across the major moving averages. RSI is weak near 34.8. MACD remains on the bearish side. Volatility is elevated at roughly 54.3%.",No recent matched news was found for this ticker/date.,Relative strength versus the benchmark looked favorable. 1-month excess return -19.79%; 3-month excess return 2.70%; 6-month excess return 20.90%.,"Model view: the forward return estimate was mildly positive at about 5.40%. Confidence was not explicitly available for this prediction. Technical state is mixed, with price not fully aligned across the major moving averages. RSI is weak near 34.8. MACD remains on the bearish side. Volatility is elevated at roughly 54.3%. No recent matched news was found for this ticker/date. Relative strength versus the benchmark looked favorable. 1-month excess return -19.79%; 3-month excess return 2.70%; 6-month excess return 20.90%."
2026-01-26,KSS,1.640265855050993,5.762850705856584,,hit,linear_regression,target_5d_return,"Technical state is mixed, with price not fully aligned across the major moving averages. RSI is weak near 34.9. MACD remains on the bearish side. Volatility is elevated at roughly 54.0%.",No recent matched news was found for this ticker/date.,Relative strength versus the benchmark looked favorable. 1-month excess return -18.16%; 3-month excess return 5.95%; 6-month excess return 29.44%.,"Model view: the forward return estimate was mildly positive at about 5.76%. Confidence was not explicitly available for this prediction. Technical state is mixed, with price not fully aligned across the major moving averages. RSI is weak near 34.9. MACD remains on the bearish side. Volatility is elevated at roughly 54.0%. No recent matched news was found for this ticker/date. Relative strength versus the benchmark looked favorable. 1-month excess return -18.16%; 3-month excess return 5.95%; 6-month excess return 29.44%."
2026-01-27,KSS,1.6863362654394365,5.253235743490853,,hit,linear_regression,target_5d_return,"Technical state is mixed, with price not fully aligned across the major moving averages. RSI is weak near 36.0. MACD remains on the bearish side. Volatility is elevated at roughly 54.2%.",No recent matched news was found for this ticker/date.,Relative strength versus the benchmark looked favorable. 1-month excess return -18.41%; 3-month excess return 5.85%; 6-month excess return 29.39%.,"Model view: the forward return estimate was mildly positive at about 5.25%. Confidence was not explicitly available for this prediction. Technical state is mixed, with price not fully aligned across the major moving averages. RSI is weak near 36.0. MACD remains on the bearish side. Volatility is elevated at roughly 54.2%. No recent matched news was found for this ticker/date. Relative strength versus the benchmark looked favorable. 1-month excess return -18.41%; 3-month excess return 5.85%; 6-month excess return 29.39%."
2026-01-28,KSS,5.4587721924508115,8.389385087971908,,hit,linear_regression,target_5d_return,"Technical state is mixed, with price not fully aligned across the major moving averages. RSI is weak near 33.1. MACD remains on the bearish side. Volatility is elevated at roughly 54.2%.",No recent matched news was found for this ticker/date.,Relative strength versus the benchmark looked favorable. 1-month excess return -20.92%; 3-month excess return 3.67%; 6-month excess return 37.77%.,"Model view: the forward return estimate was mildly positive at about 8.39%. Confidence was not explicitly available for this prediction. Technical state is mixed, with price not fully aligned across the major moving averages. RSI is weak near 33.1. MACD remains on the bearish side. Volatility is elevated at roughly 54.2%. No recent matched news was found for this ticker/date. Relative strength versus the benchmark looked favorable. 1-month excess return -20.92%; 3-month excess return 3.67%; 6-month excess return 37.77%."
2026-01-29,KSS,4.852069309665064,7.886768377977381,,hit,linear_regression,target_5d_return,"Technical state is mixed, with price not fully aligned across the major moving averages. RSI is weak near 31.6. MACD remains on the bearish side. Volatility is elevated at roughly 54.0%.",No recent matched news was found for this ticker/date.,Relative strength versus the benchmark looked favorable. 1-month excess return -19.92%; 3-month excess return 1.82%; 6-month excess return 39.20%.,"Model view: the forward return estimate was mildly positive at about 7.89%. Confidence was not explicitly available for this prediction. Technical state is mixed, with price not fully aligned across the major moving averages. RSI is weak near 31.6. MACD remains on the bearish side. Volatility is elevated at roughly 54.0%. No recent matched news was found for this ticker/date. Relative strength versus the benchmark looked favorable. 1-month excess return -19.92%; 3-month excess return 1.82%; 6-month excess return 39.20%."
2026-01-30,KSS,5.8958255702858064,7.443435743131607,,hit,linear_regression,target_5d_return,"Technical state is mixed, with price not fully aligned across the major moving averages. RSI is weak near 37.1. MACD remains on the bearish side. Volatility is elevated at roughly 56.0%.",No recent matched news was found for this ticker/date.,Relative strength versus the benchmark looked favorable. 1-month excess return -14.86%; 3-month excess return 8.99%; 6-month excess return 51.66%.,"Model view: the forward return estimate was mildly positive at about 7.44%. Confidence was not explicitly available for this prediction. Technical state is mixed, with price not fully aligned across the major moving averages. RSI is weak near 37.1. MACD remains on the bearish side. Volatility is elevated at roughly 56.0%. No recent matched news was found for this ticker/date. Relative strength versus the benchmark looked favorable. 1-month excess return -14.86%; 3-month excess return 8.99%; 6-month excess return 51.66%."
2026-02-02,KSS,-2.337229228394133,6.667056107184811,,miss,linear_regression,target_5d_return,"Technical state is mixed, with price not fully aligned across the major moving averages. MACD remains on the bearish side. Volatility is elevated at roughly 54.1%.",No recent matched news was found for this ticker/date.,Relative strength versus the benchmark looked favorable. 1-month excess return -13.96%; 3-month excess return 11.64%; 6-month excess return 55.53%.,"Model view: the forward return estimate was mildly positive at about 6.67%. Confidence was not explicitly available for this prediction. Technical state is mixed, with price not fully aligned across the major moving averages. MACD remains on the bearish side. Volatility is elevated at roughly 54.1%. No recent matched news was found for this ticker/date. Relative strength versus the benchmark looked favorable. 1-month excess return -13.96%; 3-month excess return 11.64%; 6-month excess return 55.53%."
2026-02-03,KSS,-4.367058644907362,6.356527068437066,,miss,linear_regression,target_5d_return,"Technical state is mixed, with price not fully aligned across the major moving averages. MACD remains on the bearish side. Volatility is elevated at roughly 54.3%.",No recent matched news was found for this ticker/date.,Relative strength versus the benchmark looked favorable. 1-month excess return -16.16%; 3-month excess return 10.05%; 6-month excess return 49.51%.,"Model view: the forward return estimate was mildly positive at about 6.36%. Confidence was not explicitly available for this prediction. Technical state is mixed, with price not fully aligned across the major moving averages. MACD remains on the bearish side. Volatility is elevated at roughly 54.3%. No recent matched news was found for this ticker/date. Relative strength versus the benchmark looked favorable. 1-month excess return -16.16%; 3-month excess return 10.05%; 6-month excess return 49.51%."
2026-02-04,KSS,3.4141015663155416,5.705366458004795,,hit,linear_regression,target_5d_return,"Technical state is mixed, with price not fully aligned across the major moving averages. MACD remains on the bullish side. Volatility is elevated at roughly 52.2%.",No recent matched news was found for this ticker/date.,Relative strength versus the benchmark looked favorable. 1-month excess return -14.86%; 3-month excess return 10.31%; 6-month excess return 48.64%.,"Model view: the forward return estimate was mildly positive at about 5.71%. Confidence was not explicitly available for this prediction. Technical state is mixed, with price not fully aligned across the major moving averages. MACD remains on the bullish side. Volatility is elevated at roughly 52.2%. No recent matched news was found for this ticker/date. Relative strength versus the benchmark looked favorable. 1-month excess return -14.86%; 3-month excess return 10.31%; 6-month excess return 48.64%."
2026-02-05,KSS,6.772013597286564,6.920007144100685,,hit,linear_regression,target_5d_return,"Technical state is mixed, with price not fully aligned across the major moving averages. MACD remains on the bullish side. Volatility is elevated at roughly 48.2%.",No recent matched news was found for this ticker/date.,Relative strength versus the benchmark looked favorable. 1-month excess return -17.79%; 3-month excess return 9.65%; 6-month excess return 43.68%.,"Model view: the forward return estimate was mildly positive at about 6.92%. Confidence was not explicitly available for this prediction. Technical state is mixed, with price not fully aligned across the major moving averages. MACD remains on the bullish side. Volatility is elevated at roughly 48.2%. No recent matched news was found for this ticker/date. Relative strength versus the benchmark looked favorable. 1-month excess return -17.79%; 3-month excess return 9.65%; 6-month excess return 43.68%."
2026-02-06,KSS,7.297299359295817,6.032339788252051,,hit,linear_regression,target_5d_return,"Technical state is mixed, with price not fully aligned across the major moving averages. MACD remains on the bullish side. Volatility is elevated at roughly 46.6%.",No recent matched news was found for this ticker/date.,Relative strength versus the benchmark looked favorable. 1-month excess return -10.58%; 3-month excess return 3.49%; 6-month excess return 54.58%.,"Model view: the forward return estimate was mildly positive at about 6.03%. Confidence was not explicitly available for this prediction. Technical state is mixed, with price not fully aligned across the major moving averages. MACD remains on the bullish side. Volatility is elevated at roughly 46.6%. No recent matched news was found for this ticker/date. Relative strength versus the benchmark looked favorable. 1-month excess return -10.58%; 3-month excess return 3.49%; 6-month excess return 54.58%."
2026-02-09,KSS,11.452993255049805,9.955752932485842,,hit,linear_regression,target_5d_return,"Technical state is mixed, with price not fully aligned across the major moving averages. MACD remains on the bullish side. Volatility is elevated at roughly 46.0%.",No recent matched news was found for this ticker/date.,Relative strength versus the benchmark looked favorable. 1-month excess return -20.01%; 3-month excess return 1.21%; 6-month excess return 48.86%.,"Model view: the forward return estimate was mildly positive at about 9.96%. Confidence was not explicitly available for this prediction. Technical state is mixed, with price not fully aligned across the major moving averages. MACD remains on the bullish side. Volatility is elevated at roughly 46.0%. No recent matched news was found for this ticker/date. Relative strength versus the benchmark looked favorable. 1-month excess return -20.01%; 3-month excess return 1.21%; 6-month excess return 48.86%."
2026-02-10,KSS,11.67630373899884,7.557946244192037,,hit,linear_regression,target_5d_return,"Technical state is mixed, with price not fully aligned across the major moving averages. RSI is weak near 39.4. MACD remains on the bullish side. Volatility is elevated at roughly 44.6%.",No recent matched news was found for this ticker/date.,Relative strength versus the benchmark looked mixed. 1-month excess return -15.48%; 3-month excess return -1.46%; 6-month excess return 32.81%.,"Model view: the forward return estimate was mildly positive at about 7.56%. Confidence was not explicitly available for this prediction. Technical state is mixed, with price not fully aligned across the major moving averages. RSI is weak near 39.4. MACD remains on the bullish side. Volatility is elevated at roughly 44.6%. No recent matched news was found for this ticker/date. Relative strength versus the benchmark looked mixed. 1-month excess return -15.48%; 3-month excess return -1.46%; 6-month excess return 32.81%."
2026-02-11,KSS,2.555908012174135,5.332746344782839,,hit,linear_regression,target_5d_return,"Technical state is mixed, with price not fully aligned across the major moving averages. RSI is in a steady zone near 50.9. MACD remains on the bullish side. Volatility is elevated at roughly 53.2%.",No recent matched news was found for this ticker/date.,Relative strength versus the benchmark looked favorable. 1-month excess return -4.40%; 3-month excess return 3.28%; 6-month excess return 38.66%.,"Model view: the forward return estimate was mildly positive at about 5.33%. Confidence was not explicitly available for this prediction. Technical state is mixed, with price not fully aligned across the major moving averages. RSI is in a steady zone near 50.9. MACD remains on the bullish side. Volatility is elevated at roughly 53.2%. No recent matched news was found for this ticker/date. Relative strength versus the benchmark looked favorable. 1-month excess return -4.40%; 3-month excess return 3.28%; 6-month excess return 38.66%."
2026-02-12,KSS,-0.739954487758443,4.989316401441959,,miss,linear_regression,target_5d_return,"Technical state is mixed, with price not fully aligned across the major moving averages. RSI is in a steady zone near 51.9. MACD remains on the bullish side. Volatility is elevated at roughly 49.5%.",No recent matched news was found for this ticker/date.,Relative strength versus the benchmark looked favorable. 1-month excess return -5.81%; 3-month excess return 5.45%; 6-month excess return 29.47%.,"Model view: the forward return estimate was mildly positive at about 4.99%. Confidence was not explicitly available for this prediction. Technical state is mixed, with price not fully aligned across the major moving averages. RSI is in a steady zone near 51.9. MACD remains on the bullish side. Volatility is elevated at roughly 49.5%. No recent matched news was found for this ticker/date. Relative strength versus the benchmark looked favorable. 1-month excess return -5.81%; 3-month excess return 5.45%; 6-month excess return 29.47%."
2026-02-13,KSS,-8.614614402816844,4.796656304298535,,miss,linear_regression,target_5d_return,"Technical state is mixed, with price not fully aligned across the major moving averages. RSI is in a steady zone near 57.6. MACD remains on the bullish side. Volatility is elevated at roughly 52.5%.",No recent matched news was found for this ticker/date.,Relative strength versus the benchmark looked favorable. 1-month excess return 4.06%; 3-month excess return 10.12%; 6-month excess return 31.53%.,"Model view: the forward return estimate was mildly positive at about 4.80%. Confidence was not explicitly available for this prediction. Technical state is mixed, with price not fully aligned across the major moving averages. RSI is in a steady zone near 57.6. MACD remains on the bullish side. Volatility is elevated at roughly 52.5%. No recent matched news was found for this ticker/date. Relative strength versus the benchmark looked favorable. 1-month excess return 4.06%; 3-month excess return 10.12%; 6-month excess return 31.53%."
2026-02-17,KSS,-9.458079918104922,5.05322994158159,,miss,linear_regression,target_5d_return,"Technical state is mixed, with price not fully aligned across the major moving averages. RSI is in a steady zone near 55.4. MACD remains on the bullish side. Volatility is elevated at roughly 51.2%.",No recent matched news was found for this ticker/date.,Relative strength versus the benchmark looked favorable. 1-month excess return 2.91%; 3-month excess return 10.15%; 6-month excess return 35.89%.,"Model view: the forward return estimate was mildly positive at about 5.05%. Confidence was not explicitly available for this prediction. Technical state is mixed, with price not fully aligned across the major moving averages. RSI is in a steady zone near 55.4. MACD remains on the bullish side. Volatility is elevated at roughly 51.2%. No recent matched news was found for this ticker/date. Relative strength versus the benchmark looked favorable. 1-month excess return 2.91%; 3-month excess return 10.15%; 6-month excess return 35.89%."
2026-02-18,KSS,-11.18012361040962,6.239200437168661,,miss,linear_regression,target_5d_return,"Technical state is mixed, with price not fully aligned across the major moving averages. RSI is in a steady zone near 53.5. MACD remains on the bullish side. Volatility is elevated at roughly 49.9%.",No recent matched news was found for this ticker/date.,Relative strength versus the benchmark looked favorable. 1-month excess return 4.54%; 3-month excess return 13.19%; 6-month excess return 34.91%.,"Model view: the forward return estimate was mildly positive at about 6.24%. Confidence was not explicitly available for this prediction. Technical state is mixed, with price not fully aligned across the major moving averages. RSI is in a steady zone near 53.5. MACD remains on the bullish side. Volatility is elevated at roughly 49.9%. No recent matched news was found for this ticker/date. Relative strength versus the benchmark looked favorable. 1-month excess return 4.54%; 3-month excess return 13.19%; 6-month excess return 34.91%."
2026-02-19,KSS,-9.39771258791654,7.232669873978734,,miss,linear_regression,target_5d_return,"Technical state is mixed, with price not fully aligned across the major moving averages. RSI is in a steady zone near 53.1. MACD remains on the bullish side. Volatility is elevated at roughly 49.8%.",No recent matched news was found for this ticker/date.,Relative strength versus the benchmark looked favorable. 1-month excess return 5.86%; 3-month excess return 17.59%; 6-month excess return 34.06%.,"Model view: the forward return estimate was mildly positive at about 7.23%. Confidence was not explicitly available for this prediction. Technical state is mixed, with price not fully aligned across the major moving averages. RSI is in a steady zone near 53.1. MACD remains on the bullish side. Volatility is elevated at roughly 49.8%. No recent matched news was found for this ticker/date. Relative strength versus the benchmark looked favorable. 1-month excess return 5.86%; 3-month excess return 17.59%; 6-month excess return 34.06%."
2026-02-20,KSS,-12.83279957026766,9.53570119974283,,miss,linear_regression,target_5d_return,"Technical state is mixed, with price not fully aligned across the major moving averages. MACD remains on the bullish side. Volatility is elevated at roughly 50.7%.",No recent matched news was found for this ticker/date.,Relative strength versus the benchmark looked favorable. 1-month excess return 4.27%; 3-month excess return 14.94%; 6-month excess return 32.69%.,"Model view: the forward return estimate was mildly positive at about 9.54%. Confidence was not explicitly available for this prediction. Technical state is mixed, with price not fully aligned across the major moving averages. MACD remains on the bullish side. Volatility is elevated at roughly 50.7%. No recent matched news was found for this ticker/date. Relative strength versus the benchmark looked favorable. 1-month excess return 4.27%; 3-month excess return 14.94%; 6-month excess return 32.69%."
2026-02-23,KSS,-14.66372622333182,10.28296377406802,,miss,linear_regression,target_5d_return,"Technical state is mixed, with price not fully aligned across the major moving averages. MACD remains on the bullish side. Volatility is elevated at roughly 52.4%.",No recent matched news was found for this ticker/date.,Relative strength versus the benchmark looked favorable. 1-month excess return 3.13%; 3-month excess return 14.69%; 6-month excess return 28.76%.,"Model view: the forward return estimate was mildly positive at about 10.28%. Confidence was not explicitly available for this prediction. Technical state is mixed, with price not fully aligned across the major moving averages. MACD remains on the bullish side. Volatility is elevated at roughly 52.4%. No recent matched news was found for this ticker/date. Relative strength versus the benchmark looked favorable. 1-month excess return 3.13%; 3-month excess return 14.69%; 6-month excess return 28.76%."
2026-02-24,KSS,-13.156403672965622,9.680273658898654,,miss,linear_regression,target_5d_return,"Technical state is mixed, with price not fully aligned across the major moving averages. MACD remains on the bullish side. Volatility is elevated at roughly 53.1%.",No recent matched news was found for this ticker/date.,Relative strength versus the benchmark looked favorable. 1-month excess return 0.54%; 3-month excess return 12.69%; 6-month excess return 20.93%.,"Model view: the forward return estimate was mildly positive at about 9.68%. Confidence was not explicitly available for this prediction. Technical state is mixed, with price not fully aligned across the major moving averages. MACD remains on the bullish side. Volatility is elevated at roughly 53.1%. No recent matched news was found for this ticker/date. Relative strength versus the benchmark looked favorable. 1-month excess return 0.54%; 3-month excess return 12.69%; 6-month excess return 20.93%."
2026-02-25,KSS,-10.897435327431515,8.702412913197412,,miss,linear_regression,target_5d_return,"Technical state is mixed, with price not fully aligned across the major moving averages. RSI is weak near 38.6. MACD remains on the bearish side. Volatility is elevated at roughly 54.3%.",No recent matched news was found for this ticker/date.,Relative strength versus the benchmark looked favorable. 1-month excess return -3.01%; 3-month excess return 4.01%; 6-month excess return 15.08%.,"Model view: the forward return estimate was mildly positive at about 8.70%. Confidence was not explicitly available for this prediction. Technical state is mixed, with price not fully aligned across the major moving averages. RSI is weak near 38.6. MACD remains on the bearish side. Volatility is elevated at roughly 54.3%. No recent matched news was found for this ticker/date. Relative strength versus the benchmark looked favorable. 1-month excess return -3.01%; 3-month excess return 4.01%; 6-month excess return 15.08%."
2026-02-26,KSS,-10.200576554849771,7.902233068630215,,miss,linear_regression,target_5d_return,"Technical state is mixed, with price not fully aligned across the major moving averages. MACD remains on the bearish side. Volatility is elevated at roughly 53.3%.",No recent matched news was found for this ticker/date.,Relative strength versus the benchmark looked favorable. 1-month excess return -1.01%; 3-month excess return 7.84%; 6-month excess return 26.92%.,"Model view: the forward return estimate was mildly positive at about 7.90%. Confidence was not explicitly available for this prediction. Technical state is mixed, with price not fully aligned across the major moving averages. MACD remains on the bearish side. Volatility is elevated at roughly 53.3%. No recent matched news was found for this ticker/date. Relative strength versus the benchmark looked favorable. 1-month excess return -1.01%; 3-month excess return 7.84%; 6-month excess return 26.92%."
2026-02-27,KSS,-7.635924798968141,5.764944630278015,,miss,linear_regression,target_5d_return,"Technical state is mixed, with price not fully aligned across the major moving averages. RSI is weak near 35.2. MACD remains on the bearish side. Volatility is elevated at roughly 57.5%.",No recent matched news was found for this ticker/date.,Relative strength versus the benchmark looked weak. 1-month excess return -3.60%; 3-month excess return -28.66%; 6-month excess return -4.92%.,"Model view: the forward return estimate was mildly positive at about 5.76%. Confidence was not explicitly available for this prediction. Technical state is mixed, with price not fully aligned across the major moving averages. RSI is weak near 35.2. MACD remains on the bearish side. Volatility is elevated at roughly 57.5%. No recent matched news was found for this ticker/date. Relative strength versus the benchmark looked weak. 1-month excess return -3.60%; 3-month excess return -28.66%; 6-month excess return -4.92%."
2026-03-02,KSS,-4.39276079851375,6.902559428021951,,miss,linear_regression,target_5d_return,"Technical state is mixed, with price not fully aligned across the major moving averages. RSI is weak near 31.1. MACD remains on the bearish side. Volatility is elevated at roughly 59.0%.",No recent matched news was found for this ticker/date.,Relative strength versus the benchmark looked weak. 1-month excess return -7.31%; 3-month excess return -36.78%; 6-month excess return -5.11%.,"Model view: the forward return estimate was mildly positive at about 6.90%. Confidence was not explicitly available for this prediction. Technical state is mixed, with price not fully aligned across the major moving averages. RSI is weak near 31.1. MACD remains on the bearish side. Volatility is elevated at roughly 59.0%. No recent matched news was found for this ticker/date. Relative strength versus the benchmark looked weak. 1-month excess return -7.31%; 3-month excess return -36.78%; 6-month excess return -5.11%."
2026-03-03,KSS,-5.201561669584843,5.8507567905313556,,miss,linear_regression,target_5d_return,"Technical state is mixed, with price not fully aligned across the major moving averages. RSI is weak near 30.7. MACD remains on the bearish side. Volatility is elevated at roughly 57.6%.",No recent matched news was found for this ticker/date.,Relative strength versus the benchmark looked weak. 1-month excess return -10.31%; 3-month excess return -37.03%; 6-month excess return -3.38%.,"Model view: the forward return estimate was mildly positive at about 5.85%. Confidence was not explicitly available for this prediction. Technical state is mixed, with price not fully aligned across the major moving averages. RSI is weak near 30.7. MACD remains on the bearish side. Volatility is elevated at roughly 57.6%. No recent matched news was found for this ticker/date. Relative strength versus the benchmark looked weak. 1-month excess return -10.31%; 3-month excess return -37.03%; 6-month excess return -3.38%."
2026-03-04,KSS,-9.810333575816522,5.726223270159884,,miss,linear_regression,target_5d_return,"Technical state is soft, with price below the 50-day and 200-day averages. RSI is weak near 30.3. MACD remains on the bearish side. Volatility is elevated at roughly 57.3%.",No recent matched news was found for this ticker/date.,Relative strength versus the benchmark looked weak. 1-month excess return -13.43%; 3-month excess return -37.38%; 6-month excess return -12.25%.,"Model view: the forward return estimate was mildly positive at about 5.73%. Confidence was not explicitly available for this prediction. Technical state is soft, with price below the 50-day and 200-day averages. RSI is weak near 30.3. MACD remains on the bearish side. Volatility is elevated at roughly 57.3%. No recent matched news was found for this ticker/date. Relative strength versus the benchmark looked weak. 1-month excess return -13.43%; 3-month excess return -37.38%; 6-month excess return -12.25%."
2026-03-05,KSS,-15.31588772715493,4.786478446827679,,miss,linear_regression,target_5d_return,"Technical state is mixed, with price not fully aligned across the major moving averages. RSI is weak near 34.2. MACD remains on the bearish side. Volatility is elevated at roughly 58.4%.",No recent matched news was found for this ticker/date.,Relative strength versus the benchmark looked weak. 1-month excess return -12.22%; 3-month excess return -36.62%; 6-month excess return -7.07%.,"Model view: the forward return estimate was mildly positive at about 4.79%. Confidence was not explicitly available for this prediction. Technical state is mixed, with price not fully aligned across the major moving averages. RSI is weak near 34.2. MACD remains on the bearish side. Volatility is elevated at roughly 58.4%. No recent matched news was found for this ticker/date. Relative strength versus the benchmark looked weak. 1-month excess return -12.22%; 3-month excess return -36.62%; 6-month excess return -7.07%."
2026-03-06,KSS,-12.830685152558562,5.692710136437305,,miss,linear_regression,target_5d_return,"Technical state is soft, with price below the 50-day and 200-day averages. RSI is weak near 31.4. MACD remains on the bearish side. Volatility is elevated at roughly 58.9%.",No recent matched news was found for this ticker/date.,Relative strength versus the benchmark looked weak. 1-month excess return -14.76%; 3-month excess return -32.53%; 6-month excess return -11.58%.,"Model view: the forward return estimate was mildly positive at about 5.69%. Confidence was not explicitly available for this prediction. Technical state is soft, with price below the 50-day and 200-day averages. RSI is weak near 31.4. MACD remains on the bearish side. Volatility is elevated at roughly 58.9%. No recent matched news was found for this ticker/date. Relative strength versus the benchmark looked weak. 1-month excess return -14.76%; 3-month excess return -32.53%; 6-month excess return -11.58%."
2026-03-09,KSS,-11.891893285134113,4.885494844080475,,miss,linear_regression,target_5d_return,"Technical state is soft, with price below the 50-day and 200-day averages. RSI is weak near 29.9. MACD remains on the bearish side. Volatility is elevated at roughly 55.9%.",No recent matched news was found for this ticker/date.,Relative strength versus the benchmark looked weak. 1-month excess return -16.59%; 3-month excess return -33.58%; 6-month excess return -15.53%.,"Model view: the forward return estimate was mildly positive at about 4.89%. Confidence was not explicitly available for this prediction. Technical state is soft, with price below the 50-day and 200-day averages. RSI is weak near 29.9. MACD remains on the bearish side. Volatility is elevated at roughly 55.9%. No recent matched news was found for this ticker/date. Relative strength versus the benchmark looked weak. 1-month excess return -16.59%; 3-month excess return -33.58%; 6-month excess return -15.53%."
2026-03-10,KSS,-12.96296538554672,2.530708232800797,,miss,linear_regression,target_5d_return,"Technical state is soft, with price below the 50-day and 200-day averages. RSI is weak near 28.9. MACD remains on the bearish side. Volatility is elevated at roughly 53.8%.",No recent matched news was found for this ticker/date.,Relative strength versus the benchmark looked weak. 1-month excess return -19.22%; 3-month excess return -35.52%; 6-month excess return -16.51%.,"Model view: the forward return estimate was mildly positive at about 2.53%. Confidence was not explicitly available for this prediction. Technical state is soft, with price below the 50-day and 200-day averages. RSI is weak near 28.9. MACD remains on the bearish side. Volatility is elevated at roughly 53.8%. No recent matched news was found for this ticker/date. Relative strength versus the benchmark looked weak. 1-month excess return -19.22%; 3-month excess return -35.52%; 6-month excess return -16.51%."
2026-03-11,KSS,-12.762873341192794,5.396945692879356,,miss,linear_regression,target_5d_return,"Technical state is soft, with price below the 50-day and 200-day averages. RSI is weak near 25.5. MACD remains on the bearish side. Volatility is elevated at roughly 56.2%.",No recent matched news was found for this ticker/date.,Relative strength versus the benchmark looked weak. 1-month excess return -18.89%; 3-month excess return -38.20%; 6-month excess return -21.05%.,"Model view: the forward return estimate was mildly positive at about 5.40%. Confidence was not explicitly available for this prediction. Technical state is soft, with price below the 50-day and 200-day averages. RSI is weak near 25.5. MACD remains on the bearish side. Volatility is elevated at roughly 56.2%. No recent matched news was found for this ticker/date. Relative strength versus the benchmark looked weak. 1-month excess return -18.89%; 3-month excess return -38.20%; 6-month excess return -21.05%."
2026-03-12,KSS,-3.16503437683171,10.141315970026191,,miss,linear_regression,target_5d_return,"Technical state is soft, with price below the 50-day and 200-day averages. RSI is weak near 23.5. MACD remains on the bearish side. Volatility is elevated at roughly 43.9%.",No recent matched news was found for this ticker/date.,Relative strength versus the benchmark looked weak. 1-month excess return -19.53%; 3-month excess return -40.83%; 6-month excess return -19.41%.,"Model view: the forward return estimate was mildly positive at about 10.14%. Confidence was not explicitly available for this prediction. Technical state is soft, with price below the 50-day and 200-day averages. RSI is weak near 23.5. MACD remains on the bearish side. Volatility is elevated at roughly 43.9%. No recent matched news was found for this ticker/date. Relative strength versus the benchmark looked weak. 1-month excess return -19.53%; 3-month excess return -40.83%; 6-month excess return -19.41%."
2026-03-13,KSS,-5.690439928938962,11.178241355925586,,miss,linear_regression,target_5d_return,"Technical state is soft, with price below the 50-day and 200-day averages. RSI is weak near 23.2. MACD remains on the bearish side. Volatility is elevated at roughly 43.1%.",No recent matched news was found for this ticker/date.,Relative strength versus the benchmark looked weak. 1-month excess return -25.54%; 3-month excess return -40.57%; 6-month excess return -19.09%.,"Model view: the forward return estimate was mildly positive at about 11.18%. Confidence was not explicitly available for this prediction. Technical state is soft, with price below the 50-day and 200-day averages. RSI is weak near 23.2. MACD remains on the bearish side. Volatility is elevated at roughly 43.1%. No recent matched news was found for this ticker/date. Relative strength versus the benchmark looked weak. 1-month excess return -25.54%; 3-month excess return -40.57%; 6-month excess return -19.09%."
2026-03-16,KSS,0.8435556518331166,12.627721241533315,,hit,linear_regression,target_5d_return,"Technical state is soft, with price below the 50-day and 200-day averages. RSI is weak near 22.6. MACD remains on the bearish side. Volatility is elevated at roughly 35.3%.",No recent matched news was found for this ticker/date.,Relative strength versus the benchmark looked weak. 1-month excess return -29.27%; 3-month excess return -42.52%; 6-month excess return -16.55%.,"Model view: the forward return estimate was mildly positive at about 12.63%. Confidence was not explicitly available for this prediction. Technical state is soft, with price below the 50-day and 200-day averages. RSI is weak near 22.6. MACD remains on the bearish side. Volatility is elevated at roughly 35.3%. No recent matched news was found for this ticker/date. Relative strength versus the benchmark looked weak. 1-month excess return -29.27%; 3-month excess return -42.52%; 6-month excess return -16.55%."
2026-03-17,KSS,-2.679268795557399,13.624612447435531,,miss,linear_regression,target_5d_return,"Technical state is soft, with price below the 50-day and 200-day averages. RSI is weak near 21.3. MACD remains on the bearish side. Volatility is elevated at roughly 35.3%.",No recent matched news was found for this ticker/date.,Relative strength versus the benchmark looked weak. 1-month excess return -34.48%; 3-month excess return -43.87%; 6-month excess return -22.47%.,"Model view: the forward return estimate was mildly positive at about 13.62%. Confidence was not explicitly available for this prediction. Technical state is soft, with price below the 50-day and 200-day averages. RSI is weak near 21.3. MACD remains on the bearish side. Volatility is elevated at roughly 35.3%. No recent matched news was found for this ticker/date. Relative strength versus the benchmark looked weak. 1-month excess return -34.48%; 3-month excess return -43.87%; 6-month excess return -22.47%."
2026-03-18,KSS,5.569410566632382,11.62588262447283,,hit,linear_regression,target_5d_return,"Technical state is soft, with price below the 50-day and 200-day averages. RSI is weak near 19.0. MACD remains on the bearish side. Volatility is elevated at roughly 36.8%.",No recent matched news was found for this ticker/date.,Relative strength versus the benchmark looked weak. 1-month excess return -35.37%; 3-month excess return -42.95%; 6-month excess return -28.01%.,"Model view: the forward return estimate was mildly positive at about 11.63%. Confidence was not explicitly available for this prediction. Technical state is soft, with price below the 50-day and 200-day averages. RSI is weak near 19.0. MACD remains on the bearish side. Volatility is elevated at roughly 36.8%. No recent matched news was found for this ticker/date. Relative strength versus the benchmark looked weak. 1-month excess return -35.37%; 3-month excess return -42.95%; 6-month excess return -28.01%."
2026-03-19,KSS,0.544744690631771,8.71854401210333,,hit,linear_regression,target_5d_return,"Technical state is soft, with price below the 50-day and 200-day averages. RSI is weak near 29.1. MACD remains on the bearish side. Volatility is elevated at roughly 48.7%.",No recent matched news was found for this ticker/date.,Relative strength versus the benchmark looked weak. 1-month excess return -29.62%; 3-month excess return -41.21%; 6-month excess return -25.57%.,"Model view: the forward return estimate was mildly positive at about 8.72%. Confidence was not explicitly available for this prediction. Technical state is soft, with price below the 50-day and 200-day averages. RSI is weak near 29.1. MACD remains on the bearish side. Volatility is elevated at roughly 48.7%. No recent matched news was found for this ticker/date. Relative strength versus the benchmark looked weak. 1-month excess return -29.62%; 3-month excess return -41.21%; 6-month excess return -25.57%."
2026-03-20,KSS,0.24134941459896808,8.252950881181356,,hit,linear_regression,target_5d_return,"Technical state is soft, with price below the 50-day and 200-day averages. RSI is weak near 27.3. MACD remains on the bearish side. Volatility is elevated at roughly 48.9%.",No recent matched news was found for this ticker/date.,Relative strength versus the benchmark looked weak. 1-month excess return -30.44%; 3-month excess return -41.46%; 6-month excess return -26.67%.,"Model view: the forward return estimate was mildly positive at about 8.25%. Confidence was not explicitly available for this prediction. Technical state is soft, with price below the 50-day and 200-day averages. RSI is weak near 27.3. MACD remains on the bearish side. Volatility is elevated at roughly 48.9%. No recent matched news was found for this ticker/date. Relative strength versus the benchmark looked weak. 1-month excess return -30.44%; 3-month excess return -41.46%; 6-month excess return -26.67%."
2026-03-23,KSS,-7.224333359876667,7.336979490743423,,miss,linear_regression,target_5d_return,"Technical state is soft, with price below the 50-day and 200-day averages. RSI is weak near 35.0. MACD remains on the bearish side. Volatility is elevated at roughly 55.8%.",No recent matched news was found for this ticker/date.,Relative strength versus the benchmark looked weak. 1-month excess return -25.31%; 3-month excess return -39.17%; 6-month excess return -22.61%.,"Model view: the forward return estimate was mildly positive at about 7.34%. Confidence was not explicitly available for this prediction. Technical state is soft, with price below the 50-day and 200-day averages. RSI is weak near 35.0. MACD remains on the bearish side. Volatility is elevated at roughly 55.8%. No recent matched news was found for this ticker/date. Relative strength versus the benchmark looked weak. 1-month excess return -25.31%; 3-month excess return -39.17%; 6-month excess return -22.61%."
2026-03-24,KSS,4.453434980340409,9.760563808147587,,hit,linear_regression,target_5d_return,"Technical state is soft, with price below the 50-day and 200-day averages. RSI is weak near 31.0. MACD remains on the bearish side. Volatility is elevated at roughly 58.0%.",No recent matched news was found for this ticker/date.,Relative strength versus the benchmark looked weak. 1-month excess return -27.90%; 3-month excess return -42.75%; 6-month excess return -24.87%.,"Model view: the forward return estimate was mildly positive at about 9.76%. Confidence was not explicitly available for this prediction. Technical state is soft, with price below the 50-day and 200-day averages. RSI is weak near 31.0. MACD remains on the bearish side. Volatility is elevated at roughly 58.0%. No recent matched news was found for this ticker/date. Relative strength versus the benchmark looked weak. 1-month excess return -27.90%; 3-month excess return -42.75%; 6-month excess return -24.87%."
2026-03-25,KSS,1.417325258890667,5.514646802296105,,hit,linear_regression,target_5d_return,"Technical state is soft, with price below the 50-day and 200-day averages. RSI is weak near 34.5. MACD remains on the bullish side. Volatility is elevated at roughly 60.0%.",No recent matched news was found for this ticker/date.,Relative strength versus the benchmark looked weak. 1-month excess return -24.09%; 3-month excess return -38.03%; 6-month excess return -25.54%.,"Model view: the forward return estimate was mildly positive at about 5.51%. Confidence was not explicitly available for this prediction. Technical state is soft, with price below the 50-day and 200-day averages. RSI is weak near 34.5. MACD remains on the bullish side. Volatility is elevated at roughly 60.0%. No recent matched news was found for this ticker/date. Relative strength versus the benchmark looked weak. 1-month excess return -24.09%; 3-month excess return -38.03%; 6-month excess return -25.54%."
2026-03-26,KSS,-0.7739967560310701,6.144569134294435,,miss,linear_regression,target_5d_return,"Technical state is soft, with price below the 50-day and 200-day averages. RSI is weak near 36.7. MACD remains on the bullish side. Volatility is elevated at roughly 60.0%.",No recent matched news was found for this ticker/date.,Relative strength versus the benchmark looked weak. 1-month excess return -18.03%; 3-month excess return -33.72%; 6-month excess return -22.14%.,"Model view: the forward return estimate was mildly positive at about 6.14%. Confidence was not explicitly available for this prediction. Technical state is soft, with price below the 50-day and 200-day averages. RSI is weak near 36.7. MACD remains on the bullish side. Volatility is elevated at roughly 60.0%. No recent matched news was found for this ticker/date. Relative strength versus the benchmark looked weak. 1-month excess return -18.03%; 3-month excess return -33.72%; 6-month excess return -22.14%."
2026-03-27,KSS,6.982342559354171,7.474384766365851,,hit,linear_regression,target_5d_return,"Technical state is soft, with price below the 50-day and 200-day averages. RSI is weak near 34.2. MACD remains on the bullish side. Volatility is elevated at roughly 57.9%.",No recent matched news was found for this ticker/date.,Relative strength versus the benchmark looked weak. 1-month excess return -20.55%; 3-month excess return -34.15%; 6-month excess return -18.47%.,"Model view: the forward return estimate was mildly positive at about 7.47%. Confidence was not explicitly available for this prediction. Technical state is soft, with price below the 50-day and 200-day averages. RSI is weak near 34.2. MACD remains on the bullish side. Volatility is elevated at roughly 57.9%. No recent matched news was found for this ticker/date. Relative strength versus the benchmark looked weak. 1-month excess return -20.55%; 3-month excess return -34.15%; 6-month excess return -18.47%."
2026-03-30,KSS,5.737703444335551,8.760239561892767,,hit,linear_regression,target_5d_return,"Technical state is soft, with price below the 50-day and 200-day averages. RSI is weak near 32.8. MACD remains on the bullish side. Volatility is elevated at roughly 55.9%.",No recent matched news was found for this ticker/date.,Relative strength versus the benchmark looked weak. 1-month excess return -17.53%; 3-month excess return -34.95%; 6-month excess return -20.04%.,"Model view: the forward return estimate was mildly positive at about 8.76%. Confidence was not explicitly available for this prediction. Technical state is soft, with price below the 50-day and 200-day averages. RSI is weak near 32.8. MACD remains on the bullish side. Volatility is elevated at roughly 55.9%. No recent matched news was found for this ticker/date. Relative strength versus the benchmark looked weak. 1-month excess return -17.53%; 3-month excess return -34.95%; 6-month excess return -20.04%."
2026-03-31,KSS,4.728687041783508,7.665712911106304,,hit,linear_regression,target_5d_return,"Technical state is soft, with price below the 50-day and 200-day averages. RSI is weak near 39.8. MACD remains on the bullish side. Volatility is elevated at roughly 61.0%.",No recent matched news was found for this ticker/date.,Relative strength versus the benchmark looked weak. 1-month excess return -11.32%; 3-month excess return -32.65%; 6-month excess return -14.06%.,"Model view: the forward return estimate was mildly positive at about 7.67%. Confidence was not explicitly available for this prediction. Technical state is soft, with price below the 50-day and 200-day averages. RSI is weak near 39.8. MACD remains on the bullish side. Volatility is elevated at roughly 61.0%. No recent matched news was found for this ticker/date. Relative strength versus the benchmark looked weak. 1-month excess return -11.32%; 3-month excess return -32.65%; 6-month excess return -14.06%."
2026-04-01,KSS,6.366457201385001,8.837111528394466,,hit,linear_regression,target_5d_return,"Technical state is soft, with price below the 50-day and 200-day averages. RSI is weak near 39.7. MACD remains on the bullish side. Volatility is elevated at roughly 61.1%.",No recent matched news was found for this ticker/date.,Relative strength versus the benchmark looked weak. 1-month excess return -12.51%; 3-month excess return -32.05%; 6-month excess return -14.55%.,"Model view: the forward return estimate was mildly positive at about 8.84%. Confidence was not explicitly available for this prediction. Technical state is soft, with price below the 50-day and 200-day averages. RSI is weak near 39.7. MACD remains on the bullish side. Volatility is elevated at roughly 61.1%. No recent matched news was found for this ticker/date. Relative strength versus the benchmark looked weak. 1-month excess return -12.51%; 3-month excess return -32.05%; 6-month excess return -14.55%."
2026-04-02,KSS,3.58814390871387,9.926393205509548,,hit,linear_regression,target_5d_return,"Technical state is soft, with price below the 50-day and 200-day averages. RSI is weak near 39.3. MACD remains on the bullish side. Volatility is elevated at roughly 59.8%.",No recent matched news was found for this ticker/date.,Relative strength versus the benchmark looked weak. 1-month excess return -11.84%; 3-month excess return -33.34%; 6-month excess return -17.08%.,"Model view: the forward return estimate was mildly positive at about 9.93%. Confidence was not explicitly available for this prediction. Technical state is soft, with price below the 50-day and 200-day averages. RSI is weak near 39.3. MACD remains on the bullish side. Volatility is elevated at roughly 59.8%. No recent matched news was found for this ticker/date. Relative strength versus the benchmark looked weak. 1-month excess return -11.84%; 3-month excess return -33.34%; 6-month excess return -17.08%."
2026-04-06,KSS,0.9752446750560528,7.275728717645101,,hit,linear_regression,target_5d_return,"Technical state is soft, with price below the 50-day and 200-day averages. MACD remains on the bullish side. Volatility is elevated at roughly 61.4%.",No recent matched news was found for this ticker/date.,Relative strength versus the benchmark looked weak. 1-month excess return -11.56%; 3-month excess return -33.93%; 6-month excess return -17.31%.,"Model view: the forward return estimate was mildly positive at about 7.28%. Confidence was not explicitly available for this prediction. Technical state is soft, with price below the 50-day and 200-day averages. MACD remains on the bullish side. Volatility is elevated at roughly 61.4%. No recent matched news was found for this ticker/date. Relative strength versus the benchmark looked weak. 1-month excess return -11.56%; 3-month excess return -33.93%; 6-month excess return -17.31%."
2026-04-07,KSS,5.581397583877146,12.187782394924731,,hit,linear_regression,target_5d_return,"Technical state is soft, with price below the 50-day and 200-day averages. MACD remains on the bullish side. Volatility is elevated at roughly 61.9%.","Recent news tone was fairly balanced, based on 1 article(s) from same-day matches; positive ratio 0%; negative ratio 0%.",Relative strength versus the benchmark looked weak. 1-month excess return -12.68%; 3-month excess return -35.51%; 6-month excess return -22.21%.,"Model view: the forward return estimate was mildly positive at about 12.19%. Confidence was not explicitly available for this prediction. Technical state is soft, with price below the 50-day and 200-day averages. MACD remains on the bullish side. Volatility is elevated at roughly 61.9%. Recent news tone was fairly balanced, based on 1 article(s) from same-day matches; positive ratio 0%; negative ratio 0%. Relative strength versus the benchmark looked weak. 1-month excess return -12.68%; 3-month excess return -35.51%; 6-month excess return -22.21%."
2026-04-08,KSS,5.847519973864657,10.655191321077261,,hit,linear_regression,target_5d_return,"Technical state is soft, with price below the 50-day and 200-day averages. MACD remains on the bullish side. Volatility is elevated at roughly 64.6%.","Recent news tone was fairly balanced, based on 1 article(s) from the recent 7-day window; positive ratio 0%; negative ratio 0%.",Relative strength versus the benchmark looked weak. 1-month excess return -8.32%; 3-month excess return -36.56%; 6-month excess return -18.81%.,"Model view: the forward return estimate was mildly positive at about 10.66%. Confidence was not explicitly available for this prediction. Technical state is soft, with price below the 50-day and 200-day averages. MACD remains on the bullish side. Volatility is elevated at roughly 64.6%. Recent news tone was fairly balanced, based on 1 article(s) from the recent 7-day window; positive ratio 0%; negative ratio 0%. Relative strength versus the benchmark looked weak. 1-month excess return -8.32%; 3-month excess return -36.56%; 6-month excess return -18.81%."
2026-04-09,KSS,4.59854104534263,12.64581859975339,,hit,linear_regression,target_5d_return,"Technical state is soft, with price below the 50-day and 200-day averages. MACD remains on the bullish side. Volatility is elevated at roughly 62.0%.","Recent news tone was mildly negative, based on 3 article(s) from same-day matches; positive ratio 0%; negative ratio 33%.",Relative strength versus the benchmark looked weak. 1-month excess return -6.41%; 3-month excess return -32.21%; 6-month excess return -15.22%.,"Model view: the forward return estimate was mildly positive at about 12.65%. Confidence was not explicitly available for this prediction. Technical state is soft, with price below the 50-day and 200-day averages. MACD remains on the bullish side. Volatility is elevated at roughly 62.0%. Recent news tone was mildly negative, based on 3 article(s) from same-day matches; positive ratio 0%; negative ratio 33%. Relative strength versus the benchmark looked weak. 1-month excess return -6.41%; 3-month excess return -32.21%; 6-month excess return -15.22%."
2026-04-10,KSS,9.33735504311679,16.326047062898503,,hit,linear_regression,target_5d_return,"Technical state is soft, with price below the 50-day and 200-day averages. MACD remains on the bullish side. Volatility is elevated at roughly 61.4%.","Recent news tone was mildly negative, based on 4 article(s) from the recent 7-day window; positive ratio 0%; negative ratio 25%.",Relative strength versus the benchmark looked weak. 1-month excess return -4.11%; 3-month excess return -37.48%; 6-month excess return -16.52%.,"Model view: the forward return estimate was mildly positive at about 16.33%. Confidence was not explicitly available for this prediction. Technical state is soft, with price below the 50-day and 200-day averages. MACD remains on the bullish side. Volatility is elevated at roughly 61.4%. Recent news tone was mildly negative, based on 4 article(s) from the recent 7-day window; positive ratio 0%; negative ratio 25%. Relative strength versus the benchmark looked weak. 1-month excess return -4.11%; 3-month excess return -37.48%; 6-month excess return -16.52%."
2026-04-13,KSS,8.543830722667622,11.17846166442029,,hit,linear_regression,target_5d_return,"Technical state is soft, with price below the 50-day and 200-day averages. MACD remains on the bullish side. Volatility is elevated at roughly 61.5%.","Recent news tone was mildly negative, based on 4 article(s) from the recent 7-day window; positive ratio 0%; negative ratio 25%.",Relative strength versus the benchmark looked weak. 1-month excess return -1.54%; 3-month excess return -33.28%; 6-month excess return -14.06%.,"Model view: the forward return estimate was mildly positive at about 11.18%. Confidence was not explicitly available for this prediction. Technical state is soft, with price below the 50-day and 200-day averages. MACD remains on the bullish side. Volatility is elevated at roughly 61.5%. Recent news tone was mildly negative, based on 4 article(s) from the recent 7-day window; positive ratio 0%; negative ratio 25%. Relative strength versus the benchmark looked weak. 1-month excess return -1.54%; 3-month excess return -33.28%; 6-month excess return -14.06%."
